time|simcarPos|simcarHeading|simcarFracIndex|simcarSpeed|simcarRoadIndex|eyeLocationX|eyeLocationY|nearPoint|farPoint|carPoint|steerAngle|accelerator|brake|autocarPos|autocarHeading|autocarFracIndex|autocarSpeed|currentspeed|imaginedSpeedlimit|lanepos|followedLane|visAttention|turning|block|signVis
0.00|(101.44,.00)|(1.00,-.00)|100.44401667005414|9.2296718439957|100|0|0|(111.44,.00)|(138.36,.00)|(121.00,.00)|0.00|0.00|0.00|(121.44,.00)|(1.00,.00)|120.44401667005414|9.2296718439957|0|null|2.50011965782012|0|null|false|0|false
0.05|(101.88,.00)|(1.00,-.00)|100.88325433227538|9.13408211256151|100|0|0|(111.88,.00)|(138.42,.00)|(121.44,.00)|0.00|0.00|0.00|(121.88,.00)|(1.00,.00)|120.88325433227538|9.13408211256151|0|null|2.5002496613003835|0|null|false|0|false
0.10|(102.32,.00)|(1.00,.00)|101.317716307145|9.038543370306952|101|0|0|(112.32,.00)|(138.47,.00)|(121.88,.00)|0.00|0.00|0.00|(122.32,.00)|(1.00,.00)|121.317716307145|9.038543370306952|0|null|2.5002992680316796|0|null|false|0|false
0.15|(102.75,.00)|(1.00,.00)|101.74740490659866|8.943056123156225|101|0|0|(112.75,.00)|(138.52,.00)|(122.32,.00)|0.00|0.00|0.00|(122.75,.00)|(1.00,.00)|121.74740490659866|8.943056123156225|0|null|2.500507050957787|0|null|false|0|false
0.20|(103.17,.00)|(1.00,.00)|102.17232440328395|8.84762089952383|102|0|0|(113.17,.00)|(138.56,.00)|(122.75,.00)|0.00|0.00|0.00|(123.17,.00)|(1.00,.00)|122.17232440328395|8.84762089952383|0|null|2.500668025158263|0|null|false|0|false
0.25|(103.59,.00)|(1.00,.00)|102.59247566447885|8.752238251247398|102|0|0|(113.59,.00)|(138.60,.00)|(123.17,.00)|0.00|0.00|0.00|(123.59,.00)|(1.00,.00)|122.59247566447885|8.752238251247398|0|null|2.5008642829748498|0|null|false|0|false
0.30|(104.01,.00)|(1.00,.00)|103.0128810976361|8.684242679962217|103|0|0|(114.01,.00)|(138.75,.00)|(123.59,.00)|0.00|0.05|0.00|(124.01,.00)|(1.00,.00)|123.0128810976361|8.684242679962217|0|null|2.501138159171953|0|null|false|0|false
0.35|(104.43,.01)|(1.00,.00)|103.42993018560368|8.616494491530933|103|0|0|(114.43,.00)|(138.90,.00)|(124.01,.00)|0.00|0.05|0.00|(124.43,.00)|(1.00,.00)|123.42993018560368|8.616494491530933|0|null|2.5013675249474523|0|null|false|0|false
0.40|(104.84,.01)|(1.00,.00)|103.84363428650433|8.54899630721044|103|0|0|(114.84,.00)|(139.04,.00)|(124.43,.00)|0.00|0.05|0.00|(124.84,.00)|(1.00,.00)|123.84363428650433|8.54899630721044|0|null|2.5016885806511806|0|null|false|0|false
0.45|(105.25,.01)|(1.00,.00)|104.25400764167564|8.481750783095094|104|0|0|(115.25,.00)|(139.18,.00)|(124.84,.00)|0.00|0.05|0.00|(125.25,.00)|(1.00,.00)|124.25400764167564|8.481750783095094|0|null|2.5019939918165783|0|null|false|0|false
0.50|(105.66,.01)|(1.00,.00)|104.66106257247166|8.41476061027845|104|0|0|(115.66,.00)|(139.32,.00)|(125.25,.00)|0.00|0.05|0.00|(125.66,.00)|(1.00,.00)|124.66106257247166|8.41476061027845|0|null|2.502329103504139|0|null|false|0|false
0.55|(106.06,.01)|(1.00,.00)|105.06481181897618|8.348028514996795|105|0|0|(116.06,.00)|(139.46,.00)|(125.66,.00)|0.00|0.05|0.00|(126.06,.00)|(1.00,.00)|125.06481181897618|8.348028514996795|0|null|2.50270880629566|0|null|false|0|false
0.60|(106.47,.01)|(1.00,.00)|105.47147122977117|8.315804627182846|105|0|0|(116.47,.00)|(139.73,.00)|(126.06,.00)|0.00|0.12|0.00|(126.47,.00)|(1.00,.00)|125.47147122977117|8.315804627182846|0|null|2.5030658654512177|0|null|false|0|false
0.65|(106.88,.01)|(1.00,.00)|105.87656383551808|8.283836864341701|105|0|0|(116.88,.00)|(140.01,.00)|(126.47,.00)|0.00|0.12|0.00|(126.88,.00)|(1.00,.00)|125.87656383551808|8.283836864341701|0|null|2.503504581624089|0|null|false|0|false
0.70|(107.28,.01)|(1.00,.00)|106.28010444939683|8.252125040459427|106|0|0|(117.28,.00)|(140.29,.00)|(126.88,.00)|0.00|0.12|0.00|(127.28,.00)|(1.00,.00)|126.28010444939683|8.252125040459427|0|null|2.5039029884944224|0|null|false|0|false
0.75|(107.68,.02)|(1.00,.00)|106.6821043197418|8.220668947432614|106|0|0|(117.68,.00)|(140.56,.00)|(127.28,.00)|0.00|0.12|0.00|(127.68,.00)|(1.00,.00)|126.6821043197418|8.220668947432614|0|null|2.5043588367068663|0|null|false|0|false
0.80|(108.09,.02)|(1.00,.00)|107.08670117853227|8.212577526168742|107|0|0|(118.09,.00)|(140.94,.00)|(127.68,.00)|0.00|0.16|0.00|(128.09,.00)|(1.00,.00)|127.08670117853227|8.212577526168742|0|null|2.504817971247329|0|null|false|0|false
0.85|(108.49,.02)|(1.00,.00)|107.49090895253286|8.204574099697847|107|0|0|(118.49,.00)|(141.31,.00)|(128.09,.00)|0.00|0.16|0.00|(128.49,.00)|(1.00,.00)|127.49090895253286|8.204574099697847|0|null|2.505279457302819|0|null|false|0|false
0.90|(108.89,.02)|(1.00,.00)|107.89473102953785|8.196657872348041|107|0|0|(118.89,.00)|(141.68,.00)|(128.49,.00)|0.00|0.16|0.00|(128.89,.00)|(1.00,.00)|127.89473102953785|8.196657872348041|0|null|2.5057907172316956|0|null|false|0|false
0.95|(109.30,.02)|(1.00,.00)|108.29817324247786|8.188828052298451|108|0|0|(119.30,.00)|(142.05,.00)|(128.89,.00)|0.00|0.16|0.00|(129.30,.00)|(1.00,.00)|128.29817324247784|8.188828052298451|0|null|2.506261826960732|0|null|false|0|false
1.00|(109.70,.02)|(1.00,.00)|108.70123814350356|8.181083851630108|108|0|0|(119.70,.00)|(142.43,.00)|(129.30,.00)|0.00|0.16|0.00|(129.70,.00)|(1.00,.00)|128.70123814350356|8.181083851630108|0|null|2.5067966074684|0|null|false|0|false
1.05|(110.10,.03)|(1.00,.00)|109.10393160858811|8.173424486375204|109|0|0|(120.10,.00)|(142.80,.00)|(129.70,.00)|0.00|0.16|0.00|(130.10,.00)|(1.00,.00)|129.1039316085881|8.173424486375204|0|null|2.5072968515430207|0|null|false|0|false
1.10|(110.51,.03)|(1.00,.00)|109.50625654162545|8.16584917656479|109|0|0|(120.51,.00)|(143.17,.00)|(130.10,.00)|0.00|0.16|0.00|(130.51,.00)|(1.00,.00)|129.50625654162545|8.16584917656479|0|null|2.507828923634362|0|null|false|0|false
1.15|(110.91,.03)|(1.00,.00)|109.90821731139005|8.15835714627486|109|0|0|(120.91,.00)|(143.54,.00)|(130.51,.00)|0.00|0.16|0.00|(130.91,.00)|(1.00,.00)|129.90821731139005|8.15835714627486|0|null|2.508367697511135|0|null|false|0|false
1.20|(111.31,.03)|(1.00,.00)|110.30981829356918|8.150947623670907|110|0|0|(121.31,.00)|(143.91,.00)|(130.91,.00)|0.00|0.16|0.00|(131.31,.00)|(1.00,.00)|130.30981829356918|8.150947623670907|0|null|2.5088898715075096|0|null|false|0|false
1.25|(111.71,.03)|(1.00,.00)|110.71106234938843|8.143619841050892|110|0|0|(121.71,.00)|(144.29,.00)|(131.31,.00)|0.00|0.16|0.00|(131.71,.00)|(1.00,.00)|130.71106234938844|8.143619841050892|0|null|2.5094577721423157|0|null|false|0|false
1.30|(112.11,.04)|(1.00,.00)|111.11195516740811|8.136373034886681|111|0|0|(122.11,.00)|(144.66,.00)|(131.71,.00)|0.00|0.16|0.00|(132.11,.00)|(1.00,.00)|131.1119551674081|8.136373034886681|0|null|2.5099824982106504|0|null|false|0|false
1.35|(112.51,.04)|(1.00,.00)|111.51249897999249|8.129206445863948|111|0|0|(122.51,.00)|(145.03,.00)|(132.11,.00)|0.00|0.16|0.00|(132.51,.00)|(1.00,.00)|131.51249897999247|8.129206445863948|0|null|2.5105587221389913|0|null|false|0|false
1.40|(112.91,.04)|(1.00,.01)|111.91269922511002|8.122119318920568|111|0|0|(122.91,.00)|(145.40,.00)|(132.51,.00)|0.00|0.16|0.00|(132.91,.00)|(1.00,.00)|131.91269922511003|8.122119318920568|0|null|2.511105198122513|0|null|false|0|false
1.45|(113.31,.04)|(1.00,.01)|112.3125587000332|8.115110903283492|112|0|0|(123.31,.00)|(145.77,.00)|(132.91,.00)|0.00|0.16|0.00|(133.31,.00)|(1.00,.00)|132.3125587000332|8.115110903283492|0|null|2.511673075406307|0|null|false|0|false
1.50|(113.71,.04)|(1.00,.01)|112.71208128656848|8.108180452504149|112|0|0|(123.71,.00)|(146.14,.00)|(133.31,.00)|0.00|0.16|0.00|(133.71,.00)|(1.00,.00)|132.7120812865685|8.108180452504149|0|null|2.5122520399400283|0|null|false|0|false
1.55|(114.11,.05)|(1.00,.01)|113.11127135469343|8.101327224492353|113|0|0|(124.11,.00)|(146.52,.00)|(133.71,.00)|0.00|0.16|0.00|(134.11,.00)|(1.00,.00)|133.11127135469343|8.101327224492353|0|null|2.51281069471849|0|null|false|0|false
1.60|(114.51,.05)|(1.00,.01)|113.51013121245637|8.094550481548772|113|0|0|(124.51,.00)|(146.89,.00)|(134.11,.00)|0.00|0.16|0.00|(134.51,.00)|(1.00,.00)|133.51013121245637|8.094550481548772|0|null|2.5134175431548096|0|null|false|0|false
1.65|(114.91,.05)|(1.00,.01)|113.90866657031415|8.087849490395934|113|0|0|(124.91,.00)|(147.26,.00)|(134.51,.00)|0.00|0.16|0.00|(134.91,.00)|(1.00,.00)|133.90866657031415|8.087849490395934|0|null|2.5139821873220565|0|null|false|0|false
1.70|(115.33,.05)|(1.00,.01)|114.32504226479193|8.186180493042928|114|0|0|(125.33,.00)|(148.07,.00)|(134.91,.00)|0.00|0.36|0.00|(135.33,.00)|(1.00,.00)|134.32504226479193|8.186180493042928|0|null|2.5146333614812075|0|null|false|0|false
1.75|(115.75,.06)|(1.00,.01)|114.74595030443118|8.282219845320647|114|0|0|(125.75,.00)|(148.87,.00)|(135.33,.00)|0.00|0.36|0.00|(135.75,.00)|(1.00,.00)|134.74595030443118|8.282219845320647|0|null|2.515263650149236|0|null|false|0|false
1.80|(116.17,.06)|(1.00,.01)|115.17129159213333|8.376070532501547|115|0|0|(126.17,.00)|(149.68,.00)|(135.75,.00)|0.00|0.36|0.00|(136.17,.00)|(1.00,.00)|135.17129159213334|8.376070532501547|0|null|2.5159205626084593|0|null|false|0|false
1.85|(116.60,.06)|(1.00,.01)|115.60097196400514|8.467828213349186|115|0|0|(126.60,.00)|(150.47,.00)|(136.17,.00)|0.00|0.36|0.00|(136.60,.00)|(1.00,.00)|135.60097196400514|8.467828213349186|0|null|2.516610550967553|0|null|false|0|false
1.90|(117.03,.06)|(1.00,.01)|116.03490217277239|8.55758192918875|116|0|0|(127.03,.00)|(151.27,.00)|(136.60,.00)|0.00|0.36|0.00|(137.03,.00)|(1.00,.00)|136.03490217277238|8.55758192918875|0|null|2.517296921466352|0|null|false|0|false
1.95|(117.47,.07)|(1.00,.01)|116.47299459435153|8.645414727101155|116|0|0|(127.47,.00)|(152.05,.00)|(137.03,.00)|0.00|0.36|0.00|(137.47,.00)|(1.00,.00)|136.47299459435152|8.645414727101155|0|null|2.5180207578630656|0|null|false|0|false
2.00|(117.92,.07)|(1.00,.01)|116.91516633143839|8.731404209623571|116|0|0|(127.92,.00)|(152.84,.00)|(137.47,.00)|0.00|0.36|0.00|(137.92,.00)|(1.00,.00)|136.9151663314384|8.731404209623571|0|null|2.5187611230210254|0|null|false|0|false
2.05|(118.37,.07)|(1.00,.01)|117.36771204179864|8.853315420465758|117|0|0|(128.37,.00)|(153.78,.00)|(137.92,.00)|0.00|0.43|0.00|(138.37,.00)|(1.00,.00)|137.36771204179865|8.853315420465758|0|null|2.5195292909447113|0|null|false|0|false
2.10|(118.83,.07)|(1.00,.01)|117.82586239502673|8.972280319179891|117|0|0|(128.83,.00)|(154.71,.00)|(138.37,.00)|0.00|0.43|0.00|(138.83,.00)|(1.00,.00)|137.82586239502672|8.972280319179891|0|null|2.5203303511526745|0|null|false|0|false
2.15|(119.29,.08)|(1.00,.01)|118.28949326378354|9.088442951447695|118|0|0|(129.29,.00)|(155.64,.00)|(138.83,.00)|0.00|0.43|0.00|(139.29,.00)|(1.00,.00)|138.28949326378353|9.088442951447695|0|null|2.5211541300704052|0|null|false|0|false
2.20|(119.76,.08)|(1.00,.01)|118.75848571996289|9.201936156773955|118|0|0|(129.76,.00)|(156.57,.00)|(139.29,.00)|0.00|0.43|0.00|(139.76,.00)|(1.00,.00)|138.7584857199629|9.201936156773955|0|null|2.5220023771365057|0|null|false|0|false
2.25|(120.23,.08)|(1.00,.01)|119.23272590680818|9.312882752166322|119|0|0|(130.23,.00)|(157.48,.00)|(139.76,.00)|0.00|0.43|0.00|(140.23,.00)|(1.00,.00)|139.23272590680818|9.312882752166322|0|null|2.52287807633419|0|null|false|0|false
2.30|(120.71,.09)|(1.00,.01)|119.71210488167344|9.421396559715305|119|0|0|(130.71,.00)|(158.40,.00)|(140.23,.00)|0.00|0.43|0.00|(140.71,.00)|(1.00,.00)|139.71210488167344|9.421396559715305|0|null|2.5237782143030634|0|null|false|0|false
2.35|(121.20,.09)|(1.00,.01)|120.19651809151692|9.527583302528766|120|0|0|(131.20,.00)|(159.31,.00)|(140.71,.00)|0.00|0.43|0.00|(141.20,.00)|(1.00,.00)|140.1965180915169|9.527583302528766|0|null|2.5247017906292797|0|null|false|0|false
2.40|(121.69,.09)|(1.00,.01)|120.68586511657452|9.631541389071366|120|0|0|(131.69,.00)|(160.21,.00)|(141.20,.00)|0.00|0.43|0.00|(141.69,.00)|(1.00,.00)|140.68586511657452|9.631541389071366|0|null|2.5256484920597178|0|null|false|0|false
2.45|(122.18,.10)|(1.00,.01)|121.18004946757674|9.733362602446213|121|0|0|(132.18,.00)|(161.11,.00)|(141.69,.00)|0.00|0.43|0.00|(142.18,.00)|(1.00,.00)|141.18004946757674|9.733362602446213|0|null|2.526616450960638|0|null|false|0|false
2.50|(122.68,.10)|(1.00,.01)|121.67897831368518|9.833132708334798|121|0|0|(132.68,.00)|(162.01,.00)|(142.18,.00)|0.00|0.43|0.00|(142.68,.00)|(1.00,.00)|141.67897831368518|9.833132708334798|0|null|2.5276034741724103|0|null|false|0|false
2.55|(123.18,.10)|(1.00,.01)|122.18256225253594|9.93093199303124|122|0|0|(133.18,.00)|(162.91,.00)|(142.68,.00)|0.00|0.43|0.00|(143.18,.00)|(1.00,.00)|142.18256225253594|9.93093199303124|0|null|2.5286074223792383|0|null|false|0|false
2.60|(123.69,.11)|(1.00,.01)|122.69071512065051|10.026835741153553|122|0|0|(133.69,.00)|(163.80,.00)|(143.18,.00)|0.00|0.43|0.00|(143.69,.00)|(1.00,.00)|142.6907151206505|10.026835741153553|0|null|2.5296257475906785|0|null|false|0|false
2.65|(124.20,.11)|(1.00,.01)|123.20335380787778|10.120914661099414|123|0|0|(134.20,.00)|(164.69,.00)|(143.69,.00)|0.00|0.43|0.00|(144.20,.00)|(1.00,.00)|143.20335380787776|10.120914661099414|0|null|2.530655482962494|0|null|false|0|false
2.70|(124.72,.12)|(1.00,.01)|123.72039808135159|10.213235265068736|123|0|0|(134.72,.00)|(165.57,.00)|(144.20,.00)|0.00|0.43|0.00|(144.72,.00)|(1.00,.00)|143.7203980813516|10.213235265068736|0|null|2.5316934241555074|0|null|false|0|false
2.75|(125.24,.12)|(1.00,.01)|124.24177042627309|10.30386020944682|124|0|0|(135.24,.00)|(166.46,.00)|(144.72,.00)|0.00|0.43|0.00|(145.24,.00)|(1.00,.00)|144.2417704262731|10.30386020944682|0|null|2.532736165312335|0|null|false|0|false
2.80|(125.77,.12)|(1.00,.01)|124.76739589936182|10.392848600488254|124|0|0|(135.77,.00)|(167.34,.00)|(145.24,.00)|0.00|0.43|0.00|(145.77,.00)|(1.00,.00)|144.76739589936182|10.392848600488254|0|null|2.533780095155232|0|null|false|0|false
2.85|(126.30,.13)|(1.00,.01)|125.29720199164971|10.480256269529994|125|0|0|(136.30,.00)|(168.22,.00)|(145.77,.00)|0.00|0.43|0.00|(146.30,.00)|(1.00,.00)|145.29720199164973|10.480256269529994|0|null|2.534821442956804|0|null|false|0|false
2.90|(126.83,.13)|(1.00,.01)|125.83111850053339|10.566136021366205|125|0|0|(136.83,.00)|(169.10,.00)|(146.30,.00)|0.00|0.43|0.00|(146.83,.00)|(1.00,.00)|145.8311185005334|10.566136021366205|0|null|2.535856343651502|0|null|false|0|false
2.95|(127.41,.13)|(1.00,.01)|126.40742359068075|10.882821307334465|126|0|0|(137.41,.00)|(170.94,.00)|(146.83,.00)|-0.03|1.00|0.00|(147.41,.00)|(1.00,.00)|146.40742359068076|10.882821307334465|0|null|2.5367986180650233|0|null|false|0|false
3.00|(128.00,.14)|(1.00,.01)|126.99776496348308|11.18787720548228|126|0|0|(138.00,.00)|(172.75,.00)|(147.41,.00)|-0.03|1.00|0.00|(148.00,.00)|(1.00,.00)|146.99776496348306|11.18787720548228|0|null|2.5376947393274305|0|null|false|0|false
3.05|(128.60,.14)|(1.00,.01)|127.601705026108|11.482312547053025|127|0|0|(138.60,.00)|(174.53,.00)|(148.00,.00)|-0.03|1.00|0.00|(148.60,.00)|(1.00,.00)|147.601705026108|11.482312547053025|0|null|2.538599588380908|0|null|false|0|false
3.10|(129.22,.14)|(1.00,.01)|128.21883808473822|11.766998069075344|128|0|0|(139.22,.00)|(176.29,.00)|(148.60,.00)|-0.03|1.00|0.00|(149.22,.00)|(1.00,.00)|148.21883808473822|11.766998069075344|0|null|2.539485047652926|0|null|false|0|false
3.15|(129.85,.15)|(1.00,.01)|128.8487880892445|12.042691534642149|128|0|0|(139.85,.00)|(178.02,.00)|(149.22,.00)|-0.05|1.00|0.00|(149.85,.00)|(1.00,.00)|148.8487880892445|12.042691534642149|0|null|2.540234442936227|0|null|false|0|false
3.20|(130.49,.15)|(1.00,.01)|129.4912021121894|12.310057263615592|129|0|0|(140.49,.00)|(179.73,.00)|(149.85,.00)|-0.05|1.00|0.00|(150.49,.00)|(1.00,.00)|149.4912021121894|12.310057263615592|0|null|2.54087453969653|0|null|false|0|false
3.25|(131.15,.15)|(1.00,.00)|130.1457504379849|12.569681523253315|130|0|0|(141.15,.00)|(181.42,.00)|(150.49,.00)|-0.05|1.00|0.00|(151.15,.00)|(1.00,.00)|150.1457504379849|12.569681523253315|0|null|2.541414609202547|0|null|false|0|false
3.30|(131.81,.15)|(1.00,.00)|130.81212358380384|12.82208480378966|130|0|0|(141.81,.00)|(183.10,.00)|(151.15,.00)|-0.05|1.00|0.00|(151.81,.00)|(1.00,.00)|150.81212358380384|12.82208480378966|0|null|2.5418491623605446|0|null|false|0|false
3.35|(132.49,.15)|(1.00,.00)|131.4900300422699|13.067731716844149|131|0|0|(142.49,.00)|(184.76,.00)|(151.81,.00)|-0.04|1.00|0.00|(152.49,.00)|(1.00,.00)|151.4900300422699|13.067731716844149|0|null|2.542219716503598|0|null|false|0|false
3.40|(133.18,.16)|(1.00,.00)|132.1791950608464|13.307039056396734|132|0|0|(143.18,.00)|(186.41,.00)|(152.49,.00)|-0.04|1.00|0.00|(153.18,.00)|(1.00,.00)|152.1791950608464|13.307039056396734|0|null|2.5424760567002798|0|null|false|0|false
3.45|(133.88,.16)|(1.00,.00)|132.87935861337843|13.540382422913638|132|0|0|(143.88,.00)|(188.04,.00)|(153.18,.00)|-0.04|1.00|0.00|(153.88,.00)|(1.00,.00)|152.87935861337843|13.540382422913638|0|null|2.5425971241230156|0|null|false|0|false
3.50|(134.59,.16)|(1.00,.00)|133.59027418522038|13.768101711885581|133|0|0|(144.59,.00)|(189.66,.00)|(153.88,.00)|-0.04|1.00|0.00|(154.59,.00)|(1.00,.00)|153.59027418522038|13.768101711885581|0|null|2.5425736325853907|0|null|false|0|false
3.55|(135.31,.16)|(1.00,.00)|134.31170772231505|13.9905056960998|134|0|0|(145.31,.00)|(191.27,.00)|(154.59,.00)|-0.04|1.00|0.00|(155.31,.00)|(1.00,.00)|154.31170772231505|13.9905056960998|0|null|2.5424033496662286|0|null|false|0|false
3.60|(136.04,.15)|(1.00,.00)|135.04343715360855|14.20787587815374|135|0|0|(146.04,.00)|(192.87,.00)|(155.31,.00)|-0.03|1.00|0.00|(156.04,.00)|(1.00,.00)|155.04343715360855|14.20787587815374|0|null|2.5421428491914897|0|null|false|0|false
3.65|(136.79,.15)|(1.00,-.00)|135.78525036509063|14.420469750463914|135|0|0|(146.79,.00)|(194.47,.00)|(156.04,.00)|-0.03|1.00|0.00|(156.79,.00)|(1.00,.00)|155.78525036509063|14.420469750463914|0|null|2.541754863978008|0|null|false|0|false
3.70|(137.54,.15)|(1.00,-.00)|136.53694511047235|14.628523570512224|136|0|0|(147.54,.00)|(196.05,.00)|(156.79,.00)|-0.03|1.00|0.00|(157.54,.00)|(1.00,.00)|156.53694511047235|14.628523570512224|0|null|2.54123244536856|0|null|false|0|false
3.75|(138.30,.15)|(1.00,-.00)|137.2983281638682|14.832254736650276|137|0|0|(148.30,.00)|(197.63,.00)|(157.54,.00)|-0.03|1.00|0.00|(158.30,.00)|(1.00,.00)|157.2983281638682|14.832254736650276|0|null|2.5405728749764434|0|null|false|0|false
3.80|(139.07,.15)|(1.00,-.00)|138.0692146857651|15.03186383257915|138|0|0|(149.07,.00)|(199.20,.00)|(158.30,.00)|-0.03|1.00|0.00|(159.07,.00)|(1.00,.00)|158.0692146857651|15.03186383257915|0|null|2.5397761912145285|0|null|false|0|false
3.85|(139.85,.14)|(1.00,-.00)|138.8494296176714|15.227536395302037|138|0|0|(149.85,.00)|(200.76,.00)|(159.07,.00)|-0.01|1.00|0.00|(159.85,.00)|(1.00,.00)|158.8494296176714|15.227536395302037|0|null|2.53897558798544|0|null|false|0|false
3.90|(140.64,.14)|(1.00,-.00)|139.6388021292596|15.419444450945608|139|0|0|(150.64,.00)|(202.32,.00)|(159.85,.00)|-0.01|1.00|0.00|(160.64,.00)|(1.00,.00)|159.6388021292596|15.419444450945608|0|null|2.5380832673861127|0|null|false|0|false
3.95|(141.44,.14)|(1.00,-.00)|140.43716923699952|15.6077478546587|140|0|0|(151.44,.00)|(203.87,.00)|(160.64,.00)|-0.01|1.00|0.00|(161.44,.00)|(1.00,.00)|160.43716923699952|15.6077478546587|0|null|2.5370892310431072|0|null|false|0|false
4.00|(142.24,.13)|(1.00,-.00)|141.24437430817767|15.792595464304043|141|0|0|(152.24,.00)|(205.41,.00)|(161.44,.00)|-0.01|1.00|0.00|(162.24,.00)|(1.00,.00)|161.24437430817767|15.792595464304043|0|null|2.5359906325977937|0|null|false|0|false
4.05|(143.06,.13)|(1.00,-.00)|142.06026666593598|15.97412617247374|142|0|0|(153.06,.00)|(206.96,.00)|(162.24,.00)|-0.01|1.00|0.00|(163.06,.00)|(1.00,.00)|162.06026666593598|15.97412617247374|0|null|2.534789801208259|0|null|false|0|false
4.10|(143.88,.12)|(1.00,-.01)|142.884701242633|16.152469817190983|142|0|0|(153.88,.00)|(208.49,.00)|(163.06,.00)|-0.01|1.00|0.00|(163.88,.00)|(1.00,.00)|162.884701242633|16.152469817190983|0|null|2.5334921325893833|0|null|false|0|false
4.15|(144.72,.12)|(1.00,-.01)|143.71753824690066|16.327747988288895|143|0|0|(154.72,.00)|(210.03,.00)|(163.88,.00)|-0.01|1.00|0.00|(164.72,.00)|(1.00,.00)|163.71753824690066|16.327747988288895|0|null|2.5321042762885773|0|null|false|0|false
4.20|(145.56,.11)|(1.00,-.01)|144.55864283940195|16.50007474371417|144|0|0|(155.56,.00)|(211.56,.00)|(164.72,.00)|-0.01|1.00|0.00|(165.56,.00)|(1.00,.00)|164.55864283940195|16.50007474371417|0|null|2.530632791449086|0|null|false|0|false
4.25|(146.41,.11)|(1.00,-.01)|145.40788482534106|16.66955724775861|145|0|0|(156.41,.00)|(213.09,.00)|(165.56,.00)|-0.01|1.00|0.00|(166.41,.00)|(1.00,.00)|165.40788482534106|16.66955724775861|0|null|2.529083282855188|0|null|false|0|false
4.30|(147.27,.10)|(1.00,-.01)|146.26513837173897|16.83629634137567|146|0|0|(157.27,.00)|(214.61,.00)|(166.41,.00)|-0.01|1.00|0.00|(167.27,.00)|(1.00,.00)|166.26513837173897|16.83629634137567|0|null|2.5274599448843165|0|null|false|0|false
4.35|(148.13,.09)|(1.00,-.01)|147.13028175245006|17.000387053213075|147|0|0|(158.13,.00)|(216.13,.00)|(167.27,.00)|-0.01|1.00|0.00|(168.13,.00)|(1.00,.00)|167.13028175245006|17.000387053213075|0|null|2.5257654093978603|0|null|false|0|false
4.40|(149.00,.09)|(1.00,-.01)|148.0031971192898|17.16191905872529|148|0|0|(159.00,.00)|(217.65,.00)|(168.13,.00)|-0.01|1.00|0.00|(169.00,.00)|(1.00,.00)|168.0031971192898|17.16191905872529|0|null|2.524000793796849|0|null|false|0|false
4.45|(149.88,.08)|(1.00,-.01)|148.8837702953436|17.320977093672262|148|0|0|(159.88,.00)|(219.17,.00)|(169.00,.00)|-0.01|1.00|0.00|(169.88,.00)|(1.00,.00)|168.8837702953436|17.320977093672262|0|null|2.52216586188243|0|null|false|0|false
4.50|(150.77,.07)|(1.00,-.01)|149.7718905862526|17.477641327424926|149|0|0|(160.77,.00)|(220.68,.00)|(169.88,.00)|-0.01|1.00|0.00|(170.77,.00)|(1.00,.00)|169.7718905862526|17.477641327424926|0|null|2.5202592324205244|0|null|false|0|false
4.55|(151.67,.07)|(1.00,-.01)|150.6674506060691|17.631987700752696|150|0|0|(161.67,.00)|(222.20,.00)|(170.77,.00)|-0.01|1.00|0.00|(171.67,.00)|(1.00,.00)|170.6674506060691|17.631987700752696|0|null|2.5182785922666|0|null|false|0|false
4.60|(152.57,.06)|(1.00,-.01)|151.57034611532077|17.784088232138558|151|0|0|(162.57,.00)|(223.71,.00)|(171.67,.00)|-0.01|1.00|0.00|(172.57,.00)|(1.00,.00)|171.57034611532077|17.784088232138558|0|null|2.5162208894558553|0|null|false|0|false
4.65|(153.48,.05)|(1.00,-.01)|152.48047586978177|17.93401129613391|152|0|0|(163.48,.00)|(225.22,.00)|(172.57,.00)|-0.01|1.00|0.00|(173.48,.00)|(1.00,.00)|172.48047586978177|17.93401129613391|0|null|2.514082495687983|0|null|false|0|false
4.70|(154.40,.04)|(1.00,-.01)|153.3977414789942|18.081821876810967|153|0|0|(164.40,.00)|(226.73,.00)|(173.48,.00)|-0.01|1.00|0.00|(174.40,.00)|(1.00,.00)|173.3977414789942|18.081821876810967|0|null|2.511859337182462|0|null|false|0|false
4.75|(155.32,.04)|(1.00,-.01)|154.32205781290867|18.227581798983252|154|0|0|(165.32,.00)|(228.23,.00)|(174.40,.00)|0.04|1.00|0.00|(175.32,.00)|(1.00,.00)|174.32205781290867|18.227581798983252|0|null|2.509935741761752|0|null|false|0|false
4.80|(156.25,.03)|(1.00,-.01)|155.25332493985118|18.371349939532415|155|0|0|(166.25,.00)|(229.74,.00)|(175.32,.00)|0.04|1.00|0.00|(176.25,.00)|(1.00,.00)|175.25332493985118|18.371349939532415|0|null|2.5080437487271854|0|null|false|0|false
4.85|(157.19,.02)|(1.00,-.01)|156.19145238699795|18.51318242089452|156|0|0|(167.19,.00)|(231.24,.00)|(176.25,.00)|0.04|1.00|0.00|(177.19,.00)|(1.00,.00)|176.19145238699795|18.51318242089452|0|null|2.506165531564931|0|null|false|0|false
4.90|(158.14,.02)|(1.00,-.01)|157.13635215767445|18.65313278851306|157|0|0|(168.14,.00)|(232.75,.00)|(177.19,.00)|0.04|1.00|0.00|(178.14,.00)|(1.00,.00)|177.13635215767445|18.65313278851306|0|null|2.5042892291525956|0|null|false|0|false
4.95|(159.09,.01)|(1.00,-.01)|158.08793854255325|18.791252173853444|158|0|0|(169.09,.00)|(234.25,.00)|(178.14,.00)|0.04|1.00|0.00|(179.09,.00)|(1.00,.00)|178.08793854255325|18.791252173853444|0|null|2.502408275387193|0|null|false|0|false
5.00|(160.05,.00)|(1.00,-.01)|159.04612800855983|18.9275894443896|159|0|0|(170.05,.00)|(235.76,.00)|(179.09,.00)|0.04|1.00|0.00|(180.05,.00)|(1.00,.00)|179.04612800855983|18.9275894443896|0|null|2.5005204570975574|0|null|false|0|false
5.05|(161.01,-.01)|(1.00,-.01)|160.0108391292078|19.0621913418132|160|0|0|(171.01,.00)|(237.26,.00)|(180.05,.00)|0.04|1.00|0.00|(181.01,.00)|(1.00,.00)|180.0108391292078|19.0621913418132|0|null|2.4986268787057244|0|null|false|0|false
5.10|(161.98,-.01)|(1.00,-.01)|160.98199252691265|19.19510260957664|160|0|0|(171.98,.00)|(238.76,.00)|(181.01,.00)|0.04|1.00|0.00|(181.98,.00)|(1.00,.00)|180.98199252691265|19.19510260957664|0|null|2.4967309626860343|0|null|false|0|false
5.15|(162.96,-.02)|(1.00,-.01)|161.9595108100611|19.32636611075908|161|0|0|(172.96,.00)|(240.26,.00)|(181.98,.00)|0.04|1.00|0.00|(182.96,.00)|(1.00,.00)|181.9595108100611|19.32636611075908|0|null|2.494837570126735|0|null|false|0|false
5.20|(163.94,-.03)|(1.00,-.01)|162.94331849898418|19.45602293713809|162|0|0|(173.94,.00)|(241.77,.00)|(182.96,.00)|0.04|1.00|0.00|(183.94,.00)|(1.00,.00)|182.94331849898418|19.45602293713809|0|null|2.492952288182458|0|null|false|0|false
5.25|(164.93,-.03)|(1.00,-.01)|163.93334194266626|19.584112510256087|163|0|0|(174.93,.00)|(243.27,.00)|(183.94,.00)|0.04|1.00|0.00|(184.93,.00)|(1.00,.00)|183.93334194266626|19.584112510256087|0|null|2.4910809018086257|0|null|false|0|false
5.30|(165.93,-.04)|(1.00,-.01)|164.92950923162718|19.71067267518809|164|0|0|(175.93,.00)|(244.77,.00)|(184.93,.00)|0.04|1.00|0.00|(185.93,.00)|(1.00,.00)|184.92950923162718|19.71067267518809|0|null|2.4892290456942057|0|null|false|0|false
5.35|(166.93,-.05)|(1.00,-.01)|165.9317501128562|19.835739787645032|165|0|0|(176.93,.00)|(246.27,.00)|(185.93,.00)|0.04|1.00|0.00|(186.93,.00)|(1.00,.00)|185.9317501128562|19.835739787645032|0|null|2.4874020179170766|0|null|false|0|false
5.40|(167.94,-.05)|(1.00,-.01)|166.9399959112625|19.95934879498264|166|0|0|(177.94,.00)|(247.78,.00)|(186.93,.00)|0.04|1.00|0.00|(187.94,.00)|(1.00,.00)|186.9399959112625|19.95934879498264|0|null|2.485604728377515|0|null|false|0|false
5.45|(168.95,-.06)|(1.00,-.01)|167.95417946001302|20.08153331162908|167|0|0|(178.95,.00)|(249.28,.00)|(187.94,.00)|0.04|1.00|0.00|(188.95,.00)|(1.00,.00)|187.95417946001302|20.08153331162908|0|null|2.4838417512677653|0|null|false|0|false
5.50|(169.97,-.07)|(1.00,-.01)|168.97423504015393|20.202325689394435|168|0|0|(179.97,.00)|(250.78,.00)|(188.95,.00)|0.04|1.00|0.00|(189.97,.00)|(1.00,.00)|188.97423504015393|20.202325689394435|0|null|2.4821174505083414|0|null|false|0|false
5.55|(171.00,-.07)|(1.00,-.01)|170.000098328472|20.32175708308012|170|0|0|(181.00,.00)|(252.29,.00)|(189.97,.00)|0.04|1.00|0.00|(191.00,.00)|(1.00,.00)|190.000098328472|20.32175708308012|0|null|2.480436149158936|0|null|false|0|false
5.60|(172.03,-.08)|(1.00,-.01)|171.03170635175275|20.439857511766792|171|0|0|(182.03,.00)|(253.79,.00)|(191.00,.00)|0.04|1.00|0.00|(192.03,.00)|(1.00,.00)|191.03170635175275|20.439857511766792|0|null|2.478802317401756|0|null|false|0|false
5.65|(173.07,-.08)|(1.00,-.01)|172.0689974453584|20.556655916123642|172|0|0|(183.07,.00)|(255.30,.00)|(192.03,.00)|0.04|1.00|0.00|(193.07,.00)|(1.00,.00)|192.0689974453584|20.556655916123642|0|null|2.477220758089431|0|null|false|0|false
5.70|(174.11,-.09)|(1.00,-.01)|173.11191121421655|20.672180212050243|173|0|0|(184.11,.00)|(256.80,.00)|(193.07,.00)|0.04|1.00|0.00|(194.11,.00)|(1.00,.00)|193.11191121421655|20.672180212050243|0|null|2.4756967735133393|0|null|false|0|false
5.75|(175.16,-.09)|(1.00,-.01)|174.1603884947068|20.786457340933953|174|0|0|(185.16,.00)|(258.31,.00)|(194.11,.00)|0.04|1.00|0.00|(195.16,.00)|(1.00,.00)|194.1603884947068|20.786457340933953|0|null|2.474236301599686|0|null|false|0|false
5.80|(176.21,-.10)|(1.00,-.01)|175.21437131641673|20.89951331678014|175|0|0|(186.21,.00)|(259.81,.00)|(195.16,.00)|0.04|1.00|0.00|(196.21,.00)|(1.00,.00)|195.21437131641673|20.89951331678014|0|null|2.4728460139267927|0|null|false|0|false
5.85|(177.27,-.10)|(1.00,-.01)|176.2738028632075|21.011373270449962|176|0|0|(187.27,.00)|(261.32,.00)|(196.21,.00)|0.04|1.00|0.00|(197.27,.00)|(1.00,.00)|196.2738028632075|21.011373270449962|0|null|2.4715333716274213|0|null|false|0|false
5.90|(178.34,-.11)|(1.00,-.00)|177.33862821144012|21.122061491219704|177|0|0|(188.34,.00)|(262.83,.00)|(197.27,.00)|0.10|1.00|0.00|(198.34,.00)|(1.00,.00)|197.33862821144012|21.122061491219704|0|null|2.470803364626505|0|null|false|0|false
5.95|(179.41,-.11)|(1.00,-.00)|178.4087912853604|21.231601465857327|178|0|0|(189.41,.00)|(264.34,.00)|(198.34,.00)|0.10|1.00|0.00|(199.41,.00)|(1.00,.00)|198.4087912853604|21.231601465857327|0|null|2.4703302091527095|0|null|false|0|false
6.00|(180.48,-.11)|(1.00,-.00)|179.484238011815|21.340015915395103|179|0|0|(190.48,.00)|(265.84,.00)|(199.41,.00)|0.10|1.00|0.00|(200.48,.00)|(1.00,.00)|199.484238011815|21.340015915395103|0|null|2.4701178009583296|0|null|false|0|false
6.05|(181.56,-.11)|(1.00,-.00)|180.5649153250716|21.447326829762318|180|0|0|(191.56,.00)|(267.35,.00)|(200.48,.00)|0.10|1.00|0.00|(201.56,.00)|(1.00,.00)|200.5649153250716|21.447326829762318|0|null|2.4701734108322344|0|null|false|0|false
6.10|(182.65,-.11)|(1.00,-.00)|181.65077103914223|21.553555500428235|181|0|0|(192.65,.00)|(268.86,.00)|(201.56,.00)|0.10|1.00|0.00|(202.65,.00)|(1.00,.00)|201.65077103914223|21.553555500428235|0|null|2.4705072944301496|0|null|false|0|false
6.15|(183.74,-.11)|(1.00,-.00)|182.74175374904075|21.658722551193385|182|0|0|(193.74,.00)|(270.38,.00)|(202.65,.00)|0.10|1.00|0.00|(203.74,.00)|(1.00,.00)|202.74175374904075|21.658722551193385|0|null|2.4711322070466206|0|null|false|0|false
6.20|(184.84,-.10)|(1.00,-.00)|183.83781275851544|21.762847967255915|183|0|0|(194.84,.00)|(271.89,.00)|(203.74,.00)|0.10|1.00|0.00|(204.84,.00)|(1.00,.00)|203.83781275851544|21.762847967255915|0|null|2.472062863472329|0|null|false|0|false
6.25|(185.94,-.10)|(1.00,.00)|184.93889803003535|21.865951122669685|184|0|0|(195.94,.00)|(273.40,.00)|(204.84,.00)|0.10|1.00|0.00|(205.94,.00)|(1.00,.00)|204.93889803003535|21.865951122669685|0|null|2.4733153772676686|0|null|false|0|false
6.30|(187.04,-.09)|(1.00,.00)|186.0449601524237|21.968050806301626|186|0|0|(197.04,.00)|(274.92,.00)|(205.94,.00)|0.10|1.00|0.00|(207.04,.00)|(1.00,.00)|206.0449601524237|21.968050806301626|0|null|2.4749067077061158|0|null|false|0|false
6.35|(188.16,-.08)|(1.00,.00)|187.15595032196063|22.069165246387303|187|0|0|(198.16,.00)|(276.43,.00)|(207.04,.00)|0.10|1.00|0.00|(208.16,.00)|(1.00,.00)|207.15595032196063|22.069165246387303|0|null|2.4768541366789774|0|null|false|0|false
6.40|(189.27,-.08)|(1.00,.00)|188.27182033355916|22.169312133776256|188|0|0|(199.27,.00)|(277.95,.00)|(208.16,.00)|0.10|1.00|0.00|(209.27,.00)|(1.00,.00)|208.27182033355916|22.169312133776256|0|null|2.479174792271455|0|null|false|0|false
6.45|(190.39,-.07)|(1.00,.00)|189.3925225794348|22.268508643951492|189|0|0|(200.39,.00)|(279.47,.00)|(209.27,.00)|0.10|1.00|0.00|(210.39,.00)|(1.00,.00)|209.3925225794348|22.268508643951492|0|null|2.4818852306882087|0|null|false|0|false
6.50|(191.52,-.05)|(1.00,.01)|190.51801005335633|22.36677145790126|190|0|0|(201.52,.00)|(280.99,.00)|(210.39,.00)|0.10|1.00|0.00|(211.52,.00)|(1.00,.00)|210.51801005335633|22.36677145790126|0|null|2.485001083817425|0|null|false|0|false
6.55|(192.65,-.04)|(1.00,.01)|191.6482363590158|22.46411678191543|191|0|0|(202.65,.00)|(282.50,.00)|(211.52,.00)|0.10|1.00|0.00|(212.65,.00)|(1.00,.00)|211.6482363590158|22.46411678191543|0|null|2.4885367760097172|0|null|false|0|false
6.60|(193.78,-.03)|(1.00,.01)|192.7831557212975|22.560560366373377|192|0|0|(203.78,.00)|(284.03,.00)|(212.65,.00)|0.10|1.00|0.00|(213.78,.00)|(1.00,.00)|212.7831557212975|22.560560366373377|0|null|2.4925053106019863|0|null|false|0|false
6.65|(194.92,-.01)|(1.00,.01)|193.92272299931065|22.65611752358555|193|0|0|(204.92,.00)|(285.55,.00)|(213.78,.00)|0.10|1.00|0.00|(214.92,.00)|(1.00,.00)|213.92272299931065|22.65611752358555|0|null|2.4969181242966187|0|null|false|0|false
6.70|(196.07,.01)|(1.00,.01)|195.0668937000475|22.750803144746293|195|0|0|(206.07,.00)|(287.07,.00)|(214.92,.00)|0.10|1.00|0.00|(216.07,.00)|(1.00,.00)|215.0668937000475|22.750803144746293|0|null|2.5017850056535034|0|null|false|0|false
6.75|(197.22,.03)|(1.00,.01)|196.21562399150037|22.84463171605146|196|0|0|(207.22,.00)|(288.59,.00)|(216.07,.00)|0.10|1.00|0.00|(217.22,.00)|(1.00,.00)|216.21562399150037|22.84463171605146|0|null|2.5071140725964742|0|null|false|0|false
6.80|(198.37,.05)|(1.00,.01)|197.3688707140677|22.937617334030584|197|0|0|(208.37,.00)|(290.12,.00)|(217.22,.00)|0.10|1.00|0.00|(218.37,.00)|(1.00,.00)|217.3688707140677|22.937617334030584|0|null|2.5129118029032265|0|null|false|0|false
6.85|(199.53,.07)|(1.00,.02)|198.5265913891299|23.0297737201399|198|0|0|(209.53,.00)|(291.65,.00)|(218.37,.00)|0.10|1.00|0.00|(219.53,.00)|(1.00,.00)|218.5265913891299|23.0297737201399|0|null|2.519183111066316|0|null|false|0|false
6.90|(200.69,.09)|(1.00,.02)|199.6887442237916|23.1211142346593|199|0|0|(210.69,.00)|(293.17,.00)|(219.53,.00)|0.10|1.00|0.00|(220.69,.00)|(1.00,.00)|219.6887442237916|23.1211142346593|0|null|2.5259314646149917|0|null|false|0|false
6.95|(201.86,.12)|(1.00,.02)|200.8552881109655|23.211651889933382|200|0|0|(211.86,.00)|(294.70,.00)|(220.69,.00)|0.10|1.00|0.00|(221.86,.00)|(1.00,.00)|220.8552881109655|23.211651889933382|0|null|2.533159032912949|0|null|false|0|false
7.00|(203.03,.15)|(1.00,.02)|202.02618262419838|23.301399362994104|202|0|0|(213.03,.00)|(296.23,.00)|(221.86,.00)|0.10|1.00|0.00|(223.03,.00)|(1.00,.00)|222.02618262419838|23.301399362994104|0|null|2.5408668615432806|0|null|false|0|false
7.05|(204.20,.18)|(1.00,.02)|203.20138800689466|23.390369007599865|203|0|0|(214.20,.00)|(297.76,.00)|(223.03,.00)|0.10|1.00|0.00|(224.20,.00)|(1.00,.00)|223.20138800689466|23.390369007599865|0|null|2.5490550656152946|0|null|false|0|false
7.10|(205.38,.21)|(1.00,.02)|204.38098729071177|23.4785728657238|204|0|0|(215.38,.00)|(299.30,.00)|(224.20,.00)|-0.06|1.00|0.00|(225.38,.00)|(1.00,.00)|224.38098729071177|23.4785728657238|0|null|2.5560938249234866|0|null|false|0|false
7.15|(206.56,.23)|(1.00,.02)|205.56487021174735|23.566022678521684|205|0|0|(216.56,.00)|(300.83,.00)|(225.38,.00)|-0.06|1.00|0.00|(226.56,.00)|(1.00,.00)|225.56487021174735|23.566022678521684|0|null|2.5630760927303764|0|null|false|0|false
7.20|(207.75,.26)|(1.00,.02)|206.75300196068332|23.652729896808015|206|0|0|(217.75,.00)|(302.36,.00)|(226.56,.00)|-0.06|1.00|0.00|(227.75,.00)|(1.00,.00)|226.75300196068332|23.652729896808015|0|null|2.5700064830879334|0|null|false|0|false
7.25|(208.95,.28)|(1.00,.02)|207.9453484686388|23.73870569106698|207|0|0|(218.95,.00)|(303.90,.00)|(227.75,.00)|-0.06|1.00|0.00|(228.95,.00)|(1.00,.00)|227.9453484686388|23.73870569106698|0|null|2.5768851808296422|0|null|false|0|false
7.30|(210.14,.31)|(1.00,.02)|209.14187622035706|23.823960961023275|209|0|0|(220.14,.00)|(305.44,.00)|(228.95,.00)|-0.06|1.00|0.00|(230.14,.00)|(1.00,.00)|229.14187622035706|23.823960961023275|0|null|2.5837086040995216|0|null|false|0|false
7.35|(211.34,.33)|(1.00,.02)|210.34258181001073|23.908506344796216|210|0|0|(221.34,.00)|(306.98,.00)|(230.14,.00)|-0.19|1.00|0.00|(231.34,.00)|(1.00,.00)|230.34258181001073|23.908506344796216|0|null|2.5891302640725264|0|null|false|0|false
7.40|(212.55,.34)|(1.00,.02)|211.54742512021227|23.992352227659147|211|0|0|(222.55,.00)|(308.52,.00)|(231.34,.00)|-0.19|1.00|0.00|(232.55,.00)|(1.00,.00)|231.54742512021227|23.992352227659147|0|null|2.5940403081925973|0|null|false|0|false
7.45|(213.76,.36)|(1.00,.02)|212.75637259933532|24.0755087504247|212|0|0|(223.76,.00)|(310.06,.00)|(232.55,.00)|-0.19|1.00|0.00|(233.76,.00)|(1.00,.00)|232.75637259933532|24.0755087504247|0|null|2.5984317230307976|0|null|false|0|false
7.50|(214.97,.37)|(1.00,.02)|213.96938621312512|24.15798581747527|213|0|0|(224.97,.00)|(311.60,.00)|(233.76,.00)|-0.22|1.00|0.00|(234.97,.00)|(1.00,.00)|233.96938621312512|24.15798581747527|0|null|2.6020212169309875|0|null|false|0|false
7.55|(216.19,.38)|(1.00,.02)|215.18643743355042|24.239793104456943|215|0|0|(226.19,.00)|(313.15,.00)|(234.97,.00)|-0.22|1.00|0.00|(236.19,.00)|(1.00,.00)|235.18643743355042|24.239793104456943|0|null|2.6049770720977983|0|null|false|0|false
7.60|(217.41,.39)|(1.00,.02)|216.40749106458557|24.32094006565388|216|0|0|(227.41,.00)|(314.69,.00)|(236.19,.00)|-0.22|1.00|0.00|(237.41,.00)|(1.00,.00)|236.40749106458557|24.32094006565388|0|null|2.607283366708863|0|null|false|0|false
7.65|(218.63,.40)|(1.00,.01)|217.63251142661127|24.401435941059287|217|0|0|(228.63,.00)|(316.24,.00)|(237.41,.00)|-0.22|1.00|0.00|(238.63,.00)|(1.00,.00)|237.63251142661127|24.401435941059287|0|null|2.608922219081643|0|null|false|0|false
7.70|(219.86,.40)|(1.00,.01)|218.86146242330693|24.481289763158102|218|0|0|(229.86,.00)|(317.79,.00)|(238.63,.00)|-0.22|1.00|0.00|(239.86,.00)|(1.00,.00)|238.86146242330693|24.481289763158102|0|null|2.609874635437431|0|null|false|0|false
7.75|(221.09,.40)|(1.00,.01)|220.09431065385857|24.560510363435583|220|0|0|(231.09,.00)|(319.34,.00)|(239.86,.00)|-0.21|1.00|0.00|(241.09,.00)|(1.00,.00)|240.09431065385857|24.560510363435583|0|null|2.610212153665852|0|null|false|0|false
7.80|(222.33,.40)|(1.00,.01)|221.33101718357457|24.63910637862527|221|0|0|(232.33,.00)|(320.89,.00)|(241.09,.00)|-0.21|1.00|0.00|(242.33,.00)|(1.00,.00)|241.33101718357457|24.63910637862527|0|null|2.609854800443799|0|null|false|0|false
7.85|(223.57,.40)|(1.00,.01)|222.57154578851078|24.586499776486363|222|0|0|(233.57,.00)|(321.92,.00)|(242.33,.00)|-0.21|1.00|0.00|(243.57,.00)|(1.00,.00)|242.57154578851078|24.586499776486363|0|null|2.608784239918246|0|null|false|0|false
7.90|(224.82,.39)|(1.00,.00)|223.81586036142582|24.586499776486363|223|0|0|(234.82,.00)|(323.16,.00)|(243.57,.00)|-0.21|1.00|0.00|(244.82,.00)|(1.00,.00)|243.81586036142582|24.586499776486363|0|null|2.6069835851475234|0|null|false|0|false
7.95|(226.06,.38)|(1.00,.00)|225.0639250147233|24.586499776486363|225|0|0|(236.06,.00)|(324.41,.00)|(244.82,.00)|-0.21|1.00|0.00|(246.06,.00)|(1.00,.00)|245.0639250147233|24.586499776486363|0|null|2.6044376976298387|0|null|false|0|false
8.00|(227.32,.37)|(1.00,-.00)|226.31570416472323|24.586499776486363|226|0|0|(237.32,.00)|(325.66,.00)|(246.06,.00)|-0.21|1.00|0.00|(247.32,.00)|(1.00,.00)|246.31570416472323|24.586499776486363|0|null|2.601133378652244|0|null|false|0|false
8.05|(228.57,.36)|(1.00,-.00)|227.57116259680612|24.586499776486363|227|0|0|(238.57,.00)|(326.92,.00)|(247.32,.00)|-0.21|1.00|0.00|(248.57,.00)|(1.00,.00)|247.57116259680612|24.586499776486363|0|null|2.5970594604387593|0|null|false|0|false
8.10|(229.83,.34)|(1.00,-.01)|228.83026551224012|24.586499776486363|228|0|0|(239.83,.00)|(328.18,.00)|(248.57,.00)|-0.21|1.00|0.00|(249.83,.00)|(1.00,.00)|248.83026551224012|24.586499776486363|0|null|2.592206806959756|0|null|false|0|false
8.15|(231.09,.32)|(1.00,-.01)|230.09297855819943|24.586499776486363|230|0|0|(241.09,.00)|(329.44,.00)|(249.83,.00)|-0.21|1.00|0.00|(251.09,.00)|(1.00,.00)|250.09297855819943|24.586499776486363|0|null|2.586568235602961|0|null|false|0|false
8.20|(232.36,.29)|(1.00,-.01)|231.35926784278402|24.586499776486363|231|0|0|(242.36,.00)|(330.71,.00)|(251.09,.00)|-0.21|1.00|0.00|(252.36,.00)|(1.00,.00)|251.35926784278402|24.586499776486363|0|null|2.580138371754405|0|null|false|0|false
8.25|(233.63,.27)|(1.00,-.01)|232.62909993689505|24.586499776486363|232|0|0|(243.63,.00)|(331.98,.00)|(252.36,.00)|-0.21|1.00|0.00|(253.63,.00)|(1.00,.00)|252.62909993689505|24.586499776486363|0|null|2.572913448752293|0|null|false|0|false
8.30|(234.90,.24)|(1.00,-.02)|233.90244186472918|24.586499776486363|233|0|0|(244.90,.00)|(333.25,.00)|(253.63,.00)|-0.21|1.00|0.00|(254.90,.00)|(1.00,.00)|253.90244186472918|24.586499776486363|0|null|2.5648910657152677|0|null|false|0|false
8.35|(236.18,.21)|(1.00,-.02)|235.17926108450789|24.586499776486363|235|0|0|(246.18,.00)|(334.53,.00)|(254.90,.00)|-0.21|1.00|0.00|(256.18,.00)|(1.00,.00)|255.17926108450789|24.586499776486363|0|null|2.556069915464602|0|null|false|0|false
8.40|(237.46,.17)|(1.00,-.02)|236.45952546091118|24.586499776486363|236|0|0|(247.46,.00)|(335.81,.00)|(256.18,.00)|-0.21|1.00|0.00|(257.46,.00)|(1.00,.00)|256.4595254609112|24.586499776486363|0|null|2.546449494210586|0|null|false|0|false
8.45|(238.74,.13)|(1.00,-.02)|237.74320323056807|24.586499776486363|237|0|0|(248.74,.00)|(337.09,.00)|(257.46,.00)|-0.21|1.00|0.00|(258.74,.00)|(1.00,.00)|257.74320323056804|24.586499776486363|0|null|2.5360298039066573|0|null|false|0|false
8.50|(240.03,.09)|(1.00,-.03)|239.03026296187716|24.586499776486363|239|0|0|(250.03,.00)|(338.38,.00)|(258.74,.00)|-0.21|1.00|0.00|(260.03,.00)|(1.00,.00)|259.03026296187716|24.586499776486363|0|null|2.5248110572364517|0|null|false|0|false
8.55|(241.32,.05)|(1.00,-.03)|240.3206735103897|24.586499776486363|240|0|0|(251.32,.00)|(339.67,.00)|(260.03,.00)|-0.21|1.00|0.00|(261.32,.00)|(1.00,.00)|260.3206735103897|24.586499776486363|0|null|2.5127933941311165|0|null|false|0|false
8.60|(242.61,-.00)|(1.00,-.03)|241.6144039709735|24.586499776486363|241|0|0|(252.61,.00)|(340.96,.00)|(261.32,.00)|-0.21|1.00|0.00|(262.61,.00)|(1.00,.00)|261.6144039709735|24.586499776486363|0|null|2.4999766175544638|0|null|false|0|false
8.65|(243.91,-.05)|(1.00,-.03)|242.91142362797757|24.586499776486363|242|0|0|(253.91,.00)|(342.26,.00)|(262.61,.00)|-0.21|1.00|0.00|(263.91,.00)|(1.00,.00)|262.91142362797757|24.586499776486363|0|null|2.486359955076007|0|null|false|0|false
8.70|(245.21,-.10)|(1.00,-.04)|244.2117019046211|24.586499776486363|244|0|0|(255.21,.00)|(343.56,.00)|(263.91,.00)|-0.21|1.00|0.00|(265.21,.00)|(1.00,.00)|264.2117019046211|24.586499776486363|0|null|2.471941851506499|0|null|false|0|false
8.75|(246.52,-.16)|(1.00,-.04)|245.51520831282832|24.586499776486363|245|0|0|(256.52,.00)|(344.86,.00)|(265.21,.00)|-0.21|1.00|0.00|(266.52,.00)|(1.00,.00)|265.51520831282835|24.586499776486363|0|null|2.4567197966239247|0|null|false|0|false
8.80|(247.82,-.22)|(1.00,-.04)|246.82191240471155|24.586499776486363|246|0|0|(257.82,.00)|(346.17,.00)|(266.52,.00)|-0.21|1.00|0.00|(267.82,.00)|(1.00,.00)|266.82191240471155|24.586499776486363|0|null|2.440690190793182|0|null|false|0|false
8.85|(249.13,-.28)|(1.00,-.04)|248.13178372686895|24.586499776486363|248|0|0|(259.13,.00)|(347.48,.00)|(267.82,.00)|-0.21|1.00|0.00|(269.13,.00)|(1.00,.00)|268.13178372686895|24.586499776486363|0|null|2.4238482501001912|0|null|false|0|false
8.90|(250.45,-.33)|(1.00,-.04)|249.44532051032652|24.586499776486363|249|0|0|(260.45,.00)|(348.79,.00)|(269.13,.00)|0.18|1.00|0.00|(270.45,.00)|(1.00,.00)|269.4453205103265|24.586499776486363|0|null|2.410577736125986|0|null|false|0|false
8.95|(251.76,-.37)|(1.00,-.04)|250.76219640083428|24.586499776486363|250|0|0|(261.76,.00)|(350.11,.00)|(270.45,.00)|0.18|1.00|0.00|(271.76,.00)|(1.00,.00)|270.7621964008343|24.586499776486363|0|null|2.397935876768394|0|null|false|0|false
9.00|(253.08,-.42)|(1.00,-.04)|252.08238853398365|24.586499776486363|252|0|0|(263.08,.00)|(351.43,.00)|(271.76,.00)|0.18|1.00|0.00|(273.08,.00)|(1.00,.00)|272.08238853398365|24.586499776486363|0|null|2.385918331932986|0|null|false|0|false
9.05|(254.41,-.45)|(1.00,-.04)|253.405887015911|24.586499776486363|253|0|0|(264.41,.00)|(352.75,.00)|(273.08,.00)|0.38|1.00|0.00|(274.41,.00)|(1.00,.00)|273.405887015911|24.586499776486363|0|null|2.3768020841631454|0|null|false|0|false
9.10|(255.73,-.48)|(1.00,-.04)|254.73269975739538|24.586499776486363|254|0|0|(265.73,.00)|(354.08,.00)|(274.41,.00)|0.38|1.00|0.00|(275.73,.00)|(1.00,.00)|274.7326997573954|24.586499776486363|0|null|2.369067477237918|0|null|false|0|false
9.15|(257.06,-.50)|(1.00,-.03)|256.0627926727704|24.586499776486363|256|0|0|(267.06,.00)|(355.41,.00)|(275.73,.00)|0.38|1.00|0.00|(277.06,.00)|(1.00,.00)|276.0627926727704|24.586499776486363|0|null|2.362722796418427|0|null|false|0|false
9.20|(258.40,-.52)|(1.00,-.03)|257.39612999467266|24.586499776486363|257|0|0|(268.40,.00)|(356.74,.00)|(277.06,.00)|0.38|1.00|0.00|(278.40,.00)|(1.00,.00)|277.39612999467266|24.586499776486363|0|null|2.3577809252413964|0|null|false|0|false
9.25|(259.73,-.53)|(1.00,-.03)|258.7326616454251|24.586499776486363|258|0|0|(269.73,.00)|(358.08,.00)|(278.40,.00)|0.39|1.00|0.00|(279.73,.00)|(1.00,.00)|278.7326616454251|24.586499776486363|0|null|2.354433162409737|0|null|false|0|false
9.30|(261.07,-.54)|(1.00,-.02)|260.0723592012131|24.586499776486363|260|0|0|(271.07,.00)|(359.42,.00)|(279.73,.00)|0.39|1.00|0.00|(281.07,.00)|(1.00,.00)|280.0723592012131|24.586499776486363|0|null|2.352582412835879|0|null|false|0|false
9.35|(262.42,-.54)|(1.00,-.02)|261.4151797397088|24.586499776486363|261|0|0|(272.42,.00)|(360.76,.00)|(281.07,.00)|0.39|1.00|0.00|(282.42,.00)|(1.00,.00)|281.4151797397088|24.586499776486363|0|null|2.3522507768639667|0|null|false|0|false
9.40|(263.76,-.54)|(1.00,-.01)|262.7610785116568|24.586499776486363|262|0|0|(273.76,.00)|(362.11,.00)|(282.42,.00)|0.39|1.00|0.00|(283.76,.00)|(1.00,.00)|282.7610785116568|24.586499776486363|0|null|2.353462123183955|0|null|false|0|false
9.45|(265.11,-.53)|(1.00,-.01)|264.11000916062557|24.586499776486363|264|0|0|(275.11,.00)|(363.46,.00)|(283.76,.00)|0.39|1.00|0.00|(285.11,.00)|(1.00,.00)|284.11000916062557|24.586499776486363|0|null|2.3562414942265235|0|null|false|0|false
9.50|(266.46,-.51)|(1.00,-.01)|265.4619239662672|24.586499776486363|265|0|0|(276.46,.00)|(364.81,.00)|(285.11,.00)|0.39|1.00|0.00|(286.46,.00)|(1.00,.00)|285.4619239662672|24.586499776486363|0|null|2.3606145893078914|0|null|false|0|false
9.55|(267.82,-.49)|(1.00,-.00)|266.81677408594817|24.586499776486363|266|0|0|(277.82,.00)|(366.16,.00)|(286.46,.00)|0.39|1.00|0.00|(287.82,.00)|(1.00,.00)|286.81677408594817|24.586499776486363|0|null|2.3666073236401264|0|null|false|0|false
9.60|(269.17,-.46)|(1.00,.00)|268.17450977733165|24.586499776486363|268|0|0|(279.17,.00)|(367.52,.00)|(287.82,.00)|0.39|1.00|0.00|(289.17,.00)|(1.00,.00)|288.17450977733165|24.586499776486363|0|null|2.374245459342039|0|null|false|0|false
9.65|(270.54,-.43)|(1.00,.01)|269.5350805913149|24.586499776486363|269|0|0|(280.54,.00)|(368.88,.00)|(289.17,.00)|0.39|1.00|0.00|(290.54,.00)|(1.00,.00)|289.5350805913149|24.586499776486363|0|null|2.3835543030817563|0|null|false|0|false
9.70|(271.90,-.39)|(1.00,.01)|270.8984355304277|24.586499776486363|270|0|0|(281.90,.00)|(370.24,.00)|(290.54,.00)|0.39|1.00|0.00|(291.90,.00)|(1.00,.00)|290.8984355304277|24.586499776486363|0|null|2.394558463914489|0|null|false|0|false
9.75|(273.26,-.34)|(1.00,.02)|272.26452317229337|24.586499776486363|272|0|0|(283.26,.00)|(371.61,.00)|(291.90,.00)|0.39|1.00|0.00|(293.26,.00)|(1.00,.00)|292.26452317229337|24.586499776486363|0|null|2.40728166420539|0|null|false|0|false
9.80|(274.63,-.29)|(1.00,.02)|273.63329176106487|24.586499776486363|273|0|0|(284.63,.00)|(372.98,.00)|(293.26,.00)|0.39|1.00|0.00|(294.63,.00)|(1.00,.00)|293.63329176106487|24.586499776486363|0|null|2.4217465962039304|0|null|false|0|false
9.85|(276.00,-.23)|(1.00,.03)|275.0046892719559|24.586499776486363|275|0|0|(286.00,.00)|(374.35,.00)|(294.63,.00)|0.39|1.00|0.00|(296.00,.00)|(1.00,.00)|295.0046892719559|24.586499776486363|0|null|2.4379748168178748|0|null|false|0|false
9.90|(277.38,-.16)|(1.00,.03)|276.3786634552338|24.586499776486363|276|0|0|(287.38,.00)|(375.72,.00)|(296.00,.00)|0.39|1.00|0.00|(297.38,.00)|(1.00,.00)|296.3786634552338|24.586499776486363|0|null|2.45598667337652|0|null|false|0|false
9.95|(278.76,-.09)|(1.00,.04)|277.7551618664874|24.586499776486363|277|0|0|(288.76,.00)|(377.10,.00)|(297.38,.00)|0.39|1.00|0.00|(298.76,.00)|(1.00,.00)|297.7551618664874|24.586499776486363|0|null|2.4758012536290206|0|null|false|0|false
10.00|(280.13,-.01)|(1.00,.04)|279.13413188979933|24.586499776486363|279|0|0|(290.13,.00)|(378.48,.00)|(298.76,.00)|0.39|1.00|0.00|(300.13,.00)|(1.00,.00)|299.13413188979933|24.586499776486363|0|null|2.497436353849891|0|null|false|0|false
10.05|(281.52,.08)|(1.00,.05)|280.51552075980584|24.586499776486363|280|0|0|(291.52,.00)|(379.86,.00)|(300.13,.00)|0.39|1.00|0.00|(301.52,.00)|(1.00,.00)|300.51552075980584|24.586499776486363|0|null|2.5209084596770293|0|null|false|0|false
10.10|(282.90,.17)|(1.00,.05)|281.89927558767016|24.586499776486363|281|0|0|(292.90,.00)|(381.25,.00)|(301.52,.00)|0.39|1.00|0.00|(302.90,.00)|(1.00,.00)|301.89927558767016|24.586499776486363|0|null|2.5462327351467593|0|null|false|0|false
10.15|(284.29,.25)|(1.00,.06)|283.2864476217636|24.586499776486363|283|0|0|(294.29,.00)|(382.63,.00)|(302.90,.00)|-0.10|1.00|0.00|(304.29,.00)|(1.00,.00)|303.2864476217636|24.586499776486363|0|null|2.5675707451100838|0|null|false|0|false
10.20|(285.68,.33)|(1.00,.06)|284.67639970068757|24.586499776486363|284|0|0|(295.68,.00)|(384.02,.00)|(304.29,.00)|-0.10|1.00|0.00|(305.68,.00)|(1.00,.00)|304.67639970068757|24.586499776486363|0|null|2.5888409740529315|0|null|false|0|false
10.25|(287.07,.40)|(1.00,.06)|286.069121950623|24.586499776486363|286|0|0|(297.07,.00)|(385.42,.00)|(305.68,.00)|-0.10|1.00|0.00|(307.07,.00)|(1.00,.00)|306.069121950623|24.586499776486363|0|null|2.610041523562876|0|null|false|0|false
10.30|(288.46,.47)|(1.00,.06)|287.46479300713366|24.586499776486363|287|0|0|(298.46,.00)|(386.81,.00)|(307.07,.00)|-0.41|1.00|0.00|(308.46,.00)|(1.00,.00)|307.46479300713366|24.586499776486363|0|null|2.6274331727236904|0|null|false|0|false
10.35|(289.86,.53)|(1.00,.05)|288.86340673449365|24.586499776486363|288|0|0|(299.86,.00)|(388.21,.00)|(308.46,.00)|-0.41|1.00|0.00|(309.86,.00)|(1.00,.00)|308.86340673449365|24.586499776486363|0|null|2.6434942295507167|0|null|false|0|false
10.40|(291.26,.58)|(1.00,.05)|290.26494458538286|24.586499776486363|290|0|0|(301.26,.00)|(389.61,.00)|(309.86,.00)|-0.41|1.00|0.00|(311.26,.00)|(1.00,.00)|310.26494458538286|24.586499776486363|0|null|2.658199295379183|0|null|false|0|false
10.45|(292.67,.63)|(1.00,.05)|291.6693849573334|24.586499776486363|291|0|0|(302.67,.00)|(391.02,.00)|(311.26,.00)|-0.41|1.00|0.00|(312.67,.00)|(1.00,.00)|311.6693849573334|24.586499776486363|0|null|2.671517125665108|0|null|false|0|false
10.50|(294.08,.67)|(1.00,.05)|293.0766387246183|24.586499776486363|293|0|0|(304.08,.00)|(392.42,.00)|(312.67,.00)|-0.50|1.00|0.00|(314.08,.00)|(1.00,.00)|313.0766387246183|24.586499776486363|0|null|2.682272716952351|0|null|false|0|false
10.55|(295.49,.70)|(1.00,.04)|294.48676055148337|24.586499776486363|294|0|0|(305.49,.00)|(393.83,.00)|(314.08,.00)|-0.50|1.00|0.00|(315.49,.00)|(1.00,.00)|314.48676055148337|24.586499776486363|0|null|2.6911854593037408|0|null|false|0|false
10.60|(296.90,.73)|(1.00,.04)|295.89970804778227|24.586499776486363|295|0|0|(306.90,.00)|(395.25,.00)|(315.49,.00)|-0.50|1.00|0.00|(316.90,.00)|(1.00,.00)|315.89970804778227|24.586499776486363|0|null|2.698209150877717|0|null|false|0|false
10.65|(298.32,.74)|(1.00,.04)|297.3154341137036|24.586499776486363|297|0|0|(308.32,.00)|(396.66,.00)|(316.90,.00)|-0.50|1.00|0.00|(318.32,.00)|(1.00,.00)|317.3154341137036|24.586499776486363|0|null|2.7032946389261885|0|null|false|0|false
10.70|(299.73,.75)|(1.00,.03)|298.7338615491104|24.586499776486363|298|0|0|(309.73,.00)|(398.08,.00)|(318.32,.00)|-0.52|1.00|0.00|(319.73,.00)|(1.00,.00)|318.7338615491104|24.586499776486363|0|null|2.706168726810862|0|null|false|0|false
10.75|(301.15,.76)|(1.00,.03)|300.1549572906007|24.586499776486363|300|0|0|(311.15,.00)|(399.50,.00)|(319.73,.00)|-0.52|1.00|0.00|(321.15,.00)|(1.00,.00)|320.1549572906007|24.586499776486363|0|null|2.7069266698304757|0|null|false|0|false
10.80|(302.58,.75)|(1.00,.02)|301.5786589188515|24.586499776486363|301|0|0|(312.58,.00)|(400.92,.00)|(321.15,.00)|-0.52|1.00|0.00|(322.58,.00)|(1.00,.00)|321.5786589188515|24.586499776486363|0|null|2.705514534950992|0|null|false|0|false
10.85|(304.00,.74)|(1.00,.02)|303.00490026675124|24.586499776486363|303|0|0|(314.00,.00)|(402.35,.00)|(322.58,.00)|-0.52|1.00|0.00|(324.00,.00)|(1.00,.00)|323.00490026675124|24.586499776486363|0|null|2.7018781900164894|0|null|false|0|false
10.90|(305.43,.72)|(1.00,.01)|304.4336117757718|24.586499776486363|304|0|0|(315.43,.00)|(403.78,.00)|(324.00,.00)|-0.52|1.00|0.00|(325.43,.00)|(1.00,.00)|324.4336117757718|24.586499776486363|0|null|2.6959638570871625|0|null|false|0|false
10.95|(306.86,.69)|(1.00,.00)|305.86472083241347|24.586499776486363|305|0|0|(316.86,.00)|(405.21,.00)|(325.43,.00)|-0.52|1.00|0.00|(326.86,.00)|(1.00,.00)|325.86472083241347|24.586499776486363|0|null|2.6877185987123364|0|null|false|0|false
11.00|(308.30,.65)|(1.00,-.00)|307.29815207613007|24.586499776486363|307|0|0|(318.30,.00)|(406.64,.00)|(326.86,.00)|-0.52|1.00|0.00|(328.30,.00)|(1.00,.00)|327.29815207613007|24.586499776486363|0|null|2.677090742358718|0|null|false|0|false
11.05|(309.73,.60)|(1.00,-.01)|308.73382767614646|24.586499776486363|308|0|0|(319.73,.00)|(408.08,.00)|(328.30,.00)|-0.52|1.00|0.00|(329.73,.00)|(1.00,.00)|328.73382767614646|24.586499776486363|0|null|2.664030248354364|0|null|false|0|false
11.10|(311.17,.54)|(1.00,-.02)|310.17166757901856|24.586499776486363|310|0|0|(321.17,.00)|(409.52,.00)|(329.73,.00)|-0.52|1.00|0.00|(331.17,.00)|(1.00,.00)|330.17166757901856|24.586499776486363|0|null|2.648489026622509|0|null|false|0|false
11.15|(312.61,.48)|(1.00,-.02)|311.61158973175986|24.586499776486363|311|0|0|(322.61,.00)|(410.96,.00)|(331.17,.00)|-0.52|1.00|0.00|(332.61,.00)|(1.00,.00)|331.61158973175986|24.586499776486363|0|null|2.6304212072141326|0|null|false|0|false
11.20|(314.05,.40)|(1.00,-.03)|313.05351028704837|24.586499776486363|313|0|0|(324.05,.00)|(412.40,.00)|(332.61,.00)|-0.52|1.00|0.00|(334.05,.00)|(1.00,.00)|333.05351028704837|24.586499776486363|0|null|2.609783369247951|0|null|false|0|false
11.25|(315.50,.32)|(1.00,-.04)|314.49734379763163|24.586499776486363|314|0|0|(325.50,.00)|(413.84,.00)|(334.05,.00)|-0.52|1.00|0.00|(335.50,.00)|(1.00,.00)|334.49734379763163|24.586499776486363|0|null|2.5865347323717076|0|null|false|0|false
11.30|(316.94,.22)|(1.00,-.04)|315.94300340679047|24.586499776486363|315|0|0|(326.94,.00)|(415.29,.00)|(335.50,.00)|-0.52|1.00|0.00|(336.94,.00)|(1.00,.00)|335.94300340679047|24.586499776486363|0|null|2.5606373143062013|0|null|false|0|false
11.35|(318.39,.12)|(1.00,-.05)|317.39040104082096|24.586499776486363|317|0|0|(328.39,.00)|(416.74,.00)|(336.94,.00)|-0.52|1.00|0.00|(338.39,.00)|(1.00,.00)|337.39040104082096|24.586499776486363|0|null|2.5320560574568423|0|null|false|0|false
11.40|(319.84,.00)|(1.00,-.06)|318.83944760815325|24.586499776486363|318|0|0|(329.84,.00)|(418.19,.00)|(338.39,.00)|-0.52|1.00|0.00|(339.84,.00)|(1.00,.00)|338.83944760815325|24.586499776486363|0|null|2.5007589270063963|0|null|false|0|false
11.45|(321.29,-.12)|(1.00,-.06)|320.2900532081334|24.586499776486363|320|0|0|(331.29,.00)|(419.64,.00)|(339.84,.00)|-0.52|1.00|0.00|(341.29,.00)|(1.00,.00)|340.2900532081334|24.586499776486363|0|null|2.466716982362694|0|null|false|0|false
11.50|(322.74,-.26)|(1.00,-.07)|321.7421273508059|24.586499776486363|321|0|0|(332.74,.00)|(421.09,.00)|(341.29,.00)|-0.52|1.00|0.00|(342.74,.00)|(1.00,.00)|341.7421273508059|24.586499776486363|0|null|2.4299044233477898|0|null|false|0|false
11.55|(324.20,-.40)|(1.00,-.08)|323.1955791873824|24.586499776486363|323|0|0|(334.20,.00)|(422.54,.00)|(342.74,.00)|-0.52|1.00|0.00|(344.20,.00)|(1.00,.00)|343.1955791873824|24.586499776486363|0|null|2.390298612097431|0|null|false|0|false
11.60|(325.65,-.56)|(1.00,-.09)|324.6503177495648|24.586499776486363|324|0|0|(335.65,.00)|(424.00,.00)|(344.20,.00)|-0.52|1.00|0.00|(345.65,.00)|(1.00,.00)|344.6503177495648|24.586499776486363|0|null|2.347880071304088|0|null|false|0|false
11.65|(327.11,-.72)|(1.00,-.09)|326.1062521945885|24.586499776486363|326|0|0|(337.11,.00)|(425.45,.00)|(345.65,.00)|-0.52|1.00|0.00|(347.11,.00)|(1.00,.00)|346.1062521945885|24.586499776486363|0|null|2.302632459191227|0|null|false|0|false
11.70|(328.56,-.90)|(.99,-.10)|327.56329205180475|24.586499776486363|327|0|0|(338.56,.00)|(426.91,.00)|(347.11,.00)|-0.52|1.00|0.00|(348.56,.00)|(1.00,.00)|347.56329205180475|24.586499776486363|0|null|2.254542521454688|0|null|false|0|false
11.75|(330.02,-1.08)|(.99,-.11)|329.0213474658641|24.586499776486363|329|0|0|(340.02,.00)|(428.37,.00)|(348.56,.00)|-0.52|1.00|0.00|(350.02,.00)|(1.00,.00)|349.0213474658641|24.586499776486363|0|null|2.2036000203487647|0|null|false|0|false
11.80|(331.48,-1.28)|(.99,-.12)|330.48032943109786|24.586499776486363|330|0|0|(341.48,.00)|(429.83,.00)|(350.02,.00)|-0.52|1.00|0.00|(351.48,.00)|(1.00,.00)|350.48032943109786|24.586499776486363|0|null|2.1497976411261197|0|null|false|0|false
11.85|(332.94,-1.49)|(.99,-.12)|331.9401500115202|24.586499776486363|331|0|0|(342.94,.00)|(431.29,.00)|(351.48,.00)|-0.52|1.00|0.00|(352.94,.00)|(1.00,.00)|351.9401500115202|24.586499776486363|0|null|2.093130876155282|0|null|false|0|false
11.90|(334.41,-1.65)|(.99,-.12)|333.40623610706405|24.586499776486363|333|0|0|(344.41,.00)|(432.75,.00)|(352.94,.00)|0.68|1.00|0.00|(354.41,.00)|(1.00,.00)|353.40623610706405|24.586499776486363|0|null|2.0488215207248164|0|null|false|0|false
11.95|(335.88,-1.81)|(.99,-.12)|334.8754631701353|24.586499776486363|334|0|0|(345.88,.00)|(434.22,.00)|(354.41,.00)|0.68|1.00|0.00|(355.88,.00)|(1.00,.00)|354.8754631701353|24.586499776486363|0|null|2.006721211699988|0|null|false|0|false
12.00|(337.35,-1.95)|(.99,-.12)|336.3478131562076|24.586499776486363|336|0|0|(347.35,.00)|(435.69,.00)|(355.88,.00)|0.68|1.00|0.00|(357.35,.00)|(1.00,.00)|356.3478131562076|24.586499776486363|0|null|1.9668818966699537|0|null|false|0|false
12.05|(338.82,-2.09)|(.99,-.11)|337.82326336431015|24.586499776486363|337|0|0|(348.82,.00)|(437.17,.00)|(357.35,.00)|0.68|1.00|0.00|(358.82,.00)|(1.00,.00)|357.82326336431015|24.586499776486363|0|null|1.9293626648471602|0|null|false|0|false
12.10|(340.30,-2.18)|(.99,-.10)|339.301518898627|24.586499776486363|339|0|0|(350.30,.00)|(438.65,.00)|(358.82,.00)|1.38|1.00|0.00|(360.30,.00)|(1.00,.00)|359.301518898627|24.586499776486363|0|null|1.9032129776056634|0|null|false|0|false
12.15|(341.78,-2.26)|(1.00,-.09)|340.7832211617296|24.586499776486363|340|0|0|(351.78,.00)|(440.13,.00)|(360.30,.00)|1.38|1.00|0.00|(361.78,.00)|(1.00,.00)|360.7832211617296|24.586499776486363|0|null|1.8825152186179537|0|null|false|0|false
12.20|(343.27,-2.32)|(1.00,-.08)|342.26813586167674|24.586499776486363|342|0|0|(353.27,.00)|(441.61,.00)|(361.78,.00)|1.38|1.00|0.00|(363.27,.00)|(1.00,.00)|362.26813586167674|24.586499776486363|0|null|1.8673759050502992|0|null|false|0|false
12.25|(344.76,-2.35)|(1.00,-.07)|343.7560052580549|24.586499776486363|343|0|0|(354.76,.00)|(443.10,.00)|(363.27,.00)|1.38|1.00|0.00|(364.76,.00)|(1.00,.00)|363.7560052580549|24.586499776486363|0|null|1.857905501901962|0|null|false|0|false
12.30|(346.25,-2.36)|(1.00,-.06)|345.2465967225732|24.586499776486363|345|0|0|(356.25,.00)|(444.59,.00)|(364.76,.00)|1.37|1.00|0.00|(366.25,.00)|(1.00,.00)|365.2465967225732|24.586499776486363|0|null|1.854058838599582|0|null|false|0|false
12.35|(347.74,-2.36)|(1.00,-.05)|346.7395644325729|24.586499776486363|346|0|0|(357.74,.00)|(446.09,.00)|(366.25,.00)|1.37|1.00|0.00|(367.74,.00)|(1.00,.00)|366.7395644325729|24.586499776486363|0|null|1.856053497802124|0|null|false|0|false
12.40|(349.23,-2.33)|(1.00,-.04)|348.23458560767006|24.586499776486363|348|0|0|(359.23,.00)|(447.58,.00)|(367.74,.00)|1.37|1.00|0.00|(369.23,.00)|(1.00,.00)|368.23458560767006|24.586499776486363|0|null|1.8640003004595709|0|null|false|0|false
12.45|(350.73,-2.29)|(1.00,-.02)|349.73223693686424|24.586499776486363|349|0|0|(360.73,.00)|(449.08,.00)|(369.23,.00)|1.19|1.00|0.00|(370.73,.00)|(1.00,.00)|369.73223693686424|24.586499776486363|0|null|1.875679664181641|0|null|false|0|false
12.50|(352.23,-2.22)|(1.00,-.01)|351.2314700112453|24.586499776486363|351|0|0|(362.23,.00)|(450.58,.00)|(370.73,.00)|1.19|1.00|0.00|(372.23,.00)|(1.00,.00)|371.2314700112453|24.586499776486363|0|null|1.8927427353694877|0|null|false|0|false
12.55|(353.73,-2.14)|(1.00,.00)|352.73198432127845|24.586499776486363|352|0|0|(363.73,.00)|(452.08,.00)|(372.23,.00)|1.19|1.00|0.00|(373.73,.00)|(1.00,.00)|372.73198432127845|24.586499776486363|0|null|1.9152815219175152|0|null|false|0|false
12.60|(355.23,-2.05)|(1.00,.01)|354.2348355323491|24.586499776486363|354|0|0|(365.23,.00)|(453.58,.00)|(373.73,.00)|0.94|1.00|0.00|(375.23,.00)|(1.00,.00)|374.2348355323491|24.586499776486363|0|null|1.940134493428729|0|null|false|0|false
12.65|(356.74,-1.94)|(1.00,.03)|355.73876926568886|24.586499776486363|355|0|0|(366.74,.00)|(455.08,.00)|(375.23,.00)|0.94|1.00|0.00|(376.74,.00)|(1.00,.00)|375.73876926568886|24.586499776486363|0|null|1.969539862737531|0|null|false|0|false
12.70|(358.24,-1.82)|(1.00,.04)|357.243557641881|24.586499776486363|357|0|0|(368.24,.00)|(456.59,.00)|(376.74,.00)|0.94|1.00|0.00|(378.24,.00)|(1.00,.00)|377.243557641881|24.586499776486363|0|null|2.0035611517515814|0|null|false|0|false
12.75|(359.75,-1.68)|(1.00,.05)|358.74897011669543|24.586499776486363|358|0|0|(369.75,.00)|(458.09,.00)|(378.24,.00)|0.94|1.00|0.00|(379.75,.00)|(1.00,.00)|378.74897011669543|24.586499776486363|0|null|2.042254533679981|0|null|false|0|false
12.80|(361.26,-1.54)|(1.00,.06)|360.25704868627565|24.586499776486363|360|0|0|(371.26,.00)|(459.60,.00)|(379.75,.00)|0.52|1.00|0.00|(381.26,.00)|(1.00,.00)|380.25704868627565|24.586499776486363|0|null|2.0801905443343376|0|null|false|0|false
12.85|(362.77,-1.39)|(1.00,.07)|361.7661816908807|24.586499776486363|361|0|0|(372.77,.00)|(461.11,.00)|(381.26,.00)|0.52|1.00|0.00|(382.77,.00)|(1.00,.00)|381.7661816908807|24.586499776486363|0|null|2.1210556869909247|0|null|false|0|false
12.90|(364.28,-1.23)|(1.00,.08)|363.2762722607618|24.586499776486363|363|0|0|(374.28,.00)|(462.62,.00)|(382.77,.00)|0.52|1.00|0.00|(384.28,.00)|(1.00,.00)|383.2762722607618|24.586499776486363|0|null|2.1648692902324704|0|null|false|0|false
12.95|(365.79,-1.07)|(1.00,.08)|364.78872455748495|24.586499776486363|364|0|0|(375.79,.00)|(464.13,.00)|(384.28,.00)|0.17|1.00|0.00|(385.79,.00)|(1.00,.00)|384.78872455748495|24.586499776486363|0|null|2.2071611794508095|0|null|false|0|false
13.00|(367.30,-.91)|(1.00,.09)|366.3026572789163|24.586499776486363|366|0|0|(377.30,.00)|(465.65,.00)|(385.79,.00)|0.17|1.00|0.00|(387.30,.00)|(1.00,.00)|386.3026572789163|24.586499776486363|0|null|2.250920875632272|0|null|false|0|false
13.05|(368.82,-.75)|(1.00,.09)|367.8180535433237|24.586499776486363|367|0|0|(378.82,.00)|(467.16,.00)|(387.30,.00)|0.17|1.00|0.00|(388.82,.00)|(1.00,.00)|387.8180535433237|24.586499776486363|0|null|2.2961336532961165|0|null|false|0|false
13.10|(370.33,-.58)|(.99,.10)|369.33489944024217|24.586499776486363|369|0|0|(380.33,.00)|(468.68,.00)|(388.82,.00)|0.17|1.00|0.00|(390.33,.00)|(1.00,.00)|389.33489944024217|24.586499776486363|0|null|2.342778801973238|0|null|false|0|false
13.15|(371.85,-.41)|(.99,.10)|370.85421977420026|24.586499776486363|370|0|0|(381.85,.00)|(470.20,.00)|(390.33,.00)|-0.13|1.00|0.00|(391.85,.00)|(1.00,.00)|390.85421977420026|24.586499776486363|0|null|2.3868067936376036|0|null|false|0|false
13.20|(373.38,-.25)|(.99,.11)|372.37555985634947|24.586499776486363|372|0|0|(383.38,.00)|(471.72,.00)|(391.85,.00)|-0.13|1.00|0.00|(393.38,.00)|(1.00,.00)|392.37555985634947|24.586499776486363|0|null|2.430867185626261|0|null|false|0|false
13.25|(374.90,-.09)|(.99,.11)|373.898936356911|24.586499776486363|373|0|0|(384.90,.00)|(473.24,.00)|(393.38,.00)|-0.13|1.00|0.00|(394.90,.00)|(1.00,.00)|393.898936356911|24.586499776486363|0|null|2.4749124223524577|0|null|false|0|false
13.30|(376.42,.07)|(.99,.11)|375.42436457559353|24.586499776486363|375|0|0|(386.42,.00)|(474.77,.00)|(394.90,.00)|-0.13|1.00|0.00|(396.42,.00)|(1.00,.00)|395.42436457559353|24.586499776486363|0|null|2.5188918019683486|0|null|false|0|false
13.35|(377.95,.21)|(.99,.11)|376.95268936853273|24.586499776486363|376|0|0|(387.95,.00)|(476.30,.00)|(396.42,.00)|-0.58|1.00|0.00|(397.95,.00)|(1.00,.00)|396.95268936853273|24.586499776486363|0|null|2.556740046565639|0|null|false|0|false
13.40|(379.48,.34)|(.99,.11)|378.4837609167653|24.586499776486363|378|0|0|(389.48,.00)|(477.83,.00)|(397.95,.00)|-0.58|1.00|0.00|(399.48,.00)|(1.00,.00)|398.4837609167653|24.586499776486363|0|null|2.592404798238273|0|null|false|0|false
13.45|(381.02,.46)|(.99,.10)|380.0175573215176|24.586499776486363|380|0|0|(391.02,.00)|(479.36,.00)|(399.48,.00)|-0.58|1.00|0.00|(401.02,.00)|(1.00,.00)|400.0175573215176|24.586499776486363|0|null|2.625807966378297|0|null|false|0|false
13.50|(382.55,.57)|(1.00,.10)|381.5540404251681|24.586499776486363|381|0|0|(392.55,.00)|(480.90,.00)|(401.02,.00)|-0.75|1.00|0.00|(402.55,.00)|(1.00,.00)|401.5540404251681|24.586499776486363|0|null|2.6545686099014953|0|null|false|0|false
13.55|(384.09,.66)|(1.00,.09)|383.0933206029474|24.586499776486363|383|0|0|(394.09,.00)|(482.44,.00)|(402.55,.00)|-0.75|1.00|0.00|(404.09,.00)|(1.00,.00)|403.0933206029474|24.586499776486363|0|null|2.6801399729805686|0|null|false|0|false
13.60|(385.64,.74)|(1.00,.09)|384.63531553605964|24.586499776486363|384|0|0|(395.64,.00)|(483.98,.00)|(404.09,.00)|-0.75|1.00|0.00|(405.64,.00)|(1.00,.00)|404.63531553605964|24.586499776486363|0|null|2.702436552318646|0|null|false|0|false
13.65|(387.18,.81)|(1.00,.08)|386.1799319008629|24.586499776486363|386|0|0|(397.18,.00)|(485.53,.00)|(405.64,.00)|-0.75|1.00|0.00|(407.18,.00)|(1.00,.00)|406.1799319008629|24.586499776486363|0|null|2.7213751986140435|0|null|false|0|false
13.70|(388.73,.86)|(1.00,.07)|387.726945469552|24.586499776486363|387|0|0|(398.73,.00)|(487.07,.00)|(407.18,.00)|-0.83|1.00|0.00|(408.73,.00)|(1.00,.00)|407.726945469552|24.586499776486363|0|null|2.735828610293738|0|null|false|0|false
13.75|(390.28,.90)|(1.00,.06)|389.2763731433689|24.586499776486363|389|0|0|(400.28,.00)|(488.62,.00)|(408.73,.00)|-0.83|1.00|0.00|(410.28,.00)|(1.00,.00)|409.2763731433689|24.586499776486363|0|null|2.7464164949351995|0|null|false|0|false
13.80|(391.83,.93)|(1.00,.06)|390.82807158703946|24.586499776486363|390|0|0|(401.83,.00)|(490.17,.00)|(410.28,.00)|-0.83|1.00|0.00|(411.83,.00)|(1.00,.00)|410.82807158703946|24.586499776486363|0|null|2.753063467937907|0|null|false|0|false
13.85|(393.38,.94)|(1.00,.05)|392.381888736291|24.586499776486363|392|0|0|(403.38,.00)|(491.73,.00)|(411.83,.00)|-0.83|1.00|0.00|(413.38,.00)|(1.00,.00)|412.381888736291|24.586499776486363|0|null|2.755699277372918|0|null|false|0|false
13.90|(394.94,.93)|(1.00,.04)|393.9378815026763|24.586499776486363|393|0|0|(404.94,.00)|(493.28,.00)|(413.38,.00)|-0.75|1.00|0.00|(414.94,.00)|(1.00,.00)|413.9378815026763|24.586499776486363|0|null|2.7553561732201364|0|null|false|0|false
13.95|(396.50,.92)|(1.00,.03)|395.49571218442196|24.586499776486363|395|0|0|(406.50,.00)|(494.84,.00)|(414.94,.00)|-0.75|1.00|0.00|(416.50,.00)|(1.00,.00)|415.49571218442196|24.586499776486363|0|null|2.751247457635521|0|null|false|0|false
14.00|(398.06,.89)|(1.00,.02)|397.0552348907213|24.586499776486363|397|0|0|(408.06,.00)|(496.40,.00)|(416.50,.00)|-0.75|1.00|0.00|(418.06,.00)|(1.00,.00)|417.0552348907213|24.586499776486363|0|null|2.7433245790119516|0|null|false|0|false
14.05|(399.62,.85)|(1.00,.01)|398.6167110997617|24.586499776486363|398|0|0|(409.62,.00)|(497.96,.00)|(418.06,.00)|-0.61|1.00|0.00|(419.62,.00)|(1.00,.00)|418.6167110997617|24.586499776486363|0|null|2.733422000740831|0|null|false|0|false
14.10|(401.18,.81)|(1.00,.00)|400.1797045942391|24.586499776486363|400|0|0|(411.18,.00)|(499.53,.00)|(419.62,.00)|-0.61|1.00|0.00|(421.18,.00)|(1.00,.00)|420.1797045942391|24.586499776486363|0|null|2.720258229924283|0|null|false|0|false
14.15|(402.74,.75)|(1.00,-.01)|401.7441030509876|24.586499776486363|401|0|0|(412.74,.00)|(501.09,.00)|(421.18,.00)|-0.61|1.00|0.00|(422.74,.00)|(1.00,.00)|421.7441030509876|24.586499776486363|0|null|2.7038099144940064|0|null|false|0|false
14.20|(404.31,.67)|(1.00,-.01)|403.3097948882455|24.586499776486363|403|0|0|(414.31,.00)|(502.66,.00)|(422.74,.00)|-0.61|1.00|0.00|(424.31,.00)|(1.00,.00)|423.3097948882455|24.586499776486363|0|null|2.684059533649509|0|null|false|0|false
14.25|(405.88,.60)|(1.00,-.02)|404.8772503413339|24.586499776486363|404|0|0|(415.88,.00)|(504.22,.00)|(424.31,.00)|-0.43|1.00|0.00|(425.88,.00)|(1.00,.00)|424.8772503413339|24.586499776486363|0|null|2.663502458416938|0|null|false|0|false
14.30|(407.45,.51)|(1.00,-.03)|406.4460131161517|24.586499776486363|406|0|0|(417.45,.00)|(505.79,.00)|(425.88,.00)|-0.43|1.00|0.00|(427.45,.00)|(1.00,.00)|426.4460131161517|24.586499776486363|0|null|2.6404675287061496|0|null|false|0|false
14.35|(409.02,.42)|(1.00,-.04)|408.0160203137393|24.586499776486363|408|0|0|(419.02,.00)|(507.36,.00)|(427.45,.00)|-0.43|1.00|0.00|(429.02,.00)|(1.00,.00)|428.0160203137393|24.586499776486363|0|null|2.6149612690632567|0|null|false|0|false
14.40|(410.59,.32)|(1.00,-.04)|409.58721170876146|24.586499776486363|409|0|0|(420.59,.00)|(508.93,.00)|(429.02,.00)|-0.43|1.00|0.00|(430.59,.00)|(1.00,.00)|429.58721170876146|24.586499776486363|0|null|2.5869943699288447|0|null|false|0|false
14.45|(412.16,.23)|(1.00,-.05)|411.1605056919367|24.586499776486363|411|0|0|(422.16,.00)|(510.51,.00)|(430.59,.00)|-0.06|1.00|0.00|(432.16,.00)|(1.00,.00)|431.1605056919367|24.586499776486363|0|null|2.5616552832152157|0|null|false|0|false
14.50|(413.74,.13)|(1.00,-.05)|412.7353668390277|24.586499776486363|412|0|0|(423.74,.00)|(512.08,.00)|(432.16,.00)|-0.06|1.00|0.00|(433.74,.00)|(1.00,.00)|432.7353668390277|24.586499776486363|0|null|2.5355925912954183|0|null|false|0|false
14.55|(415.31,.03)|(1.00,-.05)|414.3117936756948|24.586499776486363|414|0|0|(425.31,.00)|(513.66,.00)|(433.74,.00)|-0.06|1.00|0.00|(435.31,.00)|(1.00,.00)|434.3117936756948|24.586499776486363|0|null|2.508844665529566|0|null|false|0|false
14.60|(416.89,-.06)|(1.00,-.06)|415.89008253954984|24.586499776486363|415|0|0|(426.89,.00)|(515.24,.00)|(435.31,.00)|0.15|1.00|0.00|(436.89,.00)|(1.00,.00)|435.89008253954984|24.586499776486363|0|null|2.4843553089038144|0|null|false|0|false
14.65|(418.47,-.15)|(1.00,-.06)|417.470162159906|24.586499776486363|417|0|0|(428.47,.00)|(516.82,.00)|(436.89,.00)|0.15|1.00|0.00|(438.47,.00)|(1.00,.00)|437.470162159906|24.586499776486363|0|null|2.4602386765821667|0|null|false|0|false
14.70|(420.05,-.23)|(1.00,-.06)|419.0520380810152|24.586499776486363|419|0|0|(430.05,.00)|(518.40,.00)|(438.47,.00)|0.15|1.00|0.00|(440.05,.00)|(1.00,.00)|439.0520380810152|24.586499776486363|0|null|2.436548189195799|0|null|false|0|false
14.75|(421.64,-.31)|(1.00,-.06)|420.6357800289856|24.586499776486363|420|0|0|(431.64,.00)|(519.98,.00)|(440.05,.00)|0.30|1.00|0.00|(441.64,.00)|(1.00,.00)|440.6357800289856|24.586499776486363|0|null|2.415399441055559|0|null|false|0|false
14.80|(423.22,-.38)|(1.00,-.06)|422.2214424122033|24.586499776486363|422|0|0|(433.22,.00)|(521.57,.00)|(441.64,.00)|0.30|1.00|0.00|(443.22,.00)|(1.00,.00)|442.2214424122033|24.586499776486363|0|null|2.3954764983456642|0|null|false|0|false
14.85|(424.81,-.45)|(1.00,-.05)|423.80901652805096|24.586499776486363|423|0|0|(434.81,.00)|(523.16,.00)|(443.22,.00)|0.30|1.00|0.00|(444.81,.00)|(1.00,.00)|443.80901652805096|24.586499776486363|0|null|2.3768388629341413|0|null|false|0|false
14.90|(426.40,-.51)|(1.00,-.05)|425.3984900130799|24.586499776486363|425|0|0|(436.40,.00)|(524.74,.00)|(444.81,.00)|0.30|1.00|0.00|(446.40,.00)|(1.00,.00)|445.3984900130799|24.586499776486363|0|null|2.3595441170316342|0|null|false|0|false
14.95|(427.99,-.57)|(1.00,-.05)|426.989769817088|24.586499776486363|426|0|0|(437.99,.00)|(526.34,.00)|(446.40,.00)|0.44|1.00|0.00|(447.99,.00)|(1.00,.00)|446.989769817088|24.586499776486363|0|null|2.3454580212912157|0|null|false|0|false
15.00|(429.58,-.61)|(1.00,-.05)|428.58296512756334|24.586499776486363|428|0|0|(439.58,.00)|(527.93,.00)|(447.99,.00)|0.44|1.00|0.00|(449.58,.00)|(1.00,.00)|448.58296512756334|24.586499776486363|0|null|2.3334318041582742|0|null|false|0|false
15.05|(431.18,-.65)|(1.00,-.04)|430.1780360760372|24.586499776486363|430|0|0|(441.18,.00)|(529.52,.00)|(449.58,.00)|0.44|1.00|0.00|(451.18,.00)|(1.00,.00)|450.1780360760372|24.586499776486363|0|null|2.32352158288424|0|null|false|0|false
15.10|(432.77,-.67)|(1.00,-.04)|431.7748950180267|24.586499776486363|431|0|0|(442.77,.00)|(531.12,.00)|(451.18,.00)|0.47|1.00|0.00|(452.77,.00)|(1.00,.00)|451.7748950180267|24.586499776486363|0|null|2.31620652255314|0|null|false|0|false
15.15|(434.37,-.69)|(1.00,-.03)|433.37353793224685|24.586499776486363|433|0|0|(444.37,.00)|(532.72,.00)|(452.77,.00)|0.47|1.00|0.00|(454.37,.00)|(1.00,.00)|453.37353793224685|24.586499776486363|0|null|2.3112522707491587|0|null|false|0|false
15.20|(435.97,-.70)|(1.00,-.03)|434.97390773056827|24.586499776486363|434|0|0|(445.97,.00)|(534.32,.00)|(454.37,.00)|0.47|1.00|0.00|(455.97,.00)|(1.00,.00)|454.97390773056827|24.586499776486363|0|null|2.3087049332132032|0|null|false|0|false
15.25|(437.58,-.70)|(1.00,-.02)|436.57594403331007|24.586499776486363|436|0|0|(447.58,.00)|(535.92,.00)|(455.97,.00)|0.47|1.00|0.00|(457.58,.00)|(1.00,.00)|456.57594403331007|24.586499776486363|0|null|2.308606369388726|0|null|false|0|false
15.30|(439.18,-.69)|(1.00,-.02)|438.1796645028829|24.586499776486363|438|0|0|(449.18,.00)|(537.53,.00)|(457.58,.00)|0.43|1.00|0.00|(459.18,.00)|(1.00,.00)|458.1796645028829|24.586499776486363|0|null|2.3104472570828083|0|null|false|0|false
15.35|(440.78,-.68)|(1.00,-.01)|439.7849379793082|24.586499776486363|439|0|0|(450.78,.00)|(539.13,.00)|(459.18,.00)|0.43|1.00|0.00|(460.78,.00)|(1.00,.00)|459.7849379793082|24.586499776486363|0|null|2.314623330115447|0|null|false|0|false
15.40|(442.39,-.65)|(1.00,-.01)|441.39170490937994|24.586499776486363|441|0|0|(452.39,.00)|(540.74,.00)|(460.78,.00)|0.43|1.00|0.00|(462.39,.00)|(1.00,.00)|461.39170490937994|24.586499776486363|0|null|2.321161627734974|0|null|false|0|false
15.45|(444.00,-.62)|(1.00,-.00)|442.99990474885766|24.586499776486363|442|0|0|(454.00,.00)|(542.35,.00)|(462.39,.00)|0.43|1.00|0.00|(464.00,.00)|(1.00,.00)|462.99990474885766|24.586499776486363|0|null|2.3300852439367157|0|null|false|0|false
15.50|(445.61,-.58)|(1.00,.00)|444.6094763307603|24.586499776486363|444|0|0|(455.61,.00)|(543.96,.00)|(464.00,.00)|0.43|1.00|0.00|(465.61,.00)|(1.00,.00)|464.6094763307603|24.586499776486363|0|null|2.341413568554418|0|null|false|0|false
15.55|(447.22,-.54)|(1.00,.01)|446.2207556922951|24.586499776486363|446|0|0|(457.22,.00)|(545.57,.00)|(465.61,.00)|0.26|1.00|0.00|(467.22,.00)|(1.00,.00)|466.2207556922951|24.586499776486363|0|null|2.352835809676627|0|null|false|0|false
15.60|(448.83,-.49)|(1.00,.01)|447.83341033760377|24.586499776486363|447|0|0|(458.83,.00)|(547.18,.00)|(467.22,.00)|0.26|1.00|0.00|(468.83,.00)|(1.00,.00)|467.83341033760377|24.586499776486363|0|null|2.3659064587477445|0|null|false|0|false
15.65|(450.45,-.44)|(1.00,.02)|449.4474069099646|24.586499776486363|449|0|0|(460.45,.00)|(548.79,.00)|(468.83,.00)|0.26|1.00|0.00|(470.45,.00)|(1.00,.00)|469.4474069099646|24.586499776486363|0|null|2.3806266110892484|0|null|false|0|false
15.70|(452.06,-.38)|(1.00,.02)|451.0629815806396|24.586499776486363|451|0|0|(462.06,.00)|(550.41,.00)|(470.45,.00)|0.13|1.00|0.00|(472.06,.00)|(1.00,.00)|471.0629815806396|24.586499776486363|0|null|2.3950995489397653|0|null|false|0|false
15.75|(453.68,-.33)|(1.00,.02)|452.6799403743968|24.586499776486363|452|0|0|(463.68,.00)|(552.03,.00)|(472.06,.00)|0.13|1.00|0.00|(473.68,.00)|(1.00,.00)|472.6799403743968|24.586499776486363|0|null|2.410578138522896|0|null|false|0|false
15.80|(455.30,-.27)|(1.00,.03)|454.2982681344119|24.586499776486363|454|0|0|(465.30,.00)|(553.64,.00)|(473.68,.00)|0.13|1.00|0.00|(475.30,.00)|(1.00,.00)|474.2982681344119|24.586499776486363|0|null|2.4270504615590567|0|null|false|0|false
15.85|(456.92,-.21)|(1.00,.03)|455.9181427654033|24.586499776486363|455|0|0|(466.92,.00)|(555.26,.00)|(475.30,.00)|0.00|1.00|0.00|(476.92,.00)|(1.00,.00)|475.9181427654033|24.586499776486363|0|null|2.4427406905456714|0|null|false|0|false
15.90|(458.54,-.15)|(1.00,.03)|457.539452937931|24.586499776486363|457|0|0|(468.54,.00)|(556.89,.00)|(476.92,.00)|0.00|1.00|0.00|(478.54,.00)|(1.00,.00)|477.539452937931|24.586499776486363|0|null|2.458803533525645|0|null|false|0|false
15.95|(460.16,-.09)|(1.00,.03)|459.16219361969974|24.586499776486363|459|0|0|(470.16,.00)|(558.51,.00)|(478.54,.00)|0.00|1.00|0.00|(480.16,.00)|(1.00,.00)|479.16219361969974|24.586499776486363|0|null|2.475218495926755|0|null|false|0|false
16.00|(461.79,-.03)|(1.00,.03)|460.78636004945184|24.586499776486363|460|0|0|(471.79,.00)|(560.13,.00)|(480.16,.00)|0.00|1.00|0.00|(481.79,.00)|(1.00,.00)|480.78636004945184|24.586499776486363|0|null|2.4919653953298857|0|null|false|0|false
16.05|(463.41,.03)|(1.00,.03)|462.4120673852836|24.586499776486363|462|0|0|(473.41,.00)|(561.76,.00)|(481.79,.00)|-0.12|1.00|0.00|(483.41,.00)|(1.00,.00)|482.4120673852836|24.586499776486363|0|null|2.5073489623741354|0|null|false|0|false
16.10|(465.04,.08)|(1.00,.03)|464.0392698984064|24.586499776486363|464|0|0|(475.04,.00)|(563.39,.00)|(483.41,.00)|-0.12|1.00|0.00|(485.04,.00)|(1.00,.00)|484.0392698984064|24.586499776486363|0|null|2.5224608794771366|0|null|false|0|false
16.15|(466.67,.14)|(1.00,.03)|465.6679638876666|24.586499776486363|465|0|0|(476.67,.00)|(565.01,.00)|(485.04,.00)|-0.12|1.00|0.00|(486.67,.00)|(1.00,.00)|485.6679638876666|24.586499776486363|0|null|2.537277125331527|0|null|false|0|false
16.20|(468.30,.19)|(1.00,.04)|467.2981450495625|24.586499776486363|467|0|0|(478.30,.00)|(566.64,.00)|(486.67,.00)|-0.12|1.00|0.00|(488.30,.00)|(1.00,.00)|487.2981450495625|24.586499776486363|0|null|2.5517751867815366|0|null|false|0|false
16.25|(469.93,.23)|(1.00,.03)|468.9298512973366|24.586499776486363|468|0|0|(479.93,.00)|(568.28,.00)|(488.30,.00)|-0.27|1.00|0.00|(489.93,.00)|(1.00,.00)|488.9298512973366|24.586499776486363|0|null|2.563814885016933|0|null|false|0|false
16.30|(471.56,.27)|(1.00,.03)|470.5631010757409|24.586499776486363|470|0|0|(481.56,.00)|(569.91,.00)|(489.93,.00)|-0.27|1.00|0.00|(491.56,.00)|(1.00,.00)|490.5631010757409|24.586499776486363|0|null|2.574780977140846|0|null|false|0|false
16.35|(473.20,.31)|(1.00,.03)|472.1978807041303|24.586499776486363|472|0|0|(483.20,.00)|(571.54,.00)|(491.56,.00)|-0.27|1.00|0.00|(493.20,.00)|(1.00,.00)|492.1978807041303|24.586499776486363|0|null|2.5846477188077586|0|null|false|0|false
16.40|(474.83,.34)|(1.00,.03)|473.83415534744495|24.586499776486363|473|0|0|(484.83,.00)|(573.18,.00)|(493.20,.00)|-0.31|1.00|0.00|(494.83,.00)|(1.00,.00)|493.83415534744495|24.586499776486363|0|null|2.592737384855381|0|null|false|0|false
16.45|(476.47,.36)|(1.00,.03)|475.4719374242918|24.586499776486363|475|0|0|(486.47,.00)|(574.82,.00)|(494.83,.00)|-0.31|1.00|0.00|(496.47,.00)|(1.00,.00)|495.4719374242918|24.586499776486363|0|null|2.5994613308828134|0|null|false|0|false
16.50|(478.11,.38)|(1.00,.02)|477.11120537218034|24.586499776486363|477|0|0|(488.11,.00)|(576.46,.00)|(496.47,.00)|-0.31|1.00|0.00|(498.11,.00)|(1.00,.00)|497.11120537218034|24.586499776486363|0|null|2.6047971581765146|0|null|false|0|false
16.55|(479.75,.40)|(1.00,.02)|478.75192170100746|24.586499776486363|478|0|0|(489.75,.00)|(578.10,.00)|(498.11,.00)|-0.33|1.00|0.00|(499.75,.00)|(1.00,.00)|498.75192170100746|24.586499776486363|0|null|2.6084873986012362|0|null|false|0|false
16.60|(481.39,.41)|(1.00,.02)|480.3940770762234|24.586499776486363|480|0|0|(491.39,.00)|(579.74,.00)|(499.75,.00)|-0.33|1.00|0.00|(501.39,.00)|(1.00,.00)|500.3940770762234|24.586499776486363|0|null|2.610670298761163|0|null|false|0|false
16.65|(483.04,.41)|(1.00,.02)|482.03764503976475|24.586499776486363|482|0|0|(493.04,.00)|(581.38,.00)|(501.39,.00)|-0.33|1.00|0.00|(503.04,.00)|(1.00,.00)|502.03764503976475|24.586499776486363|0|null|2.611327888744096|0|null|false|0|false
16.70|(484.68,.40)|(1.00,.01)|483.6825983574095|24.586499776486363|483|0|0|(494.68,.00)|(583.03,.00)|(503.04,.00)|-0.33|1.00|0.00|(504.68,.00)|(1.00,.00)|503.6825983574095|24.586499776486363|0|null|2.610443675417759|0|null|false|0|false
16.75|(486.33,.40)|(1.00,.01)|485.3289091570893|24.586499776486363|485|0|0|(496.33,.00)|(584.67,.00)|(504.68,.00)|-0.33|1.00|0.00|(506.33,.00)|(1.00,.00)|505.3289091570893|24.586499776486363|0|null|2.6080024322068205|0|null|false|0|false
16.80|(487.98,.38)|(1.00,.01)|486.97654904669076|24.586499776486363|486|0|0|(497.98,.00)|(586.32,.00)|(506.33,.00)|-0.33|1.00|0.00|(507.98,.00)|(1.00,.00)|506.97654904669076|24.586499776486363|0|null|2.6039899716071435|0|null|false|0|false
16.85|(489.63,.36)|(1.00,.00)|488.6254892086698|24.586499776486363|488|0|0|(499.63,.00)|(587.97,.00)|(507.98,.00)|-0.33|1.00|0.00|(509.63,.00)|(1.00,.00)|508.6254892086698|24.586499776486363|0|null|2.5983929081860118|0|null|false|0|false
16.90|(491.28,.33)|(1.00,-.00)|490.27570047014524|24.586499776486363|490|0|0|(501.28,.00)|(589.62,.00)|(509.63,.00)|-0.33|1.00|0.00|(511.28,.00)|(1.00,.00)|510.27570047014524|24.586499776486363|0|null|2.5911984195358233|0|null|false|0|false
16.95|(492.93,.30)|(1.00,-.01)|491.9271533483494|24.586499776486363|491|0|0|(502.93,.00)|(591.27,.00)|(511.28,.00)|-0.33|1.00|0.00|(512.93,.00)|(1.00,.00)|511.9271533483494|24.586499776486363|0|null|2.582394012242862|0|null|false|0|false
17.00|(494.58,.26)|(1.00,-.01)|493.5798180723817|24.586499776486363|493|0|0|(504.58,.00)|(592.93,.00)|(512.93,.00)|-0.33|1.00|0.00|(514.58,.00)|(1.00,.00)|513.5798180723817|24.586499776486363|0|null|2.5719672994114875|0|null|false|0|false
17.05|(496.23,.22)|(1.00,-.01)|495.2336645831213|24.586499776486363|495|0|0|(506.23,.00)|(594.58,.00)|(514.58,.00)|-0.33|1.00|0.00|(516.23,.00)|(1.00,.00)|515.2336645831213|24.586499776486363|0|null|2.559905795658641|0|null|false|0|false
17.10|(497.89,.17)|(1.00,-.02)|496.8886625139094|24.586499776486363|496|0|0|(507.89,.00)|(596.23,.00)|(516.23,.00)|-0.33|1.00|0.00|(517.89,.00)|(1.00,.00)|516.8886625139094|24.586499776486363|0|null|2.546196734776945|0|null|false|0|false
17.15|(499.54,.11)|(1.00,-.02)|498.5447811552023|24.586499776486363|498|0|0|(509.54,.00)|(597.89,.00)|(517.89,.00)|-0.33|1.00|0.00|(519.54,.00)|(1.00,.00)|518.5447811552024|24.586499776486363|0|null|2.5308269144712794|0|null|false|0|false
17.20|(501.20,.05)|(1.00,-.02)|500.20198940682735|24.586499776486363|500|0|0|(511.20,.00)|(599.55,.00)|(519.54,.00)|-0.33|1.00|0.00|(521.20,.00)|(1.00,.00)|520.2019894068274|24.586499776486363|0|null|2.5137825717194735|0|null|false|0|false
17.25|(502.86,-.02)|(1.00,-.03)|501.86025572175214|24.586499776486363|501|0|0|(512.86,.00)|(601.21,.00)|(521.20,.00)|-0.33|1.00|0.00|(522.86,.00)|(1.00,.00)|521.8602557217521|24.586499776486363|0|null|2.495049291409434|0|null|false|0|false
17.30|(504.52,-.09)|(1.00,-.03)|503.5195480454053|24.586499776486363|503|0|0|(514.52,.00)|(602.87,.00)|(522.86,.00)|-0.33|1.00|0.00|(524.52,.00)|(1.00,.00)|523.5195480454054|24.586499776486363|0|null|2.474611949980366|0|null|false|0|false
17.35|(506.18,-.17)|(1.00,-.04)|505.1798337545783|24.586499776486363|505|0|0|(516.18,.00)|(604.53,.00)|(524.52,.00)|-0.33|1.00|0.00|(526.18,.00)|(1.00,.00)|525.1798337545783|24.586499776486363|0|null|2.4524546948627943|0|null|false|0|false
17.40|(507.84,-.26)|(1.00,-.04)|506.84107959980054|24.586499776486363|506|0|0|(517.84,.00)|(606.19,.00)|(526.18,.00)|-0.33|1.00|0.00|(527.84,.00)|(1.00,.00)|526.8410795998005|24.586499776486363|0|null|2.4285609595891096|0|null|false|0|false
17.45|(509.50,-.36)|(1.00,-.04)|508.5032516548282|24.586499776486363|508|0|0|(519.50,.00)|(607.85,.00)|(527.84,.00)|-0.33|1.00|0.00|(529.50,.00)|(1.00,.00)|528.5032516548282|24.586499776486363|0|null|2.402913513551314|0|null|false|0|false
17.50|(511.17,-.46)|(1.00,-.05)|510.16631527653027|24.586499776486363|510|0|0|(521.17,.00)|(609.51,.00)|(529.50,.00)|-0.33|1.00|0.00|(531.17,.00)|(1.00,.00)|530.1663152765302|24.586499776486363|0|null|2.375494544533069|0|null|false|0|false
17.55|(512.83,-.56)|(1.00,-.05)|511.83023507801295|24.586499776486363|511|0|0|(522.83,.00)|(611.18,.00)|(531.17,.00)|-0.33|1.00|0.00|(532.83,.00)|(1.00,.00)|531.830235078013|24.586499776486363|0|null|2.346285771355445|0|null|false|0|false
17.60|(514.49,-.68)|(1.00,-.06)|513.4949749173032|24.586499776486363|513|0|0|(524.49,.00)|(612.84,.00)|(532.83,.00)|-0.33|1.00|0.00|(534.49,.00)|(1.00,.00)|533.4949749173032|24.586499776486363|0|null|2.3152685832653557|0|null|false|0|false
17.65|(516.16,-.80)|(1.00,-.06)|515.1604979033348|24.586499776486363|515|0|0|(526.16,.00)|(614.51,.00)|(534.49,.00)|-0.33|1.00|0.00|(536.16,.00)|(1.00,.00)|535.1604979033348|24.586499776486363|0|null|2.282424202076152|0|null|false|0|false
17.70|(517.83,-.92)|(1.00,-.06)|516.8267664203543|24.586499776486363|516|0|0|(527.83,.00)|(616.17,.00)|(536.16,.00)|-0.33|1.00|0.00|(537.83,.00)|(1.00,.00)|536.8267664203543|24.586499776486363|0|null|2.247733862553112|0|null|false|0|false
17.75|(519.49,-1.06)|(1.00,-.07)|518.4937421712166|24.586499776486363|518|0|0|(529.49,.00)|(617.84,.00)|(537.83,.00)|-0.33|1.00|0.00|(539.49,.00)|(1.00,.00)|538.4937421712166|24.586499776486363|0|null|2.2111790061323444|0|null|false|0|false
17.80|(521.16,-1.20)|(1.00,-.07)|520.1613862393709|24.586499776486363|520|0|0|(531.16,.00)|(619.51,.00)|(539.49,.00)|-0.33|1.00|0.00|(541.16,.00)|(1.00,.00)|540.1613862393709|24.586499776486363|0|null|2.1727414827772047|0|null|false|0|false
17.85|(522.83,-1.35)|(1.00,-.08)|521.8296591686822|24.586499776486363|521|0|0|(532.83,.00)|(621.18,.00)|(541.16,.00)|-0.33|1.00|0.00|(542.83,.00)|(1.00,.00)|541.8296591686822|24.586499776486363|0|null|2.1324037556165667|0|null|false|0|false
17.90|(524.50,-1.46)|(1.00,-.07)|523.5012268643648|24.586499776486363|523|0|0|(534.50,.00)|(622.85,.00)|(542.83,.00)|0.50|1.00|0.00|(544.50,.00)|(1.00,.00)|543.5012268643648|24.586499776486363|0|null|2.1022659387693254|0|null|false|0|false
17.95|(526.17,-1.56)|(1.00,-.07)|525.1745527884759|24.586499776486363|525|0|0|(536.17,.00)|(624.52,.00)|(544.50,.00)|0.50|1.00|0.00|(546.17,.00)|(1.00,.00)|545.1745527884759|24.586499776486363|0|null|2.07429206635661|0|null|false|0|false
18.00|(527.85,-1.65)|(1.00,-.07)|526.8496024865233|24.586499776486363|526|0|0|(537.85,.00)|(626.20,.00)|(546.17,.00)|0.50|1.00|0.00|(547.85,.00)|(1.00,.00)|546.8496024865233|24.586499776486363|0|null|2.0485166696373502|0|null|false|0|false
18.05|(529.53,-1.74)|(1.00,-.06)|528.526338745924|24.586499776486363|528|0|0|(539.53,.00)|(627.87,.00)|(547.85,.00)|0.50|1.00|0.00|(549.53,.00)|(1.00,.00)|548.526338745924|24.586499776486363|0|null|2.02497402870749|0|null|false|0|false
18.10|(531.20,-1.79)|(1.00,-.06)|530.2043862511862|24.586499776486363|530|0|0|(541.20,.00)|(629.55,.00)|(549.53,.00)|0.97|1.00|0.00|(551.20,.00)|(1.00,.00)|550.2043862511862|24.586499776486363|0|null|2.010560915353715|0|null|false|0|false
18.15|(532.88,-1.83)|(1.00,-.05)|531.8841521364469|24.586499776486363|531|0|0|(542.88,.00)|(631.23,.00)|(551.20,.00)|0.97|1.00|0.00|(552.88,.00)|(1.00,.00)|551.8841521364469|24.586499776486363|0|null|2.000769366536261|0|null|false|0|false
18.20|(534.57,-1.85)|(1.00,-.04)|533.565464915476|24.586499776486363|533|0|0|(544.57,.00)|(632.91,.00)|(552.88,.00)|0.97|1.00|0.00|(554.57,.00)|(1.00,.00)|553.565464915476|24.586499776486363|0|null|1.99566121703727|0|null|false|0|false
18.25|(536.25,-1.85)|(1.00,-.03)|535.248188444206|24.586499776486363|535|0|0|(546.25,.00)|(634.59,.00)|(554.57,.00)|0.96|1.00|0.00|(556.25,.00)|(1.00,.00)|555.248188444206|24.586499776486363|0|null|1.9950953658158037|0|null|false|0|false
18.30|(537.93,-1.83)|(1.00,-.02)|536.9321002110737|24.586499776486363|536|0|0|(547.93,.00)|(636.28,.00)|(556.25,.00)|0.96|1.00|0.00|(557.93,.00)|(1.00,.00)|556.9321002110737|24.586499776486363|0|null|1.9992627340070546|0|null|false|0|false
18.35|(539.62,-1.80)|(1.00,-.01)|538.6170105726844|24.586499776486363|538|0|0|(549.62,.00)|(637.96,.00)|(557.93,.00)|0.96|1.00|0.00|(559.62,.00)|(1.00,.00)|558.6170105726844|24.586499776486363|0|null|2.008218219981484|0|null|false|0|false
18.40|(541.30,-1.75)|(1.00,-.00)|540.3027232952421|24.586499776486363|540|0|0|(551.30,.00)|(639.65,.00)|(559.62,.00)|0.96|1.00|0.00|(561.30,.00)|(1.00,.00)|560.3027232952421|24.586499776486363|0|null|2.022014386220289|0|null|false|0|false
18.45|(542.99,-1.69)|(1.00,.00)|541.9898898767585|24.586499776486363|541|0|0|(552.99,.00)|(641.34,.00)|(561.30,.00)|0.77|1.00|0.00|(562.99,.00)|(1.00,.00)|561.9898898767585|24.586499776486363|0|null|2.037902109379446|0|null|false|0|false
18.50|(544.68,-1.62)|(1.00,.01)|543.6776981014613|24.586499776486363|543|0|0|(554.68,.00)|(643.02,.00)|(562.99,.00)|0.77|1.00|0.00|(564.68,.00)|(1.00,.00)|563.6776981014613|24.586499776486363|0|null|2.057779646817145|0|null|false|0|false
18.55|(546.37,-1.53)|(1.00,.02)|545.3660053942039|24.586499776486363|545|0|0|(556.37,.00)|(644.71,.00)|(564.68,.00)|0.77|1.00|0.00|(566.37,.00)|(1.00,.00)|565.3660053942039|24.586499776486363|0|null|2.0816815421210855|0|null|false|0|false
18.60|(548.06,-1.44)|(1.00,.03)|547.0556074712885|24.586499776486363|547|0|0|(558.06,.00)|(646.40,.00)|(566.37,.00)|0.56|1.00|0.00|(568.06,.00)|(1.00,.00)|567.0556074712885|24.586499776486363|0|null|2.1066300827615536|0|null|false|0|false
18.65|(549.75,-1.34)|(1.00,.03)|548.7457365420426|24.586499776486363|548|0|0|(559.75,.00)|(648.09,.00)|(568.06,.00)|0.56|1.00|0.00|(569.75,.00)|(1.00,.00)|568.7457365420426|24.586499776486363|0|null|2.134645935311647|0|null|false|0|false
18.70|(551.44,-1.22)|(1.00,.04)|550.4363053407328|24.586499776486363|550|0|0|(561.44,.00)|(649.78,.00)|(569.75,.00)|0.56|1.00|0.00|(571.44,.00)|(1.00,.00)|570.4363053407328|24.586499776486363|0|null|2.165746209696285|0|null|false|0|false
18.75|(553.13,-1.11)|(1.00,.05)|552.1282395862241|24.586499776486363|552|0|0|(563.13,.00)|(651.47,.00)|(571.44,.00)|0.33|1.00|0.00|(573.13,.00)|(1.00,.00)|572.1282395862241|24.586499776486363|0|null|2.196509571877964|0|null|false|0|false
18.80|(554.82,-.99)|(1.00,.05)|553.8208288364383|24.586499776486363|553|0|0|(564.82,.00)|(653.17,.00)|(573.13,.00)|0.33|1.00|0.00|(574.82,.00)|(1.00,.00)|573.8208288364383|24.586499776486363|0|null|2.229222856617941|0|null|false|0|false
18.85|(556.51,-.86)|(1.00,.06)|555.5140366197862|24.586499776486363|555|0|0|(566.51,.00)|(654.86,.00)|(574.82,.00)|0.33|1.00|0.00|(576.51,.00)|(1.00,.00)|575.5140366197862|24.586499776486363|0|null|2.2638853852339738|0|null|false|0|false
18.90|(558.21,-.73)|(1.00,.06)|557.2078272786922|24.586499776486363|557|0|0|(568.21,.00)|(656.55,.00)|(576.51,.00)|0.33|1.00|0.00|(578.21,.00)|(1.00,.00)|577.2078272786922|24.586499776486363|0|null|2.3004953719486063|0|null|false|0|false
18.95|(559.90,-.59)|(1.00,.07)|558.9021659228656|24.586499776486363|558|0|0|(569.90,.00)|(658.25,.00)|(578.21,.00)|0.33|1.00|0.00|(579.90,.00)|(1.00,.00)|578.9021659228656|24.586499776486363|0|null|2.339049910794593|0|null|false|0|false
19.00|(561.60,-.46)|(1.00,.07)|560.5982309468193|24.586499776486363|560|0|0|(571.60,.00)|(659.94,.00)|(579.90,.00)|0.02|1.00|0.00|(581.60,.00)|(1.00,.00)|580.5982309468193|24.586499776486363|0|null|2.3749645115554125|0|null|false|0|false
19.05|(563.30,-.32)|(1.00,.07)|562.2953125803216|24.586499776486363|562|0|0|(573.30,.00)|(661.64,.00)|(581.60,.00)|0.02|1.00|0.00|(583.30,.00)|(1.00,.00)|582.2953125803216|24.586499776486363|0|null|2.411264193841477|0|null|false|0|false
19.10|(564.99,-.19)|(1.00,.07)|563.9934113972602|24.586499776486363|563|0|0|(574.99,.00)|(663.34,.00)|(583.30,.00)|0.02|1.00|0.00|(584.99,.00)|(1.00,.00)|583.9934113972602|24.586499776486363|0|null|2.4479247052491924|0|null|false|0|false
19.15|(566.69,-.07)|(1.00,.07)|565.6932974580842|24.586499776486363|565|0|0|(576.69,.00)|(665.04,.00)|(584.99,.00)|-0.28|1.00|0.00|(586.69,.00)|(1.00,.00)|585.6932974580842|24.586499776486363|0|null|2.480447931229439|0|null|false|0|false
19.20|(568.39,.04)|(1.00,.07)|567.3946157912078|24.586499776486363|567|0|0|(578.39,.00)|(666.74,.00)|(586.69,.00)|-0.28|1.00|0.00|(588.39,.00)|(1.00,.00)|587.3946157912078|24.586499776486363|0|null|2.511768129092424|0|null|false|0|false
19.25|(570.10,.15)|(1.00,.07)|569.0973597583614|24.586499776486363|569|0|0|(580.10,.00)|(668.44,.00)|(588.39,.00)|-0.28|1.00|0.00|(590.10,.00)|(1.00,.00)|589.0973597583614|24.586499776486363|0|null|2.5418414265787974|0|null|false|0|false
19.30|(571.80,.25)|(1.00,.07)|570.8016930421294|24.586499776486363|570|0|0|(581.80,.00)|(670.15,.00)|(590.10,.00)|-0.44|1.00|0.00|(591.80,.00)|(1.00,.00)|590.8016930421294|24.586499776486363|0|null|2.568309495930684|0|null|false|0|false
19.35|(573.51,.34)|(1.00,.07)|572.5075740625256|24.586499776486363|572|0|0|(583.51,.00)|(671.85,.00)|(591.80,.00)|-0.44|1.00|0.00|(593.51,.00)|(1.00,.00)|592.5075740625256|24.586499776486363|0|null|2.5926603861471857|0|null|false|0|false
19.40|(575.21,.42)|(1.00,.06)|574.21496972971|24.586499776486363|574|0|0|(585.21,.00)|(673.56,.00)|(593.51,.00)|-0.44|1.00|0.00|(595.21,.00)|(1.00,.00)|594.21496972971|24.586499776486363|0|null|2.6148420756148765|0|null|false|0|false
19.45|(576.92,.49)|(1.00,.06)|575.9238385233891|24.586499776486363|575|0|0|(586.92,.00)|(675.27,.00)|(595.21,.00)|-0.53|1.00|0.00|(596.92,.00)|(1.00,.00)|595.9238385233891|24.586499776486363|0|null|2.633466983464749|0|null|false|0|false
19.50|(578.63,.55)|(1.00,.05)|577.6341873462657|24.586499776486363|577|0|0|(588.63,.00)|(676.98,.00)|(596.92,.00)|-0.53|1.00|0.00|(598.63,.00)|(1.00,.00)|597.6341873462657|24.586499776486363|0|null|2.6493693443251365|0|null|false|0|false
19.55|(580.35,.59)|(1.00,.05)|579.3459556182851|24.586499776486363|579|0|0|(590.35,.00)|(678.69,.00)|(598.63,.00)|-0.53|1.00|0.00|(600.35,.00)|(1.00,.00)|599.3459556182851|24.586499776486363|0|null|2.6624955599972986|0|null|false|0|false
19.60|(582.06,.63)|(1.00,.04)|581.0590789068741|24.586499776486363|581|0|0|(592.06,.00)|(680.41,.00)|(600.35,.00)|-0.53|1.00|0.00|(602.06,.00)|(1.00,.00)|601.0590789068741|24.586499776486363|0|null|2.6727939502393414|0|null|false|0|false
19.65|(583.77,.66)|(1.00,.04)|582.7734891651095|24.586499776486363|582|0|0|(593.77,.00)|(682.12,.00)|(602.06,.00)|-0.53|1.00|0.00|(603.77,.00)|(1.00,.00)|602.7734891651095|24.586499776486363|0|null|2.6802149296248317|0|null|false|0|false
19.70|(585.49,.67)|(1.00,.03)|584.4890681895897|24.586499776486363|584|0|0|(595.49,.00)|(683.84,.00)|(603.77,.00)|-0.56|1.00|0.00|(605.49,.00)|(1.00,.00)|604.4890681895897|24.586499776486363|0|null|2.684262765886886|0|null|false|0|false
19.75|(587.21,.68)|(1.00,.03)|586.2057812574518|24.586499776486363|586|0|0|(597.21,.00)|(685.55,.00)|(605.49,.00)|-0.56|1.00|0.00|(607.21,.00)|(1.00,.00)|606.2057812574518|24.586499776486363|0|null|2.6851888801699397|0|null|false|0|false
19.80|(588.92,.67)|(1.00,.02)|587.9235435136682|24.586499776486363|587|0|0|(598.92,.00)|(687.27,.00)|(607.21,.00)|-0.56|1.00|0.00|(608.92,.00)|(1.00,.00)|607.9235435136682|24.586499776486363|0|null|2.682949208091886|0|null|false|0|false
19.85|(590.64,.65)|(1.00,.01)|589.6422672337911|24.586499776486363|589|0|0|(600.64,.00)|(688.99,.00)|(608.92,.00)|-0.56|1.00|0.00|(610.64,.00)|(1.00,.00)|609.6422672337911|24.586499776486363|0|null|2.6775025623638617|0|null|false|0|false
19.90|(592.36,.62)|(1.00,.01)|591.3618621306998|24.586499776486363|591|0|0|(602.36,.00)|(690.71,.00)|(610.64,.00)|-0.56|1.00|0.00|(612.36,.00)|(1.00,.00)|611.3618621306998|24.586499776486363|0|null|2.6688107941173556|0|null|false|0|false
19.95|(594.08,.57)|(1.00,-.00)|593.082235670938|24.586499776486363|593|0|0|(604.08,.00)|(692.43,.00)|(612.36,.00)|-0.56|1.00|0.00|(614.08,.00)|(1.00,.00)|613.082235670938|24.586499776486363|0|null|2.656838942320818|0|null|false|0|false
20.00|(595.80,.52)|(1.00,-.01)|594.803293400616|24.586499776486363|594|0|0|(605.80,.00)|(694.15,.00)|(614.08,.00)|-0.56|1.00|0.00|(615.80,.00)|(1.00,.00)|614.803293400616|24.586499776486363|0|null|2.641555368315112|0|null|false|0|false
20.05|(597.52,.45)|(1.00,-.01)|596.5249392803053|24.586499776486363|596|0|0|(607.52,.00)|(695.87,.00)|(615.80,.00)|-0.56|1.00|0.00|(617.52,.00)|(1.00,.00)|616.5249392803053|24.586499776486363|0|null|2.6229318723015695|0|null|false|0|false
20.10|(599.25,.37)|(1.00,-.02)|598.2470760276268|24.586499776486363|598|0|0|(609.25,.00)|(697.59,.00)|(617.52,.00)|-0.56|1.00|0.00|(619.25,.00)|(1.00,.00)|618.2470760276268|24.586499776486363|0|null|2.6009437885611484|0|null|false|0|false
20.15|(600.97,.28)|(1.00,-.03)|599.9696054654032|24.586499776486363|599|0|0|(610.97,.00)|(699.32,.00)|(619.25,.00)|-0.56|1.00|0.00|(620.97,.00)|(1.00,.00)|619.9696054654032|24.586499776486363|0|null|2.575570056265992|0|null|false|0|false
20.20|(602.69,.17)|(1.00,-.04)|601.6924288723857|24.586499776486363|601|0|0|(612.69,.00)|(701.04,.00)|(620.97,.00)|-0.56|1.00|0.00|(622.69,.00)|(1.00,.00)|621.6924288723857|24.586499776486363|0|null|2.5467932629594463|0|null|false|0|false
20.25|(604.42,.05)|(1.00,-.04)|603.4154473327517|24.586499776486363|603|0|0|(614.42,.00)|(702.76,.00)|(622.69,.00)|-0.56|1.00|0.00|(624.42,.00)|(1.00,.00)|623.4154473327517|24.586499776486363|0|null|2.514599658118095|0|null|false|0|false
20.30|(606.14,-.08)|(1.00,-.05)|605.1385620798549|24.586499776486363|605|0|0|(616.14,.00)|(704.48,.00)|(624.42,.00)|-0.56|1.00|0.00|(626.14,.00)|(1.00,.00)|625.1385620798549|24.586499776486363|0|null|2.4789791346570973|0|null|false|0|false
20.35|(607.86,-.22)|(1.00,-.06)|606.8616748291429|24.586499776486363|606|0|0|(617.86,.00)|(706.21,.00)|(626.14,.00)|-0.56|1.00|0.00|(627.86,.00)|(1.00,.00)|626.8616748291429|24.586499776486363|0|null|2.4399251767831496|0|null|false|0|false
20.40|(609.58,-.38)|(1.00,-.07)|608.5846880947797|24.586499776486363|608|0|0|(619.58,.00)|(707.93,.00)|(627.86,.00)|-0.56|1.00|0.00|(629.58,.00)|(1.00,.00)|628.5846880947797|24.586499776486363|0|null|2.3974347732204837|0|null|false|0|false
20.45|(611.31,-.54)|(1.00,-.07)|610.3075054843403|24.586499776486363|610|0|0|(621.31,.00)|(709.65,.00)|(629.58,.00)|-0.56|1.00|0.00|(631.31,.00)|(1.00,.00)|630.3075054843403|24.586499776486363|0|null|2.3515082955155853|0|null|false|0|false
20.50|(613.03,-.72)|(1.00,-.08)|612.0300319660003|24.586499776486363|612|0|0|(623.03,.00)|(711.38,.00)|(631.31,.00)|-0.56|1.00|0.00|(633.03,.00)|(1.00,.00)|632.0300319660003|24.586499776486363|0|null|2.302149341845702|0|null|false|0|false
20.55|(614.75,-.92)|(1.00,-.09)|613.7521741029263|24.586499776486363|613|0|0|(624.75,.00)|(713.10,.00)|(633.03,.00)|-0.56|1.00|0.00|(634.75,.00)|(1.00,.00)|633.7521741029263|24.586499776486363|0|null|2.2493645474940642|0|null|false|0|false
20.60|(616.47,-1.12)|(1.00,-.10)|615.4738402500705|24.586499776486363|615|0|0|(626.47,.00)|(714.82,.00)|(634.75,.00)|-0.56|1.00|0.00|(636.47,.00)|(1.00,.00)|635.4738402500705|24.586499776486363|0|null|2.1931633638901955|0|null|false|0|false
20.65|(618.19,-1.34)|(.99,-.10)|617.194940709271|24.586499776486363|617|0|0|(628.19,.00)|(716.54,.00)|(636.47,.00)|-0.56|1.00|0.00|(638.19,.00)|(1.00,.00)|637.194940709271|24.586499776486363|0|null|2.133557808826562|0|null|false|0|false
20.70|(619.92,-1.57)|(.99,-.11)|618.9153878394391|24.586499776486363|618|0|0|(629.92,.00)|(718.26,.00)|(638.19,.00)|-0.56|1.00|0.00|(639.92,.00)|(1.00,.00)|638.9153878394391|24.586499776486363|0|null|2.0705621911335848|0|null|false|0|false
20.75|(621.64,-1.81)|(.99,-.12)|620.6350961196214|24.586499776486363|620|0|0|(631.64,.00)|(719.98,.00)|(639.92,.00)|-0.56|1.00|0.00|(641.64,.00)|(1.00,.00)|640.6350961196214|24.586499776486363|0|null|2.004192813705873|0|null|false|0|false
20.80|(623.35,-2.07)|(.99,-.13)|622.3539821638547|24.586499776486363|622|0|0|(633.35,.00)|(721.70,.00)|(641.64,.00)|-0.56|1.00|0.00|(643.35,.00)|(1.00,.00)|642.3539821638547|24.586499776486363|0|null|1.9344676593071237|0|null|false|0|false
20.85|(625.07,-2.34)|(.99,-.13)|624.0719646879138|24.586499776486363|624|0|0|(635.07,.00)|(723.42,.00)|(643.35,.00)|-0.56|1.00|0.00|(645.07,.00)|(1.00,.00)|644.0719646879138|24.586499776486363|0|null|1.861406064025624|0|null|false|0|false
20.90|(626.80,-2.53)|(.99,-.13)|625.7975596643229|24.586499776486363|625|0|0|(636.80,.00)|(725.14,.00)|(645.07,.00)|0.93|1.00|0.00|(646.80,.00)|(1.00,.00)|645.7975596643229|24.586499776486363|0|null|1.807407395682427|0|null|false|0|false
20.95|(628.53,-2.72)|(.99,-.12)|627.5259292597859|24.586499776486363|627|0|0|(638.53,.00)|(726.87,.00)|(646.80,.00)|0.93|1.00|0.00|(648.53,.00)|(1.00,.00)|647.5259292597859|24.586499776486363|0|null|1.7576814102212865|0|null|false|0|false
21.00|(630.26,-2.88)|(.99,-.12)|629.2569667064348|24.586499776486363|629|0|0|(640.26,.00)|(728.60,.00)|(648.53,.00)|0.93|1.00|0.00|(650.26,.00)|(1.00,.00)|649.2569667064348|24.586499776486363|0|null|1.7123405399237863|0|null|false|0|false
21.05|(631.99,-3.03)|(.99,-.11)|630.9905512076623|24.586499776486363|630|0|0|(641.99,.00)|(730.34,.00)|(650.26,.00)|0.93|1.00|0.00|(651.99,.00)|(1.00,.00)|650.9905512076623|24.586499776486363|0|null|1.6714924847973067|0|null|false|0|false
21.10|(633.73,-3.12)|(1.00,-.10)|632.7251854497054|24.586499776486363|632|0|0|(643.73,.00)|(732.07,.00)|(651.99,.00)|1.73|1.00|0.00|(653.73,.00)|(1.00,.00)|652.7251854497054|24.586499776486363|0|null|1.647525745889991|0|null|false|0|false
21.15|(635.46,-3.18)|(1.00,-.08)|634.4623241408979|24.586499776486363|634|0|0|(645.46,.00)|(733.81,.00)|(653.73,.00)|1.73|1.00|0.00|(655.46,.00)|(1.00,.00)|654.4623241408979|24.586499776486363|0|null|1.6324085566756485|0|null|false|0|false
21.20|(637.20,-3.20)|(1.00,-.07)|636.2013666614271|24.586499776486363|636|0|0|(647.20,.00)|(735.55,.00)|(655.46,.00)|1.73|1.00|0.00|(657.20,.00)|(1.00,.00)|656.2013666614271|24.586499776486363|0|null|1.6262854697259725|0|null|false|0|false
21.25|(638.94,-3.19)|(1.00,-.05)|637.9421181762731|24.586499776486363|637|0|0|(648.94,.00)|(737.29,.00)|(657.20,.00)|1.66|1.00|0.00|(658.94,.00)|(1.00,.00)|657.9421181762731|24.586499776486363|0|null|1.6282212911434129|0|null|false|0|false
21.30|(640.68,-3.15)|(1.00,-.03)|639.6835747583764|24.586499776486363|639|0|0|(650.68,.00)|(739.03,.00)|(658.94,.00)|1.66|1.00|0.00|(660.68,.00)|(1.00,.00)|659.6835747583764|24.586499776486363|0|null|1.6390422466063392|0|null|false|0|false
21.35|(642.43,-3.08)|(1.00,-.02)|641.4251027796176|24.586499776486363|641|0|0|(652.43,.00)|(740.77,.00)|(660.68,.00)|1.66|1.00|0.00|(662.43,.00)|(1.00,.00)|661.4251027796176|24.586499776486363|0|null|1.6588525657630175|0|null|false|0|false
21.40|(644.17,-2.97)|(1.00,-.00)|643.1660480015702|24.586499776486363|643|0|0|(654.17,.00)|(742.51,.00)|(662.43,.00)|1.66|1.00|0.00|(664.17,.00)|(1.00,.00)|663.1660480015702|24.586499776486363|0|null|1.6877443088087962|0|null|false|0|false
21.45|(645.91,-2.86)|(1.00,.01)|644.9091406224028|24.586499776486363|644|0|0|(655.91,.00)|(744.26,.00)|(664.17,.00)|1.26|1.00|0.00|(665.91,.00)|(1.00,.00)|664.9091406224028|24.586499776486363|0|null|1.7197148506748594|0|null|false|0|false
21.50|(647.65,-2.71)|(1.00,.03)|646.65131215613|24.586499776486363|646|0|0|(657.65,.00)|(746.00,.00)|(665.91,.00)|1.26|1.00|0.00|(667.65,.00)|(1.00,.00)|666.65131215613|24.586499776486363|0|null|1.7588474943902994|0|null|false|0|false
21.55|(649.39,-2.54)|(1.00,.04)|648.3921377141515|24.586499776486363|648|0|0|(659.39,.00)|(747.74,.00)|(667.65,.00)|1.26|1.00|0.00|(669.39,.00)|(1.00,.00)|668.3921377141515|24.586499776486363|0|null|1.805181743521599|0|null|false|0|false
21.60|(651.13,-2.37)|(1.00,.06)|650.1346119999602|24.586499776486363|650|0|0|(661.13,.00)|(749.48,.00)|(669.39,.00)|0.85|1.00|0.00|(671.13,.00)|(1.00,.00)|670.1346119999602|24.586499776486363|0|null|1.8525808826921133|0|null|false|0|false
21.65|(652.88,-2.18)|(1.00,.07)|651.876066551374|24.586499776486363|651|0|0|(662.88,.00)|(751.22,.00)|(671.13,.00)|0.85|1.00|0.00|(672.88,.00)|(1.00,.00)|671.876066551374|24.586499776486363|0|null|1.905142311597963|0|null|false|0|false
21.70|(654.62,-1.97)|(1.00,.08)|653.6162829678058|24.586499776486363|653|0|0|(664.62,.00)|(752.96,.00)|(672.88,.00)|0.85|1.00|0.00|(674.62,.00)|(1.00,.00)|673.6162829678058|24.586499776486363|0|null|1.9628650890248829|0|null|false|0|false
21.75|(656.36,-1.76)|(1.00,.09)|655.3582923815399|24.586499776486363|655|0|0|(666.36,.00)|(754.70,.00)|(674.62,.00)|0.43|1.00|0.00|(676.36,.00)|(1.00,.00)|675.3582923815399|24.586499776486363|0|null|2.0193503193497158|0|null|false|0|false
21.80|(658.10,-1.54)|(1.00,.10)|657.0999023816817|24.586499776486363|657|0|0|(668.10,.00)|(756.45,.00)|(676.36,.00)|0.43|1.00|0.00|(678.10,.00)|(1.00,.00)|677.0999023816817|24.586499776486363|0|null|2.0788155251141456|0|null|false|0|false
21.85|(659.84,-1.31)|(.99,.10)|658.8410510567352|24.586499776486363|658|0|0|(669.84,.00)|(758.19,.00)|(678.10,.00)|0.43|1.00|0.00|(679.84,.00)|(1.00,.00)|678.8410510567352|24.586499776486363|0|null|2.1412283201560767|0|null|false|0|false
21.90|(661.58,-1.07)|(.99,.11)|660.581680128757|24.586499776486363|660|0|0|(671.58,.00)|(759.93,.00)|(679.84,.00)|0.43|1.00|0.00|(681.58,.00)|(1.00,.00)|680.581680128757|24.586499776486363|0|null|2.206555411450953|0|null|false|0|false
21.95|(663.33,-.85)|(.99,.11)|662.3251163651162|24.586499776486363|662|0|0|(673.33,.00)|(761.67,.00)|(681.58,.00)|-0.10|1.00|0.00|(683.33,.00)|(1.00,.00)|682.3251163651162|24.586499776486363|0|null|2.266682384373291|0|null|false|0|false
22.00|(665.07,-.63)|(.99,.12)|664.0694381361345|24.586499776486363|664|0|0|(675.07,.00)|(763.42,.00)|(683.33,.00)|-0.10|1.00|0.00|(685.07,.00)|(1.00,.00)|684.0694381361345|24.586499776486363|0|null|2.3269221695836193|0|null|false|0|false
22.05|(666.81,-.41)|(.99,.12)|665.8146680487907|24.586499776486363|665|0|0|(676.81,.00)|(765.16,.00)|(685.07,.00)|-0.10|1.00|0.00|(686.81,.00)|(1.00,.00)|685.8146680487907|24.586499776486363|0|null|2.3872118559762887|0|null|false|0|false
22.10|(668.56,-.19)|(.99,.12)|667.5608274338321|24.586499776486363|667|0|0|(678.56,.00)|(766.91,.00)|(686.81,.00)|-0.10|1.00|0.00|(688.56,.00)|(1.00,.00)|687.5608274338321|24.586499776486363|0|null|2.44749129091697|0|null|false|0|false
22.15|(670.31,.01)|(.99,.12)|669.3094293638995|24.586499776486363|669|0|0|(680.31,.00)|(768.66,.00)|(688.56,.00)|-0.46|1.00|0.00|(690.31,.00)|(1.00,.00)|689.3094293638995|24.586499776486363|0|null|2.5022291679252477|0|null|false|0|false
22.20|(672.06,.20)|(.99,.12)|671.0598010328524|24.586499776486363|671|0|0|(682.06,.00)|(770.41,.00)|(690.31,.00)|-0.46|1.00|0.00|(692.06,.00)|(1.00,.00)|691.0598010328524|24.586499776486363|0|null|2.554993776947838|0|null|false|0|false
22.25|(673.81,.39)|(.99,.12)|672.8119323807332|24.586499776486363|672|0|0|(683.81,.00)|(772.16,.00)|(692.06,.00)|-0.46|1.00|0.00|(693.81,.00)|(1.00,.00)|692.8119323807332|24.586499776486363|0|null|2.6057123960593462|0|null|false|0|false
22.30|(675.57,.54)|(.99,.11)|674.5664842828759|24.586499776486363|674|0|0|(685.57,.00)|(773.91,.00)|(693.81,.00)|-0.82|1.00|0.00|(695.57,.00)|(1.00,.00)|694.5664842828759|24.586499776486363|0|null|2.6487406353388963|0|null|false|0|false
22.35|(677.32,.69)|(.99,.10)|676.3232985417114|24.586499776486363|676|0|0|(687.32,.00)|(775.67,.00)|(695.57,.00)|-0.82|1.00|0.00|(697.32,.00)|(1.00,.00)|696.3232985417114|24.586499776486363|0|null|2.6877041847350593|0|null|false|0|false
22.40|(679.08,.81)|(1.00,.10)|678.0822592477|24.586499776486363|678|0|0|(689.08,.00)|(777.43,.00)|(697.32,.00)|-0.82|1.00|0.00|(699.08,.00)|(1.00,.00)|698.0822592477|24.586499776486363|0|null|2.7225219829873537|0|null|false|0|false
22.45|(680.84,.92)|(1.00,.09)|679.8431756525013|24.586499776486363|679|0|0|(690.84,.00)|(779.19,.00)|(699.08,.00)|-0.96|1.00|0.00|(700.84,.00)|(1.00,.00)|699.8431756525013|24.586499776486363|0|null|2.751020432898831|0|null|false|0|false
22.50|(682.61,1.00)|(1.00,.08)|681.606062138237|24.586499776486363|681|0|0|(692.61,.00)|(780.95,.00)|(700.84,.00)|-0.96|1.00|0.00|(702.61,.00)|(1.00,.00)|701.606062138237|24.586499776486363|0|null|2.774520008718144|0|null|false|0|false
22.55|(684.37,1.07)|(1.00,.07)|683.370725109797|24.586499776486363|683|0|0|(694.37,.00)|(782.72,.00)|(702.61,.00)|-0.96|1.00|0.00|(704.37,.00)|(1.00,.00)|703.370725109797|24.586499776486363|0|null|2.792952079945211|0|null|false|0|false
22.60|(686.14,1.12)|(1.00,.06)|685.1369621705644|24.586499776486363|685|0|0|(696.14,.00)|(784.48,.00)|(704.37,.00)|-0.96|1.00|0.00|(706.14,.00)|(1.00,.00)|705.1369621705644|24.586499776486363|0|null|2.8062557385593863|0|null|false|0|false
22.65|(687.90,1.15)|(1.00,.05)|686.904581836205|24.586499776486363|686|0|0|(697.90,.00)|(786.25,.00)|(706.14,.00)|-0.95|1.00|0.00|(707.90,.00)|(1.00,.00)|706.904581836205|24.586499776486363|0|null|2.8144886695636675|0|null|false|0|false
22.70|(689.67,1.16)|(1.00,.04)|688.6733521042852|24.586499776486363|688|0|0|(699.67,.00)|(788.02,.00)|(707.90,.00)|-0.95|1.00|0.00|(709.67,.00)|(1.00,.00)|708.6733521042852|24.586499776486363|0|null|2.8175315104346605|0|null|false|0|false
22.75|(691.44,1.15)|(1.00,.03)|690.4430550154407|24.586499776486363|690|0|0|(701.44,.00)|(789.79,.00)|(709.67,.00)|-0.95|1.00|0.00|(711.44,.00)|(1.00,.00)|710.4430550154407|24.586499776486363|0|null|2.8153456055765353|0|null|false|0|false
22.80|(693.21,1.13)|(1.00,.02)|692.2138770542219|24.586499776486363|692|0|0|(703.21,.00)|(791.56,.00)|(711.44,.00)|-0.83|1.00|0.00|(713.21,.00)|(1.00,.00)|712.2138770542219|24.586499776486363|0|null|2.8096588731758407|0|null|false|0|false
22.85|(694.99,1.10)|(1.00,.01)|693.9852910728868|24.586499776486363|693|0|0|(704.99,.00)|(793.33,.00)|(713.21,.00)|-0.83|1.00|0.00|(714.99,.00)|(1.00,.00)|713.9852910728868|24.586499776486363|0|null|2.7992841435641043|0|null|false|0|false
22.90|(696.76,1.04)|(1.00,.00)|695.7571175556928|24.586499776486363|695|0|0|(706.76,.00)|(795.10,.00)|(714.99,.00)|-0.83|1.00|0.00|(716.76,.00)|(1.00,.00)|715.7571175556928|24.586499776486363|0|null|2.7842076317420075|0|null|false|0|false
22.95|(698.53,.98)|(1.00,-.00)|697.5299024434053|24.586499776486363|697|0|0|(708.53,.00)|(796.88,.00)|(716.76,.00)|-0.65|1.00|0.00|(718.53,.00)|(1.00,.00)|717.5299024434053|24.586499776486363|0|null|2.7672052338769664|0|null|false|0|false
23.00|(700.30,.90)|(1.00,-.01)|699.3029796133787|24.586499776486363|699|0|0|(710.30,.00)|(798.65,.00)|(718.53,.00)|-0.65|1.00|0.00|(720.30,.00)|(1.00,.00)|719.3029796133787|24.586499776486363|0|null|2.746434173752584|0|null|false|0|false
23.05|(702.08,.81)|(1.00,-.02)|701.0762340038997|24.586499776486363|701|0|0|(712.08,.00)|(800.42,.00)|(720.30,.00)|-0.65|1.00|0.00|(722.08,.00)|(1.00,.00)|721.0762340038997|24.586499776486363|0|null|2.7219027000110048|0|null|false|0|false
23.10|(703.85,.71)|(1.00,-.03)|702.8495525392276|24.586499776486363|702|0|0|(713.85,.00)|(802.20,.00)|(722.08,.00)|-0.65|1.00|0.00|(723.85,.00)|(1.00,.00)|722.8495525392276|24.586499776486363|0|null|2.6936211195324486|0|null|false|0|false
23.15|(705.62,.60)|(1.00,-.04)|704.6237577146665|24.586499776486363|704|0|0|(715.62,.00)|(803.97,.00)|(723.85,.00)|-0.44|1.00|0.00|(725.62,.00)|(1.00,.00)|724.6237577146665|24.586499776486363|0|null|2.6649664892675653|0|null|false|0|false
23.20|(707.40,.49)|(1.00,-.04)|706.3981733501613|24.586499776486363|706|0|0|(717.40,.00)|(805.74,.00)|(725.62,.00)|-0.44|1.00|0.00|(727.40,.00)|(1.00,.00)|726.3981733501613|24.586499776486363|0|null|2.633730775855992|0|null|false|0|false
23.25|(709.17,.37)|(1.00,-.05)|708.1727494334486|24.586499776486363|708|0|0|(719.17,.00)|(807.52,.00)|(727.40,.00)|-0.44|1.00|0.00|(729.17,.00)|(1.00,.00)|728.1727494334486|24.586499776486363|0|null|2.5999394705288656|0|null|false|0|false
23.30|(710.95,.23)|(1.00,-.05)|709.9474377955092|24.586499776486363|709|0|0|(720.95,.00)|(809.29,.00)|(729.17,.00)|-0.44|1.00|0.00|(730.95,.00)|(1.00,.00)|729.9474377955092|24.586499776486363|0|null|2.5636172402314177|0|null|false|0|false
23.35|(712.72,.11)|(1.00,-.06)|711.7237120816656|24.586499776486363|711|0|0|(722.72,.00)|(811.07,.00)|(730.95,.00)|-0.01|1.00|0.00|(732.72,.00)|(1.00,.00)|731.7237120816656|24.586499776486363|0|null|2.531380091468061|0|null|false|0|false
23.40|(714.50,-.00)|(1.00,-.06)|713.5007173353315|24.586499776486363|713|0|0|(724.50,.00)|(812.85,.00)|(732.72,.00)|-0.01|1.00|0.00|(734.50,.00)|(1.00,.00)|733.5007173353315|24.586499776486363|0|null|2.4988976557111346|0|null|false|0|false
23.45|(716.28,-.12)|(1.00,-.06)|715.2784596278512|24.586499776486363|715|0|0|(726.28,.00)|(814.62,.00)|(734.50,.00)|-0.01|1.00|0.00|(736.28,.00)|(1.00,.00)|735.2784596278512|24.586499776486363|0|null|2.466214828192559|0|null|false|0|false
23.50|(718.06,-.24)|(1.00,-.06)|717.0569443941888|24.586499776486363|717|0|0|(728.06,.00)|(816.40,.00)|(736.28,.00)|-0.01|1.00|0.00|(738.06,.00)|(1.00,.00)|737.0569443941888|24.586499776486363|0|null|2.4333727633595488|0|null|false|0|false
23.55|(719.84,-.35)|(1.00,-.06)|718.8366209010808|24.586499776486363|718|0|0|(729.84,.00)|(818.18,.00)|(738.06,.00)|0.21|1.00|0.00|(739.84,.00)|(1.00,.00)|738.8366209010808|24.586499776486363|0|null|2.4038625379735796|0|null|false|0|false
23.60|(721.62,-.46)|(1.00,-.06)|720.6173272854592|24.586499776486363|720|0|0|(731.62,.00)|(819.96,.00)|(739.84,.00)|0.21|1.00|0.00|(741.62,.00)|(1.00,.00)|740.6173272854592|24.586499776486363|0|null|2.3754373871045873|0|null|false|0|false
23.65|(723.40,-.56)|(1.00,-.06)|722.3990584584689|24.586499776486363|722|0|0|(733.40,.00)|(821.75,.00)|(741.62,.00)|0.21|1.00|0.00|(743.40,.00)|(1.00,.00)|742.3990584584689|24.586499776486363|0|null|2.3481402221102528|0|null|false|0|false
23.70|(725.18,-.64)|(1.00,-.06)|724.1819429556404|24.586499776486363|724|0|0|(735.18,.00)|(823.53,.00)|(743.40,.00)|0.43|1.00|0.00|(745.18,.00)|(1.00,.00)|744.1819429556404|24.586499776486363|0|null|2.325372995940787|0|null|false|0|false
23.75|(726.97,-.71)|(1.00,-.06)|725.9660103408971|24.586499776486363|725|0|0|(736.97,.00)|(825.31,.00)|(745.18,.00)|0.43|1.00|0.00|(746.97,.00)|(1.00,.00)|745.9660103408971|24.586499776486363|0|null|2.3049488261776627|0|null|false|0|false
23.80|(728.75,-.78)|(1.00,-.05)|727.7512187458226|24.586499776486363|727|0|0|(738.75,.00)|(827.10,.00)|(746.97,.00)|0.43|1.00|0.00|(748.75,.00)|(1.00,.00)|747.7512187458226|24.586499776486363|0|null|2.2869098459630735|0|null|false|0|false
23.85|(730.54,-.84)|(1.00,-.05)|729.5375230478207|24.586499776486363|729|0|0|(740.54,.00)|(828.88,.00)|(748.75,.00)|0.43|1.00|0.00|(750.54,.00)|(1.00,.00)|749.5375230478207|24.586499776486363|0|null|2.271292809804434|0|null|false|0|false
23.90|(732.32,-.88)|(1.00,-.04)|731.3247920335637|24.586499776486363|731|0|0|(742.32,.00)|(830.67,.00)|(750.54,.00)|0.52|1.00|0.00|(752.32,.00)|(1.00,.00)|751.3247920335637|24.586499776486363|0|null|2.2595253987790382|0|null|false|0|false
23.95|(734.11,-.91)|(1.00,-.04)|733.1130759259962|24.586499776486363|733|0|0|(744.11,.00)|(832.46,.00)|(752.32,.00)|0.52|1.00|0.00|(754.11,.00)|(1.00,.00)|753.1130759259962|24.586499776486363|0|null|2.250713520549264|0|null|false|0|false
24.00|(735.90,-.93)|(1.00,-.03)|734.9023028877617|24.586499776486363|734|0|0|(745.90,.00)|(834.25,.00)|(754.11,.00)|0.52|1.00|0.00|(755.90,.00)|(1.00,.00)|754.9023028877617|24.586499776486363|0|null|2.2448850379039875|0|null|false|0|false
24.05|(737.69,-.94)|(1.00,-.03)|736.6924147171452|24.586499776486363|736|0|0|(747.69,.00)|(836.04,.00)|(755.90,.00)|0.51|1.00|0.00|(757.69,.00)|(1.00,.00)|756.6924147171452|24.586499776486363|0|null|2.241931763434793|0|null|false|0|false
24.10|(739.48,-.94)|(1.00,-.02)|738.4833223628339|24.586499776486363|738|0|0|(749.48,.00)|(837.83,.00)|(757.69,.00)|0.51|1.00|0.00|(759.48,.00)|(1.00,.00)|758.4833223628339|24.586499776486363|0|null|2.2419596605201155|0|null|false|0|false
24.15|(741.27,-.93)|(1.00,-.02)|740.2749513424882|24.586499776486363|740|0|0|(751.27,.00)|(839.62,.00)|(759.48,.00)|0.51|1.00|0.00|(761.27,.00)|(1.00,.00)|760.2749513424882|24.586499776486363|0|null|2.244983756469446|0|null|false|0|false
24.20|(743.07,-.91)|(1.00,-.01)|742.0672264864605|24.586499776486363|742|0|0|(753.07,.00)|(841.41,.00)|(761.27,.00)|0.51|1.00|0.00|(763.07,.00)|(1.00,.00)|762.0672264864605|24.586499776486363|0|null|2.251015865871862|0|null|false|0|false
24.25|(744.86,-.88)|(1.00,-.00)|743.8603124705163|24.586499776486363|743|0|0|(754.86,.00)|(843.21,.00)|(763.07,.00)|0.41|1.00|0.00|(764.86,.00)|(1.00,.00)|763.8603124705163|24.586499776486363|0|null|2.25860155879415|0|null|false|0|false
24.30|(746.65,-.85)|(1.00,.00)|745.6539578156205|24.586499776486363|745|0|0|(756.65,.00)|(845.00,.00)|(764.86,.00)|0.41|1.00|0.00|(766.65,.00)|(1.00,.00)|765.6539578156205|24.586499776486363|0|null|2.2687124268881|0|null|false|0|false
24.35|(748.45,-.80)|(1.00,.01)|747.4481084780315|24.586499776486363|747|0|0|(758.45,.00)|(846.79,.00)|(766.65,.00)|0.41|1.00|0.00|(768.45,.00)|(1.00,.00)|767.4481084780315|24.586499776486363|0|null|2.281347731642748|0|null|false|0|false
24.40|(750.24,-.75)|(1.00,.01)|749.243033265483|24.586499776486363|749|0|0|(760.24,.00)|(848.59,.00)|(768.45,.00)|0.29|1.00|0.00|(770.24,.00)|(1.00,.00)|769.243033265483|24.586499776486363|0|null|2.294575161148284|0|null|false|0|false
24.45|(752.04,-.70)|(1.00,.01)|751.0384634698581|24.586499776486363|751|0|0|(762.04,.00)|(850.38,.00)|(770.24,.00)|0.29|1.00|0.00|(772.04,.00)|(1.00,.00)|771.0384634698581|24.586499776486363|0|null|2.309664991576793|0|null|false|0|false
24.50|(753.83,-.63)|(1.00,.02)|752.8343694063965|24.586499776486363|752|0|0|(763.83,.00)|(852.18,.00)|(772.04,.00)|0.29|1.00|0.00|(773.83,.00)|(1.00,.00)|772.8343694063965|24.586499776486363|0|null|2.326607046994268|0|null|false|0|false
24.55|(755.63,-.57)|(1.00,.02)|754.63103936793|24.586499776486363|754|0|0|(765.63,.00)|(853.98,.00)|(773.83,.00)|0.16|1.00|0.00|(775.63,.00)|(1.00,.00)|774.63103936793|24.586499776486363|0|null|2.3433146597788577|0|null|false|0|false
24.60|(757.43,-.51)|(1.00,.02)|756.4282506282674|24.586499776486363|756|0|0|(767.43,.00)|(855.77,.00)|(775.63,.00)|0.16|1.00|0.00|(777.43,.00)|(1.00,.00)|776.4282506282674|24.586499776486363|0|null|2.361148264635546|0|null|false|0|false
24.65|(759.23,-.44)|(1.00,.03)|758.2259921081022|24.586499776486363|758|0|0|(769.23,.00)|(857.57,.00)|(777.43,.00)|0.16|1.00|0.00|(779.23,.00)|(1.00,.00)|778.2259921081022|24.586499776486363|0|null|2.3800918683521513|0|null|false|0|false
24.70|(761.02,-.37)|(1.00,.03)|760.024253140801|24.586499776486363|760|0|0|(771.02,.00)|(859.37,.00)|(779.23,.00)|0.16|1.00|0.00|(781.02,.00)|(1.00,.00)|780.024253140801|24.586499776486363|0|null|2.400131070656538|0|null|false|0|false
24.75|(762.82,-.29)|(1.00,.03)|761.823023346241|24.586499776486363|761|0|0|(772.82,.00)|(861.17,.00)|(781.02,.00)|0.16|1.00|0.00|(782.82,.00)|(1.00,.00)|781.823023346241|24.586499776486363|0|null|2.421253149010832|0|null|false|0|false
24.80|(764.62,-.22)|(1.00,.03)|763.6226576974427|24.586499776486363|763|0|0|(774.62,.00)|(862.97,.00)|(782.82,.00)|-0.02|1.00|0.00|(784.62,.00)|(1.00,.00)|783.6226576974427|24.586499776486363|0|null|2.4406553171260073|0|null|false|0|false
24.85|(766.42,-.15)|(1.00,.04)|765.4229496669608|24.586499776486363|765|0|0|(776.42,.00)|(864.77,.00)|(784.62,.00)|-0.02|1.00|0.00|(786.42,.00)|(1.00,.00)|785.4229496669608|24.586499776486363|0|null|2.4601691496367906|0|null|false|0|false
24.90|(768.22,-.07)|(1.00,.04)|767.2238986741266|24.586499776486363|767|0|0|(778.22,.00)|(866.57,.00)|(786.42,.00)|-0.02|1.00|0.00|(788.22,.00)|(1.00,.00)|787.2238986741266|24.586499776486363|0|null|2.4797762587306806|0|null|false|0|false
24.95|(770.03,-.01)|(1.00,.04)|769.0256973426234|24.586499776486363|769|0|0|(780.03,.00)|(868.37,.00)|(788.22,.00)|-0.18|1.00|0.00|(790.03,.00)|(1.00,.00)|789.0256973426234|24.586499776486363|0|null|2.496983749373547|0|null|false|0|false
25.00|(771.83,.05)|(1.00,.04)|770.8282662412324|24.586499776486363|770|0|0|(781.83,.00)|(870.17,.00)|(790.03,.00)|-0.18|1.00|0.00|(791.83,.00)|(1.00,.00)|790.8282662412324|24.586499776486363|0|null|2.5134106947656|0|null|false|0|false
25.05|(773.63,.11)|(1.00,.04)|772.6315999414778|24.586499776486363|772|0|0|(783.63,.00)|(871.98,.00)|(791.83,.00)|-0.18|1.00|0.00|(793.63,.00)|(1.00,.00)|792.6315999414778|24.586499776486363|0|null|2.529035321493757|0|null|false|0|false
25.10|(775.44,.16)|(1.00,.03)|774.4356922612238|24.586499776486363|774|0|0|(785.44,.00)|(873.78,.00)|(793.63,.00)|-0.18|1.00|0.00|(795.44,.00)|(1.00,.00)|794.4356922612238|24.586499776486363|0|null|2.5438381753257984|0|null|false|0|false
25.15|(777.24,.21)|(1.00,.03)|776.2405668566753|24.586499776486363|776|0|0|(787.24,.00)|(875.59,.00)|(795.44,.00)|-0.28|1.00|0.00|(797.24,.00)|(1.00,.00)|796.2405668566753|24.586499776486363|0|null|2.5561379198832883|0|null|false|0|false
25.20|(779.05,.25)|(1.00,.03)|778.0462292759242|24.586499776486363|778|0|0|(789.05,.00)|(877.39,.00)|(797.24,.00)|-0.28|1.00|0.00|(799.05,.00)|(1.00,.00)|798.0462292759242|24.586499776486363|0|null|2.5670159004937547|0|null|false|0|false
25.25|(780.85,.28)|(1.00,.03)|779.8526619273539|24.586499776486363|779|0|0|(790.85,.00)|(879.20,.00)|(799.05,.00)|-0.28|1.00|0.00|(800.85,.00)|(1.00,.00)|799.8526619273539|24.586499776486363|0|null|2.5764514550309485|0|null|false|0|false
25.30|(782.66,.31)|(1.00,.03)|781.6598463759026|24.586499776486363|781|0|0|(792.66,.00)|(881.01,.00)|(800.85,.00)|-0.28|1.00|0.00|(802.66,.00)|(1.00,.00)|801.6598463759026|24.586499776486363|0|null|2.5844255267940053|0|null|false|0|false
25.35|(784.47,.33)|(1.00,.02)|783.4677380385879|24.586499776486363|783|0|0|(794.47,.00)|(882.81,.00)|(802.66,.00)|-0.33|1.00|0.00|(804.47,.00)|(1.00,.00)|803.4677380385879|24.586499776486363|0|null|2.5902227773707|0|null|false|0|false
25.40|(786.28,.35)|(1.00,.02)|785.2763450403875|24.586499776486363|785|0|0|(796.28,.00)|(884.62,.00)|(804.47,.00)|-0.33|1.00|0.00|(806.28,.00)|(1.00,.00)|805.2763450403875|24.586499776486363|0|null|2.5942862162282583|0|null|false|0|false
25.45|(788.09,.35)|(1.00,.02)|787.0856411225299|24.586499776486363|787|0|0|(798.09,.00)|(886.43,.00)|(806.28,.00)|-0.33|1.00|0.00|(808.09,.00)|(1.00,.00)|807.0856411225299|24.586499776486363|0|null|2.5965970332261232|0|null|false|0|false
25.50|(789.90,.36)|(1.00,.01)|788.8955993272716|24.586499776486363|788|0|0|(799.90,.00)|(888.24,.00)|(808.09,.00)|-0.33|1.00|0.00|(809.90,.00)|(1.00,.00)|808.8955993272716|24.586499776486363|0|null|2.5971370117953896|0|null|false|0|false
25.55|(791.71,.35)|(1.00,.01)|790.7062278177909|24.586499776486363|790|0|0|(801.71,.00)|(890.05,.00)|(809.90,.00)|-0.30|1.00|0.00|(811.71,.00)|(1.00,.00)|810.7062278177909|24.586499776486363|0|null|2.596356191739321|0|null|false|0|false
25.60|(793.52,.34)|(1.00,.01)|792.5174703733492|24.586499776486363|792|0|0|(803.52,.00)|(891.86,.00)|(811.71,.00)|-0.30|1.00|0.00|(813.52,.00)|(1.00,.00)|812.5174703733492|24.586499776486363|0|null|2.593928410267322|0|null|false|0|false
25.65|(795.33,.33)|(1.00,.00)|794.3293024845784|24.586499776486363|794|0|0|(805.33,.00)|(893.68,.00)|(813.52,.00)|-0.30|1.00|0.00|(815.33,.00)|(1.00,.00)|814.3293024845784|24.586499776486363|0|null|2.5898375863909866|0|null|false|0|false
25.70|(797.14,.31)|(1.00,.00)|796.1416991681872|24.586499776486363|796|0|0|(807.14,.00)|(895.49,.00)|(815.33,.00)|-0.30|1.00|0.00|(817.14,.00)|(1.00,.00)|816.1416991681872|24.586499776486363|0|null|2.584067256756277|0|null|false|0|false
25.75|(798.95,.28)|(1.00,-.00)|797.9546349420038|24.586499776486363|797|0|0|(808.95,.00)|(897.30,.00)|(817.14,.00)|-0.30|1.00|0.00|(818.95,.00)|(1.00,.00)|817.9546349420038|24.586499776486363|0|null|2.576600459531674|0|null|false|0|false
25.80|(800.77,.25)|(1.00,-.01)|799.7680837909188|24.586499776486363|799|0|0|(810.77,.00)|(899.11,.00)|(818.95,.00)|-0.30|1.00|0.00|(820.77,.00)|(1.00,.00)|819.7680837909188|24.586499776486363|0|null|2.5674196603493096|0|null|false|0|false
25.85|(802.58,.21)|(1.00,-.01)|801.5820191274104|24.586499776486363|801|0|0|(812.58,.00)|(900.93,.00)|(820.77,.00)|-0.30|1.00|0.00|(822.58,.00)|(1.00,.00)|821.5820191274104|24.586499776486363|0|null|2.556506720749382|0|null|false|0|false
25.90|(804.40,.16)|(1.00,-.01)|803.3964137504281|24.586499776486363|803|0|0|(814.40,.00)|(902.74,.00)|(822.58,.00)|-0.30|1.00|0.00|(824.40,.00)|(1.00,.00)|823.3964137504281|24.586499776486363|0|null|2.5438429085908467|0|null|false|0|false
25.95|(806.21,.11)|(1.00,-.02)|805.211239806362|24.586499776486363|805|0|0|(816.21,.00)|(904.56,.00)|(824.40,.00)|-0.30|1.00|0.00|(826.21,.00)|(1.00,.00)|825.211239806362|24.586499776486363|0|null|2.5294089489346696|0|null|false|0|false
26.00|(808.03,.05)|(1.00,-.02)|807.0264687556647|24.586499776486363|807|0|0|(818.03,.00)|(906.37,.00)|(826.21,.00)|-0.30|1.00|0.00|(828.03,.00)|(1.00,.00)|827.0264687556647|24.586499776486363|0|null|2.5131851129985403|0|null|false|0|false
26.05|(809.84,-.02)|(1.00,-.02)|808.8420713484103|24.586499776486363|808|0|0|(819.84,.00)|(908.19,.00)|(828.03,.00)|-0.30|1.00|0.00|(829.84,.00)|(1.00,.00)|828.8420713484103|24.586499776486363|0|null|2.495151341941508|0|null|false|0|false
26.10|(811.66,-.09)|(1.00,-.03)|810.6580176116935|24.586499776486363|810|0|0|(821.66,.00)|(910.00,.00)|(829.84,.00)|-0.30|1.00|0.00|(831.66,.00)|(1.00,.00)|830.6580176116935|24.586499776486363|0|null|2.4752874014799873|0|null|false|0|false
26.15|(813.47,-.17)|(1.00,-.03)|812.4742768513026|24.586499776486363|812|0|0|(823.47,.00)|(911.82,.00)|(831.66,.00)|-0.30|1.00|0.00|(833.47,.00)|(1.00,.00)|832.4742768513026|24.586499776486363|0|null|2.4535730626778447|0|null|false|0|false
26.20|(815.29,-.26)|(1.00,-.04)|814.290817669549|24.586499776486363|814|0|0|(825.29,.00)|(913.64,.00)|(833.47,.00)|-0.30|1.00|0.00|(835.29,.00)|(1.00,.00)|834.290817669549|24.586499776486363|0|null|2.4299883037056444|0|null|false|0|false
26.25|(817.11,-.35)|(1.00,-.04)|816.1076080005294|24.586499776486363|816|0|0|(827.11,.00)|(915.45,.00)|(835.29,.00)|-0.30|1.00|0.00|(837.11,.00)|(1.00,.00)|836.1076080005294|24.586499776486363|0|null|2.40451352693828|0|null|false|0|false
26.30|(818.92,-.45)|(1.00,-.04)|817.9246151634416|24.586499776486363|817|0|0|(828.92,.00)|(917.27,.00)|(837.11,.00)|-0.30|1.00|0.00|(838.92,.00)|(1.00,.00)|837.9246151634416|24.586499776486363|0|null|2.377129785464266|0|null|false|0|false
26.35|(820.74,-.56)|(1.00,-.05)|819.7418059338969|24.586499776486363|819|0|0|(830.74,.00)|(919.09,.00)|(838.92,.00)|-0.30|1.00|0.00|(840.74,.00)|(1.00,.00)|839.7418059338969|24.586499776486363|0|null|2.34781901291933|0|null|false|0|false
26.40|(822.56,-.67)|(1.00,-.05)|821.5591466324834|24.586499776486363|821|0|0|(832.56,.00)|(920.91,.00)|(840.74,.00)|-0.30|1.00|0.00|(842.56,.00)|(1.00,.00)|841.5591466324834|24.586499776486363|0|null|2.316564250534211|0|null|false|0|false
26.45|(824.38,-.79)|(1.00,-.06)|823.3766032291629|24.586499776486363|823|0|0|(834.38,.00)|(922.72,.00)|(842.56,.00)|-0.30|1.00|0.00|(844.38,.00)|(1.00,.00)|843.3766032291629|24.586499776486363|0|null|2.2833498654014077|0|null|false|0|false
26.50|(826.19,-.92)|(1.00,-.06)|825.194141461447|24.586499776486363|825|0|0|(836.19,.00)|(924.54,.00)|(844.38,.00)|-0.30|1.00|0.00|(846.19,.00)|(1.00,.00)|845.194141461447|24.586499776486363|0|null|2.248161754214638|0|null|false|0|false
26.55|(828.01,-1.06)|(1.00,-.06)|827.0117269637125|24.586499776486363|827|0|0|(838.01,.00)|(926.36,.00)|(846.19,.00)|-0.30|1.00|0.00|(848.01,.00)|(1.00,.00)|847.0117269637125|24.586499776486363|0|null|2.2109875271118327|0|null|false|0|false
26.60|(829.83,-1.16)|(1.00,-.06)|828.8315447416816|24.586499776486363|828|0|0|(839.83,.00)|(928.18,.00)|(848.01,.00)|0.38|1.00|0.00|(849.83,.00)|(1.00,.00)|848.8315447416816|24.586499776486363|0|null|2.182613582518767|0|null|false|0|false
26.65|(831.65,-1.26)|(1.00,-.06)|830.6523102317126|24.586499776486363|830|0|0|(841.65,.00)|(930.00,.00)|(849.83,.00)|0.38|1.00|0.00|(851.65,.00)|(1.00,.00)|850.6523102317126|24.586499776486363|0|null|2.1559140112031407|0|null|false|0|false
26.70|(833.47,-1.35)|(1.00,-.06)|832.4740044001654|24.586499776486363|832|0|0|(843.47,.00)|(931.82,.00)|(851.65,.00)|0.38|1.00|0.00|(853.47,.00)|(1.00,.00)|852.4740044001654|24.586499776486363|0|null|2.1309232162132146|0|null|false|0|false
26.75|(835.30,-1.44)|(1.00,-.05)|834.2966066982325|24.586499776486363|834|0|0|(845.30,.00)|(933.64,.00)|(853.47,.00)|0.38|1.00|0.00|(855.30,.00)|(1.00,.00)|854.2966066982325|24.586499776486363|0|null|2.1076747233158084|0|null|false|0|false
26.80|(837.12,-1.49)|(1.00,-.05)|836.1200219195856|24.586499776486363|836|0|0|(847.12,.00)|(935.47,.00)|(855.30,.00)|0.79|1.00|0.00|(857.12,.00)|(1.00,.00)|856.1200219195856|24.586499776486363|0|null|2.092716222926854|0|null|false|0|false
26.85|(838.94,-1.53)|(1.00,-.04)|837.9444519027543|24.586499776486363|837|0|0|(848.94,.00)|(937.29,.00)|(857.12,.00)|0.79|1.00|0.00|(858.94,.00)|(1.00,.00)|857.9444519027543|24.586499776486363|0|null|2.081785617370058|0|null|false|0|false
26.90|(840.77,-1.56)|(1.00,-.04)|839.769773814559|24.586499776486363|839|0|0|(850.77,.00)|(939.12,.00)|(858.94,.00)|0.79|1.00|0.00|(860.77,.00)|(1.00,.00)|859.769773814559|24.586499776486363|0|null|2.0749398658197746|0|null|false|0|false
26.95|(842.60,-1.57)|(1.00,-.03)|841.5958596571979|24.586499776486363|841|0|0|(852.60,.00)|(940.94,.00)|(860.77,.00)|0.79|1.00|0.00|(862.60,.00)|(1.00,.00)|861.5958596571979|24.586499776486363|0|null|2.0722332537728425|0|null|false|0|false
27.00|(844.42,-1.56)|(1.00,-.02)|843.422616665172|24.586499776486363|843|0|0|(854.42,.00)|(942.77,.00)|(862.60,.00)|0.78|1.00|0.00|(864.42,.00)|(1.00,.00)|863.422616665172|24.586499776486363|0|null|2.0734877291398512|0|null|false|0|false
27.05|(846.25,-1.54)|(1.00,-.01)|845.2498762266607|24.586499776486363|845|0|0|(856.25,.00)|(944.60,.00)|(864.42,.00)|0.78|1.00|0.00|(866.25,.00)|(1.00,.00)|865.2498762266607|24.586499776486363|0|null|2.0789036706149755|0|null|false|0|false
27.10|(848.08,-1.51)|(1.00,-.01)|847.0775019046353|24.586499776486363|847|0|0|(858.08,.00)|(946.42,.00)|(866.25,.00)|0.78|1.00|0.00|(868.08,.00)|(1.00,.00)|867.0775019046353|24.586499776486363|0|null|2.0885266476880098|0|null|false|0|false
27.15|(849.91,-1.46)|(1.00,.00)|848.9057603059692|24.586499776486363|848|0|0|(859.91,.00)|(948.25,.00)|(868.08,.00)|0.66|1.00|0.00|(869.91,.00)|(1.00,.00)|868.9057603059692|24.586499776486363|0|null|2.100622096784936|0|null|false|0|false
27.20|(851.73,-1.40)|(1.00,.01)|850.734220147256|24.586499776486363|850|0|0|(861.73,.00)|(950.08,.00)|(869.91,.00)|0.66|1.00|0.00|(871.73,.00)|(1.00,.00)|870.734220147256|24.586499776486363|0|null|2.116401465020953|0|null|false|0|false
27.25|(853.56,-1.33)|(1.00,.01)|852.562772304534|24.586499776486363|852|0|0|(863.56,.00)|(951.91,.00)|(871.73,.00)|0.66|1.00|0.00|(873.56,.00)|(1.00,.00)|872.562772304534|24.586499776486363|0|null|2.1358962188038983|0|null|false|0|false
27.30|(855.39,-1.26)|(1.00,.02)|854.3919424958528|24.586499776486363|854|0|0|(865.39,.00)|(953.74,.00)|(873.56,.00)|0.51|1.00|0.00|(875.39,.00)|(1.00,.00)|874.3919424958528|24.586499776486363|0|null|2.15659474395928|0|null|false|0|false
27.35|(857.22,-1.17)|(1.00,.03)|856.2211980920566|24.586499776486363|856|0|0|(867.22,.00)|(955.57,.00)|(875.39,.00)|0.51|1.00|0.00|(877.22,.00)|(1.00,.00)|876.2211980920566|24.586499776486363|0|null|2.1801982647625993|0|null|false|0|false
27.40|(859.05,-1.07)|(1.00,.03)|858.0504701280353|24.586499776486363|858|0|0|(869.05,.00)|(957.40,.00)|(877.22,.00)|0.51|1.00|0.00|(879.05,.00)|(1.00,.00)|878.0504701280353|24.586499776486363|0|null|2.206722820917914|0|null|false|0|false
27.45|(860.88,-.97)|(1.00,.04)|859.8796892417741|24.586499776486363|859|0|0|(870.88,.00)|(959.23,.00)|(879.05,.00)|0.51|1.00|0.00|(880.88,.00)|(1.00,.00)|879.8796892417741|24.586499776486363|0|null|2.2361829289308757|0|null|false|0|false
27.50|(862.71,-.86)|(1.00,.04)|861.7098459229607|24.586499776486363|861|0|0|(872.71,.00)|(961.06,.00)|(880.88,.00)|0.24|1.00|0.00|(882.71,.00)|(1.00,.00)|881.7098459229607|24.586499776486363|0|null|2.2643845530060376|0|null|false|0|false
27.55|(864.54,-.75)|(1.00,.05)|863.5402235435272|24.586499776486363|863|0|0|(874.54,.00)|(962.89,.00)|(882.71,.00)|0.24|1.00|0.00|(884.54,.00)|(1.00,.00)|883.5402235435272|24.586499776486363|0|null|2.294110907327012|0|null|false|0|false
27.60|(866.37,-.64)|(1.00,.05)|865.3708030457881|24.586499776486363|865|0|0|(876.37,.00)|(964.72,.00)|(884.54,.00)|0.24|1.00|0.00|(886.37,.00)|(1.00,.00)|885.3708030457881|24.586499776486363|0|null|2.3253563598493567|0|null|false|0|false
27.65|(868.20,-.52)|(1.00,.05)|867.2015658936117|24.586499776486363|867|0|0|(878.20,.00)|(966.55,.00)|(886.37,.00)|0.24|1.00|0.00|(888.20,.00)|(1.00,.00)|887.2015658936117|24.586499776486363|0|null|2.3581146386264393|0|null|false|0|false
27.70|(870.03,-.41)|(1.00,.05)|869.0333773341699|24.586499776486363|869|0|0|(880.03,.00)|(968.38,.00)|(888.20,.00)|-0.03|1.00|0.00|(890.03,.00)|(1.00,.00)|889.0333773341699|24.586499776486363|0|null|2.3880223235844937|0|null|false|0|false
27.75|(871.87,-.30)|(1.00,.06)|870.8657313726175|24.586499776486363|870|0|0|(881.87,.00)|(970.21,.00)|(890.03,.00)|-0.03|1.00|0.00|(891.87,.00)|(1.00,.00)|890.8657313726175|24.586499776486363|0|null|2.417942561211767|0|null|false|0|false
27.80|(873.70,-.19)|(1.00,.06)|872.6986296286416|24.586499776486363|872|0|0|(883.70,.00)|(972.04,.00)|(891.87,.00)|-0.03|1.00|0.00|(893.70,.00)|(1.00,.00)|892.6986296286416|24.586499776486363|0|null|2.4478505117460267|0|null|false|0|false
27.85|(875.53,-.09)|(1.00,.06)|874.5324393353308|24.586499776486363|874|0|0|(885.53,.00)|(973.88,.00)|(893.70,.00)|-0.20|1.00|0.00|(895.53,.00)|(1.00,.00)|894.5324393353308|24.586499776486363|0|null|2.4749540485858414|0|null|false|0|false
27.90|(877.37,.00)|(1.00,.06)|876.3669915241853|24.586499776486363|876|0|0|(887.37,.00)|(975.71,.00)|(895.53,.00)|-0.20|1.00|0.00|(897.37,.00)|(1.00,.00)|896.3669915241853|24.586499776486363|0|null|2.501052832064751|0|null|false|0|false
27.95|(879.20,.10)|(1.00,.05)|878.2022806057605|24.586499776486363|878|0|0|(889.20,.00)|(977.55,.00)|(897.37,.00)|-0.20|1.00|0.00|(899.20,.00)|(1.00,.00)|898.2022806057605|24.586499776486363|0|null|2.526112365611158|0|null|false|0|false
28.00|(881.04,.18)|(1.00,.05)|880.0383000583115|24.586499776486363|880|0|0|(891.04,.00)|(979.38,.00)|(899.20,.00)|-0.20|1.00|0.00|(901.04,.00)|(1.00,.00)|900.0383000583115|24.586499776486363|0|null|2.5500992349277|0|null|false|0|false
28.05|(882.88,.26)|(1.00,.05)|881.8751669104585|24.586499776486363|881|0|0|(892.88,.00)|(981.22,.00)|(901.04,.00)|-0.33|1.00|0.00|(902.88,.00)|(1.00,.00)|901.8751669104585|24.586499776486363|0|null|2.57099639593037|0|null|false|0|false
28.10|(884.71,.33)|(1.00,.05)|883.7128383054821|24.586499776486363|883|0|0|(894.71,.00)|(983.06,.00)|(902.88,.00)|-0.33|1.00|0.00|(904.71,.00)|(1.00,.00)|903.7128383054821|24.586499776486363|0|null|2.5900803345542105|0|null|false|0|false
28.15|(886.55,.39)|(1.00,.05)|885.5512901156027|24.586499776486363|885|0|0|(896.55,.00)|(984.90,.00)|(904.71,.00)|-0.33|1.00|0.00|(906.55,.00)|(1.00,.00)|905.5512901156027|24.586499776486363|0|null|2.60731345301521|0|null|false|0|false
28.20|(888.39,.45)|(1.00,.04)|887.3904966144801|24.586499776486363|887|0|0|(898.39,.00)|(986.74,.00)|(906.55,.00)|-0.33|1.00|0.00|(908.39,.00)|(1.00,.00)|907.3904966144801|24.586499776486363|0|null|2.62266004275771|0|null|false|0|false
28.25|(890.23,.49)|(1.00,.04)|889.2304052673575|24.586499776486363|889|0|0|(900.23,.00)|(988.58,.00)|(908.39,.00)|-0.43|1.00|0.00|(910.23,.00)|(1.00,.00)|909.2304052673575|24.586499776486363|0|null|2.63435381931102|0|null|false|0|false
28.30|(892.07,.53)|(1.00,.03)|891.0710375283514|24.586499776486363|891|0|0|(902.07,.00)|(990.42,.00)|(910.23,.00)|-0.43|1.00|0.00|(912.07,.00)|(1.00,.00)|911.0710375283514|24.586499776486363|0|null|2.643504382832761|0|null|false|0|false
28.35|(893.91,.55)|(1.00,.03)|892.9123433420201|24.586499776486363|892|0|0|(903.91,.00)|(992.26,.00)|(912.07,.00)|-0.43|1.00|0.00|(913.91,.00)|(1.00,.00)|912.9123433420201|24.586499776486363|0|null|2.6500757204644896|0|null|false|0|false
28.40|(895.75,.56)|(1.00,.02)|894.7542722191989|24.586499776486363|894|0|0|(905.75,.00)|(994.10,.00)|(913.91,.00)|-0.43|1.00|0.00|(915.75,.00)|(1.00,.00)|914.7542722191989|24.586499776486363|0|null|2.6540542132306393|0|null|false|0|false
28.45|(897.60,.57)|(1.00,.02)|896.5967692754239|24.586499776486363|896|0|0|(907.60,.00)|(995.94,.00)|(915.75,.00)|-0.43|1.00|0.00|(917.60,.00)|(1.00,.00)|916.5967692754239|24.586499776486363|0|null|2.6553968695490893|0|null|false|0|false
28.50|(899.44,.56)|(1.00,.01)|898.4397796565637|24.586499776486363|898|0|0|(909.44,.00)|(997.79,.00)|(917.60,.00)|-0.43|1.00|0.00|(919.44,.00)|(1.00,.00)|918.4397796565637|24.586499776486363|0|null|2.654076725606121|0|null|false|0|false
28.55|(901.28,.55)|(1.00,.01)|900.2832472649553|24.586499776486363|900|0|0|(911.28,.00)|(999.63,.00)|(919.44,.00)|-0.43|1.00|0.00|(921.28,.00)|(1.00,.00)|920.2832472649553|24.586499776486363|0|null|2.6500700152267775|0|null|false|0|false
28.60|(903.13,.52)|(1.00,.00)|902.1271149936787|24.586499776486363|902|0|0|(913.13,.00)|(1001.47,.00)|(921.28,.00)|-0.43|1.00|0.00|(923.13,.00)|(1.00,.00)|922.1271149936787|24.586499776486363|0|null|2.6433562575844753|0|null|false|0|false
28.65|(904.97,.49)|(1.00,-.00)|903.971324968924|24.586499776486363|903|0|0|(914.97,.00)|(1003.32,.00)|(923.13,.00)|-0.43|1.00|0.00|(924.97,.00)|(1.00,.00)|923.971324968924|24.586499776486363|0|null|2.633918327036149|0|null|false|0|false
28.70|(906.82,.45)|(1.00,-.01)|905.8160717983069|24.586499776486363|905|0|0|(916.82,.00)|(1005.16,.00)|(924.97,.00)|-0.33|1.00|0.00|(926.82,.00)|(1.00,.00)|925.8160717983069|24.586499776486363|0|null|2.6234384339416796|0|null|false|0|false
28.75|(908.66,.41)|(1.00,-.01)|907.6611283753493|24.586499776486363|907|0|0|(918.66,.00)|(1007.01,.00)|(926.82,.00)|-0.33|1.00|0.00|(928.66,.00)|(1.00,.00)|927.6611283753493|24.586499776486363|0|null|2.610789469135087|0|null|false|0|false
28.80|(910.51,.35)|(1.00,-.01)|909.5064575572411|24.586499776486363|909|0|0|(920.51,.00)|(1008.85,.00)|(928.66,.00)|-0.33|1.00|0.00|(930.51,.00)|(1.00,.00)|929.5064575572411|24.586499776486363|0|null|2.595970678537366|0|null|false|0|false
28.85|(912.35,.30)|(1.00,-.02)|911.3523965512165|24.586499776486363|911|0|0|(922.35,.00)|(1010.70,.00)|(930.51,.00)|-0.16|1.00|0.00|(932.35,.00)|(1.00,.00)|931.3523965512165|24.586499776486363|0|null|2.581603359119719|0|null|false|0|false
28.90|(914.20,.24)|(1.00,-.02)|913.1986796884019|24.586499776486363|913|0|0|(924.20,.00)|(1012.54,.00)|(932.35,.00)|-0.16|1.00|0.00|(934.20,.00)|(1.00,.00)|933.1986796884019|24.586499776486363|0|null|2.565967520529462|0|null|false|0|false
28.95|(916.05,.18)|(1.00,-.02)|915.0452947400894|24.586499776486363|915|0|0|(926.05,.00)|(1014.39,.00)|(934.20,.00)|-0.16|1.00|0.00|(936.05,.00)|(1.00,.00)|935.0452947400894|24.586499776486363|0|null|2.5490802382285254|0|null|false|0|false
29.00|(917.89,.12)|(1.00,-.03)|916.8924676854796|24.586499776486363|916|0|0|(927.89,.00)|(1016.24,.00)|(936.05,.00)|-0.04|1.00|0.00|(937.89,.00)|(1.00,.00)|936.8924676854796|24.586499776486363|0|null|2.532996984191179|0|null|false|0|false
29.05|(919.74,.06)|(1.00,-.03)|918.74005608757|24.586499776486363|918|0|0|(929.74,.00)|(1018.09,.00)|(937.89,.00)|-0.04|1.00|0.00|(939.74,.00)|(1.00,.00)|938.74005608757|24.586499776486363|0|null|2.516397045214487|0|null|false|0|false
29.10|(921.59,-.00)|(1.00,-.03)|920.5880590610896|24.586499776486363|920|0|0|(931.59,.00)|(1019.93,.00)|(939.74,.00)|-0.04|1.00|0.00|(941.59,.00)|(1.00,.00)|940.5880590610896|24.586499776486363|0|null|2.4993099292648746|0|null|false|0|false
29.15|(923.44,-.06)|(1.00,-.03)|922.4366389924686|24.586499776486363|922|0|0|(933.44,.00)|(1021.78,.00)|(941.59,.00)|0.08|1.00|0.00|(943.44,.00)|(1.00,.00)|942.4366389924686|24.586499776486363|0|null|2.483696243565142|0|null|false|0|false
29.20|(925.29,-.12)|(1.00,-.03)|924.2857183244311|24.586499776486363|924|0|0|(935.29,.00)|(1023.63,.00)|(943.44,.00)|0.08|1.00|0.00|(945.29,.00)|(1.00,.00)|944.2857183244311|24.586499776486363|0|null|2.4683155073092142|0|null|false|0|false
29.25|(927.14,-.17)|(1.00,-.03)|926.1352981318196|24.586499776486363|926|0|0|(937.14,.00)|(1025.48,.00)|(945.29,.00)|0.08|1.00|0.00|(947.14,.00)|(1.00,.00)|946.1352981318196|24.586499776486363|0|null|2.453205993686799|0|null|false|0|false
29.30|(928.99,-.23)|(1.00,-.03)|927.9853792880936|24.586499776486363|927|0|0|(938.99,.00)|(1027.33,.00)|(947.14,.00)|0.08|1.00|0.00|(948.99,.00)|(1.00,.00)|947.9853792880936|24.586499776486363|0|null|2.4384055152387236|0|null|false|0|false
29.35|(930.84,-.27)|(1.00,-.03)|929.8360357271046|24.586499776486363|929|0|0|(940.84,.00)|(1029.18,.00)|(948.99,.00)|0.20|1.00|0.00|(950.84,.00)|(1.00,.00)|949.8360357271046|24.586499776486363|0|null|2.425845565931094|0|null|false|0|false
29.40|(932.69,-.31)|(1.00,-.03)|931.6872502937891|24.586499776486363|931|0|0|(942.69,.00)|(1031.03,.00)|(950.84,.00)|0.20|1.00|0.00|(952.69,.00)|(1.00,.00)|951.6872502937891|24.586499776486363|0|null|2.4143149313695385|0|null|false|0|false
29.45|(934.54,-.35)|(1.00,-.03)|933.5390157108621|24.586499776486363|933|0|0|(944.54,.00)|(1032.89,.00)|(952.69,.00)|0.20|1.00|0.00|(954.54,.00)|(1.00,.00)|953.5390157108621|24.586499776486363|0|null|2.403855768249219|0|null|false|0|false
29.50|(936.39,-.39)|(1.00,-.02)|935.3913236681185|24.586499776486363|935|0|0|(946.39,.00)|(1034.74,.00)|(954.54,.00)|0.20|1.00|0.00|(956.39,.00)|(1.00,.00)|955.3913236681185|24.586499776486363|0|null|2.3945082899722783|0|null|false|0|false
29.55|(938.24,-.41)|(1.00,-.02)|937.2441482075031|24.586499776486363|937|0|0|(948.24,.00)|(1036.59,.00)|(956.39,.00)|0.26|1.00|0.00|(958.24,.00)|(1.00,.00)|957.2441482075031|24.586499776486363|0|null|2.3873449766853003|0|null|false|0|false
29.60|(940.10,-.43)|(1.00,-.02)|939.0975049206554|24.586499776486363|939|0|0|(950.10,.00)|(1038.44,.00)|(958.24,.00)|0.26|1.00|0.00|(960.10,.00)|(1.00,.00)|959.0975049206554|24.586499776486363|0|null|2.381720457581741|0|null|false|0|false
29.65|(941.95,-.45)|(1.00,-.02)|940.9513751219962|24.586499776486363|940|0|0|(951.95,.00)|(1040.30,.00)|(960.10,.00)|0.26|1.00|0.00|(961.95,.00)|(1.00,.00)|960.9513751219962|24.586499776486363|0|null|2.3776717612913423|0|null|false|0|false
29.70|(943.81,-.46)|(1.00,-.01)|942.8057358863766|24.586499776486363|942|0|0|(953.81,.00)|(1042.15,.00)|(961.95,.00)|0.27|1.00|0.00|(963.81,.00)|(1.00,.00)|962.8057358863766|24.586499776486363|0|null|2.375288259968258|0|null|false|0|false
29.75|(945.66,-.46)|(1.00,-.01)|944.6605687809316|24.586499776486363|944|0|0|(955.66,.00)|(1044.01,.00)|(963.81,.00)|0.27|1.00|0.00|(965.66,.00)|(1.00,.00)|964.6605687809316|24.586499776486363|0|null|2.3745643929470868|0|null|false|0|false
29.80|(947.52,-.46)|(1.00,-.01)|946.5158512800053|24.586499776486363|946|0|0|(957.52,.00)|(1045.86,.00)|(965.66,.00)|0.27|1.00|0.00|(967.52,.00)|(1.00,.00)|966.5158512800053|24.586499776486363|0|null|2.375528015420275|0|null|false|0|false
29.85|(949.37,-.45)|(1.00,-.01)|948.3715599764207|24.586499776486363|948|0|0|(959.37,.00)|(1047.72,.00)|(967.52,.00)|0.27|1.00|0.00|(969.37,.00)|(1.00,.00)|968.3715599764207|24.586499776486363|0|null|2.378203671006128|0|null|false|0|false
29.90|(951.23,-.43)|(1.00,-.00)|950.2276707273639|24.586499776486363|950|0|0|(961.23,.00)|(1049.57,.00)|(969.37,.00)|0.27|1.00|0.00|(971.23,.00)|(1.00,.00)|970.2276707273639|24.586499776486363|0|null|2.382612564838618|0|null|false|0|false
29.95|(953.08,-.41)|(1.00,.00)|952.0841588051242|24.586499776486363|952|0|0|(963.08,.00)|(1051.43,.00)|(971.23,.00)|0.27|1.00|0.00|(973.08,.00)|(1.00,.00)|972.0841588051242|24.586499776486363|0|null|2.3887725740112766|0|null|false|0|false
30.00|(954.94,-.38)|(1.00,.00)|953.940999049275|24.586499776486363|953|0|0|(964.94,.00)|(1053.29,.00)|(973.08,.00)|0.27|1.00|0.00|(974.94,.00)|(1.00,.00)|973.940999049275|24.586499776486363|0|null|2.3966982965602024|0|null|false|0|false
30.05|(956.80,-.34)|(1.00,.01)|955.7981660167495|24.586499776486363|955|0|0|(966.80,.00)|(1055.14,.00)|(974.94,.00)|0.27|1.00|0.00|(976.80,.00)|(1.00,.00)|975.7981660167495|24.586499776486363|0|null|2.406401139375075|0|null|false|0|false
30.10|(958.66,-.30)|(1.00,.01)|957.655634126236|24.586499776486363|957|0|0|(968.66,.00)|(1057.00,.00)|(976.80,.00)|0.27|1.00|0.00|(978.66,.00)|(1.00,.00)|977.655634126236|24.586499776486363|0|null|2.4178894446017933|0|null|false|0|false
30.15|(960.51,-.25)|(1.00,.01)|959.5133777934159|24.586499776486363|959|0|0|(970.51,.00)|(1058.86,.00)|(978.66,.00)|0.27|1.00|0.00|(980.51,.00)|(1.00,.00)|979.5133777934159|24.586499776486363|0|null|2.4311686532668553|0|null|false|0|false
30.20|(962.37,-.20)|(1.00,.02)|961.3713715537788|24.586499776486363|961|0|0|(972.37,.00)|(1060.72,.00)|(980.51,.00)|0.27|1.00|0.00|(982.37,.00)|(1.00,.00)|981.3713715537788|24.586499776486363|0|null|2.446241504032709|0|null|false|0|false
30.25|(964.23,-.14)|(1.00,.02)|963.2295901700804|24.586499776486363|963|0|0|(974.23,.00)|(1062.58,.00)|(982.37,.00)|0.27|1.00|0.00|(984.23,.00)|(1.00,.00)|983.2295901700804|24.586499776486363|0|null|2.4631082642055553|0|null|false|0|false
30.30|(966.09,-.07)|(1.00,.03)|965.0880087219363|24.586499776486363|965|0|0|(976.09,.00)|(1064.43,.00)|(984.23,.00)|0.27|1.00|0.00|(986.09,.00)|(1.00,.00)|985.0880087219363|24.586499776486363|0|null|2.4817669893818435|0|null|false|0|false
30.35|(967.95,.01)|(1.00,.03)|966.9466026755664|24.586499776486363|966|0|0|(977.95,.00)|(1066.29,.00)|(986.09,.00)|0.27|1.00|0.00|(987.95,.00)|(1.00,.00)|986.9466026755664|24.586499776486363|0|null|2.502213807455149|0|null|false|0|false
30.40|(969.81,.09)|(1.00,.03)|968.8053479322912|24.586499776486363|968|0|0|(979.81,.00)|(1068.15,.00)|(987.95,.00)|0.27|1.00|0.00|(989.81,.00)|(1.00,.00)|988.8053479322912|24.586499776486363|0|null|2.5244432221275033|0|null|false|0|false
30.45|(971.66,.18)|(1.00,.04)|970.6642208550078|24.586499776486363|970|0|0|(981.66,.00)|(1070.01,.00)|(989.81,.00)|0.27|1.00|0.00|(991.66,.00)|(1.00,.00)|990.6642208550078|24.586499776486363|0|null|2.5484484305927224|0|null|false|0|false
30.50|(973.52,.27)|(1.00,.04)|972.5231982725346|24.586499776486363|972|0|0|(983.52,.00)|(1071.87,.00)|(991.66,.00)|0.27|1.00|0.00|(993.52,.00)|(1.00,.00)|992.5231982725346|24.586499776486363|0|null|2.5742216496955943|0|null|false|0|false
30.55|(975.38,.37)|(1.00,.04)|974.3822574623609|24.586499776486363|974|0|0|(985.38,.00)|(1073.73,.00)|(993.52,.00)|0.27|1.00|0.00|(995.38,.00)|(1.00,.00)|994.3822574623609|24.586499776486363|0|null|2.6017544446288636|0|null|false|0|false
30.60|(977.24,.48)|(1.00,.05)|976.2413761129721|24.586499776486363|976|0|0|(987.24,.00)|(1075.59,.00)|(995.38,.00)|0.27|1.00|0.00|(997.24,.00)|(1.00,.00)|996.2413761129721|24.586499776486363|0|null|2.6310380541161185|0|null|false|0|false
30.65|(979.10,.59)|(1.00,.05)|978.1005322675081|24.586499776486363|978|0|0|(989.10,.00)|(1077.45,.00)|(997.24,.00)|0.27|1.00|0.00|(999.10,.00)|(1.00,.00)|998.1005322675081|24.586499776486363|0|null|2.662063706046001|0|null|false|0|false
30.70|(980.96,.71)|(1.00,.05)|979.9597042510436|24.586499776486363|979|0|0|(990.96,.00)|(1079.31,.00)|(999.10,.00)|0.27|1.00|0.00|(1000.96,.00)|(1.00,.00)|999.9597042510436|24.586499776486363|0|null|2.6948229176719956|0|null|false|0|false
30.75|(982.82,.84)|(1.00,.06)|981.8188705842321|24.586499776486363|981|0|0|(992.82,.00)|(1081.16,.00)|(1000.96,.00)|0.27|1.00|0.00|(1002.82,.00)|(1.00,.00)|1001.8188705842321|24.586499776486363|0|null|2.7293077747695413|0|null|false|0|false
30.80|(984.68,.97)|(1.00,.06)|983.6780098864299|24.586499776486363|983|0|0|(994.68,.00)|(1083.02,.00)|(1002.82,.00)|0.27|1.00|0.00|(1004.68,.00)|(1.00,.00)|1003.6780098864299|24.586499776486363|0|null|2.765511184542888|0|null|false|0|false
30.85|(986.54,1.11)|(1.00,.06)|985.5371007716953|24.586499776486363|985|0|0|(996.54,.00)|(1084.88,.00)|(1004.68,.00)|0.27|1.00|0.00|(1006.54,.00)|(1.00,.00)|1005.5371007716953|24.586499776486363|0|null|2.8034270975894375|0|null|false|0|false
30.90|(988.40,1.26)|(1.00,.07)|987.3961217412453|24.586499776486363|987|0|0|(998.40,.00)|(1086.74,.00)|(1006.54,.00)|0.27|1.00|0.00|(1008.40,.00)|(1.00,.00)|1007.3961217412453|24.586499776486363|0|null|2.8430506948486314|0|null|false|0|false
30.95|(990.26,1.41)|(1.00,.07)|989.2550510760409|24.586499776486363|989|0|0|(1000.26,.00)|(1088.60,.00)|(1008.40,.00)|0.27|1.00|0.00|(1010.26,.00)|(1.00,.00)|1009.2550510760409|24.586499776486363|0|null|2.8843785361723695|0|null|false|0|false
31.00|(992.11,1.56)|(1.00,.07)|991.1138667331699|24.586499776486363|991|0|0|(1002.11,.00)|(1090.46,.00)|(1010.26,.00)|0.27|1.00|0.00|(1012.11,.00)|(1.00,.00)|1011.1138667331699|24.586499776486363|0|null|2.92740866793946|0|null|false|0|false
31.05|(993.97,1.73)|(1.00,.08)|992.9725462495973|24.586499776486363|992|0|0|(1003.97,.00)|(1092.32,.00)|(1012.11,.00)|0.27|1.00|0.00|(1013.97,.00)|(1.00,.00)|1012.9725462495973|24.586499776486363|0|null|2.9721406879808017|0|null|false|0|false
31.10|(995.83,1.84)|(1.00,.07)|994.8341001930136|24.586499776486363|994|0|0|(1005.83,.00)|(1094.18,.00)|(1013.97,.00)|-0.67|1.00|0.00|(1015.83,.00)|(1.00,.00)|1014.8341001930136|24.586499776486363|0|null|3.0034023491524273|0|null|false|0|false
31.15|(997.70,1.94)|(1.00,.07)|996.6968626528779|24.586499776486363|996|0|0|(1007.70,.00)|(1096.04,.00)|(1015.83,.00)|-0.67|1.00|0.00|(1017.70,.00)|(1.00,.00)|1016.6968626528779|24.586499776486363|0|null|3.0311901319181507|0|null|false|0|false
31.20|(999.56,2.03)|(1.00,.06)|998.5607506265235|24.586499776486363|998|0|0|(1009.56,.00)|(1097.91,.00)|(1017.70,.00)|-0.67|1.00|0.00|(1019.56,.00)|(1.00,.00)|1018.5607506265235|24.586499776486363|0|null|3.055451645869672|0|null|false|0|false
31.25|(1001.43,2.11)|(1.00,.06)|1000.4256762100526|24.586499776486363|1000|0|0|(1011.43,.00)|(1099.77,.00)|(1019.56,.00)|-0.67|1.00|0.00|(1021.43,.00)|(1.00,.00)|1020.4256762100526|24.586499776486363|0|null|3.076140666611589|0|null|false|0|false
31.30|(1003.29,2.14)|(1.00,.05)|1002.290638612518|24.586499776486363|1002|0|0|(1013.29,.00)|(1101.64,.00)|(1021.43,.00)|-1.16|1.00|0.00|(1023.29,.00)|(1.00,.00)|1022.290638612518|24.586499776486363|0|null|3.085231535636882|0|null|false|0|false
31.35|(1005.16,2.15)|(1.00,.04)|1004.1563967242943|24.586499776486363|1004|0|0|(1015.16,.00)|(1103.50,.00)|(1023.29,.00)|-1.16|1.00|0.00|(1025.16,.00)|(1.00,.00)|1024.1563967242942|24.586499776486363|0|null|3.0879477335477077|0|null|false|0|false
31.40|(1007.02,2.14)|(1.00,.03)|1006.0226486813538|24.586499776486363|1006|0|0|(1017.02,.00)|(1105.37,.00)|(1025.16,.00)|-1.16|1.00|0.00|(1027.02,.00)|(1.00,.00)|1026.0226486813538|24.586499776486363|0|null|3.084229733223786|0|null|false|0|false
31.45|(1008.89,2.10)|(1.00,.02)|1007.8890848940138|24.586499776486363|1007|0|0|(1018.89,.00)|(1107.24,.00)|(1027.02,.00)|-1.16|1.00|0.00|(1028.89,.00)|(1.00,.00)|1027.8890848940136|24.586499776486363|0|null|3.0740259575573754|0|null|false|0|false
31.50|(1010.76,2.05)|(1.00,.01)|1009.7561175053345|24.586499776486363|1009|0|0|(1020.76,.00)|(1109.10,.00)|(1028.89,.00)|-1.02|1.00|0.00|(1030.76,.00)|(1.00,.00)|1029.7561175053345|24.586499776486363|0|null|3.0595433986142755|0|null|false|0|false
31.55|(1012.62,1.97)|(1.00,-.01)|1011.622897857518|24.586499776486363|1011|0|0|(1022.62,.00)|(1110.97,.00)|(1030.76,.00)|-1.02|1.00|0.00|(1032.62,.00)|(1.00,.00)|1031.622897857518|24.586499776486363|0|null|3.0392629932637516|0|null|false|0|false
31.60|(1014.49,1.88)|(1.00,-.02)|1013.4891722177354|24.586499776486363|1013|0|0|(1024.49,.00)|(1112.84,.00)|(1032.62,.00)|-1.02|1.00|0.00|(1034.49,.00)|(1.00,.00)|1033.4891722177354|24.586499776486363|0|null|3.013160712967573|0|null|false|0|false
31.65|(1016.36,1.78)|(1.00,-.02)|1015.3560827220495|24.586499776486363|1015|0|0|(1026.36,.00)|(1114.70,.00)|(1034.49,.00)|-0.78|1.00|0.00|(1036.36,.00)|(1.00,.00)|1035.3560827220495|24.586499776486363|0|null|2.985062584266804|0|null|false|0|false
31.70|(1018.22,1.66)|(1.00,-.03)|1017.2224301648682|24.586499776486363|1017|0|0|(1028.22,.00)|(1116.57,.00)|(1036.36,.00)|-0.78|1.00|0.00|(1038.22,.00)|(1.00,.00)|1037.2224301648682|24.586499776486363|0|null|2.9524219316829674|0|null|false|0|false
31.75|(1020.09,1.52)|(1.00,-.04)|1019.0880599876118|24.586499776486363|1019|0|0|(1030.09,.00)|(1118.43,.00)|(1038.22,.00)|-0.78|1.00|0.00|(1040.09,.00)|(1.00,.00)|1039.0880599876118|24.586499776486363|0|null|2.915238287924643|0|null|false|0|false
31.80|(1021.95,1.37)|(1.00,-.05)|1020.9528182021993|24.586499776486363|1020|0|0|(1031.95,.00)|(1120.30,.00)|(1040.09,.00)|-0.78|1.00|0.00|(1041.95,.00)|(1.00,.00)|1040.9528182021993|24.586499776486363|0|null|2.873512384449503|0|null|false|0|false
31.85|(1023.82,1.22)|(1.00,-.06)|1022.8188312907872|24.586499776486363|1022|0|0|(1033.82,.00)|(1122.16,.00)|(1041.95,.00)|-0.40|1.00|0.00|(1043.82,.00)|(1.00,.00)|1042.8188312907873|24.586499776486363|0|null|2.833443704580998|0|null|false|0|false
31.90|(1025.68,1.06)|(1.00,-.06)|1024.6845279745764|24.586499776486363|1024|0|0|(1035.68,.00)|(1124.03,.00)|(1043.82,.00)|-0.40|1.00|0.00|(1045.68,.00)|(1.00,.00)|1044.6845279745764|24.586499776486363|0|null|2.7909528355261277|0|null|false|0|false
31.95|(1027.55,.90)|(1.00,-.07)|1026.5498687702648|24.586499776486363|1026|0|0|(1037.55,.00)|(1125.90,.00)|(1045.68,.00)|-0.40|1.00|0.00|(1047.55,.00)|(1.00,.00)|1046.5498687702648|24.586499776486363|0|null|2.746061081071726|0|null|false|0|false
32.00|(1029.42,.74)|(1.00,-.07)|1028.4162250898892|24.586499776486363|1028|0|0|(1039.42,.00)|(1127.76,.00)|(1047.55,.00)|-0.11|1.00|0.00|(1049.42,.00)|(1.00,.00)|1048.4162250898892|24.586499776486363|0|null|2.7034738439779615|0|null|false|0|false
32.05|(1031.28,.59)|(1.00,-.08)|1030.2827504393956|24.586499776486363|1030|0|0|(1041.28,.00)|(1129.63,.00)|(1049.42,.00)|-0.11|1.00|0.00|(1051.28,.00)|(1.00,.00)|1050.2827504393956|24.586499776486363|0|null|2.660120136272967|0|null|false|0|false
32.10|(1033.15,.42)|(1.00,-.08)|1032.1494460440774|24.586499776486363|1032|0|0|(1043.15,.00)|(1131.50,.00)|(1051.28,.00)|-0.11|1.00|0.00|(1053.15,.00)|(1.00,.00)|1052.1494460440774|24.586499776486363|0|null|2.6160292627078086|0|null|false|0|false
32.15|(1035.02,.26)|(1.00,-.08)|1034.0163124117346|24.586499776486363|1034|0|0|(1045.02,.00)|(1133.36,.00)|(1053.15,.00)|-0.11|1.00|0.00|(1055.02,.00)|(1.00,.00)|1054.0163124117346|24.586499776486363|0|null|2.5712261803443255|0|null|false|0|false
32.20|(1036.88,.11)|(1.00,-.08)|1035.8845796422734|24.586499776486363|1035|0|0|(1046.88,.00)|(1135.23,.00)|(1055.02,.00)|0.23|1.00|0.00|(1056.88,.00)|(1.00,.00)|1055.8845796422734|24.586499776486363|0|null|2.5313562748258995|0|null|false|0|false
32.25|(1038.75,-.03)|(1.00,-.08)|1037.7536245254591|24.586499776486363|1037|0|0|(1048.75,.00)|(1137.10,.00)|(1056.88,.00)|0.23|1.00|0.00|(1058.75,.00)|(1.00,.00)|1057.7536245254591|24.586499776486363|0|null|2.4927307841751976|0|null|false|0|false
32.30|(1040.62,-.16)|(1.00,-.08)|1039.6234393920572|24.586499776486363|1039|0|0|(1050.62,.00)|(1138.97,.00)|(1058.75,.00)|0.23|1.00|0.00|(1060.62,.00)|(1.00,.00)|1059.6234393920572|24.586499776486363|0|null|2.4553829613605958|0|null|false|0|false
32.35|(1042.49,-.28)|(1.00,-.07)|1041.4943853579991|24.586499776486363|1041|0|0|(1052.49,.00)|(1140.84,.00)|(1060.62,.00)|0.43|1.00|0.00|(1062.49,.00)|(1.00,.00)|1061.4943853579991|24.586499776486363|0|null|2.4226339584407914|0|null|false|0|false
32.40|(1044.37,-.39)|(1.00,-.07)|1043.3663239679975|24.586499776486363|1043|0|0|(1054.37,.00)|(1142.71,.00)|(1062.49,.00)|0.43|1.00|0.00|(1064.37,.00)|(1.00,.00)|1063.3663239679975|24.586499776486363|0|null|2.392337298817483|0|null|false|0|false
32.45|(1046.24,-.50)|(1.00,-.07)|1045.239211158275|24.586499776486363|1045|0|0|(1056.24,.00)|(1144.59,.00)|(1064.37,.00)|0.43|1.00|0.00|(1066.24,.00)|(1.00,.00)|1065.239211158275|24.586499776486363|0|null|2.36452339929483|0|null|false|0|false
32.50|(1048.11,-.59)|(1.00,-.06)|1047.1130003320625|24.586499776486363|1047|0|0|(1058.11,.00)|(1146.46,.00)|(1066.24,.00)|0.43|1.00|0.00|(1068.11,.00)|(1.00,.00)|1067.1130003320625|24.586499776486363|0|null|2.3392172619134897|0|null|false|0|false
32.55|(1049.99,-.66)|(1.00,-.06)|1048.9876645709114|24.586499776486363|1048|0|0|(1059.99,.00)|(1148.33,.00)|(1068.11,.00)|0.56|1.00|0.00|(1069.99,.00)|(1.00,.00)|1068.9876645709114|24.586499776486363|0|null|2.3185052419009846|0|null|false|0|false
32.60|(1051.86,-.73)|(1.00,-.05)|1050.8632017962505|24.586499776486363|1050|0|0|(1061.86,.00)|(1150.21,.00)|(1069.99,.00)|0.56|1.00|0.00|(1071.86,.00)|(1.00,.00)|1070.8632017962505|24.586499776486363|0|null|2.3010427205121267|0|null|false|0|false
32.65|(1053.74,-.78)|(1.00,-.05)|1052.739530863973|24.586499776486363|1052|0|0|(1063.74,.00)|(1152.09,.00)|(1071.86,.00)|0.56|1.00|0.00|(1073.74,.00)|(1.00,.00)|1072.739530863973|24.586499776486363|0|null|2.2868492188208442|0|null|false|0|false
32.70|(1055.62,-.82)|(1.00,-.04)|1054.6165691933475|24.586499776486363|1054|0|0|(1065.62,.00)|(1153.96,.00)|(1073.74,.00)|0.56|1.00|0.00|(1075.62,.00)|(1.00,.00)|1074.6165691933475|24.586499776486363|0|null|2.2759401569007185|0|null|false|0|false
32.75|(1057.49,-.85)|(1.00,-.04)|1056.4941914260899|24.586499776486363|1056|0|0|(1067.49,.00)|(1155.84,.00)|(1075.62,.00)|0.59|1.00|0.00|(1077.49,.00)|(1.00,.00)|1076.4941914260899|24.586499776486363|0|null|2.268842375606398|0|null|false|0|false
32.80|(1059.37,-.86)|(1.00,-.03)|1058.3723514175754|24.586499776486363|1058|0|0|(1069.37,.00)|(1157.72,.00)|(1077.49,.00)|0.59|1.00|0.00|(1079.37,.00)|(1.00,.00)|1078.3723514175754|24.586499776486363|0|null|2.265225839831557|0|null|false|0|false
32.85|(1061.25,-.86)|(1.00,-.02)|1060.250955938255|24.586499776486363|1060|0|0|(1071.25,.00)|(1159.60,.00)|(1079.37,.00)|0.59|1.00|0.00|(1081.25,.00)|(1.00,.00)|1080.250955938255|24.586499776486363|0|null|2.265098768372481|0|null|false|0|false
32.90|(1063.13,-.85)|(1.00,-.02)|1062.130032436985|24.586499776486363|1062|0|0|(1073.13,.00)|(1161.48,.00)|(1081.25,.00)|0.53|1.00|0.00|(1083.13,.00)|(1.00,.00)|1082.130032436985|24.586499776486363|0|null|2.2675467816162005|0|null|false|0|false
32.95|(1065.01,-.83)|(1.00,-.01)|1064.0093976423486|24.586499776486363|1064|0|0|(1075.01,.00)|(1163.36,.00)|(1083.13,.00)|0.53|1.00|0.00|(1085.01,.00)|(1.00,.00)|1084.0093976423486|24.586499776486363|0|null|2.273179787028159|0|null|false|0|false
33.00|(1066.89,-.80)|(1.00,-.00)|1065.8889739147364|24.586499776486363|1065|0|0|(1076.89,.00)|(1165.23,.00)|(1085.01,.00)|0.53|1.00|0.00|(1086.89,.00)|(1.00,.00)|1085.8889739147364|24.586499776486363|0|null|2.281997561176304|0|null|false|0|false
33.05|(1068.77,-.76)|(1.00,.00)|1067.7689523777717|24.586499776486363|1067|0|0|(1078.77,.00)|(1167.11,.00)|(1086.89,.00)|0.43|1.00|0.00|(1088.77,.00)|(1.00,.00)|1087.7689523777717|24.586499776486363|0|null|2.2922732172962865|0|null|false|0|false
33.10|(1070.65,-.71)|(1.00,.01)|1069.6490771380884|24.586499776486363|1069|0|0|(1080.65,.00)|(1169.00,.00)|(1088.77,.00)|0.43|1.00|0.00|(1090.65,.00)|(1.00,.00)|1089.6490771380884|24.586499776486363|0|null|2.3051414065644806|0|null|false|0|false
33.15|(1072.53,-.66)|(1.00,.01)|1071.5292972631303|24.586499776486363|1071|0|0|(1082.53,.00)|(1170.88,.00)|(1090.65,.00)|0.43|1.00|0.00|(1092.53,.00)|(1.00,.00)|1091.5292972631303|24.586499776486363|0|null|2.3205951253611503|0|null|false|0|false
33.20|(1074.41,-.59)|(1.00,.02)|1073.4095624439126|24.586499776486363|1073|0|0|(1084.41,.00)|(1172.76,.00)|(1092.53,.00)|0.43|1.00|0.00|(1094.41,.00)|(1.00,.00)|1093.4095624439126|24.586499776486363|0|null|2.3386282083802827|0|null|false|0|false
33.25|(1076.29,-.53)|(1.00,.02)|1075.2903439031163|24.586499776486363|1075|0|0|(1086.29,.00)|(1174.64,.00)|(1094.41,.00)|0.23|1.00|0.00|(1096.29,.00)|(1.00,.00)|1095.2903439031163|24.586499776486363|0|null|2.3560427954120513|0|null|false|0|false
33.30|(1078.17,-.46)|(1.00,.02)|1077.171280504105|24.586499776486363|1077|0|0|(1088.17,.00)|(1176.52,.00)|(1096.29,.00)|0.23|1.00|0.00|(1098.17,.00)|(1.00,.00)|1097.171280504105|24.586499776486363|0|null|2.3749356450585815|0|null|false|0|false
33.35|(1080.05,-.38)|(1.00,.03)|1079.052356217658|24.586499776486363|1079|0|0|(1090.05,.00)|(1178.40,.00)|(1098.17,.00)|0.23|1.00|0.00|(1100.05,.00)|(1.00,.00)|1099.052356217658|24.586499776486363|0|null|2.3952926826235195|0|null|false|0|false
33.40|(1081.93,-.31)|(1.00,.03)|1080.9338681113932|24.586499776486363|1080|0|0|(1091.93,.00)|(1180.28,.00)|(1100.05,.00)|0.09|1.00|0.00|(1101.93,.00)|(1.00,.00)|1100.9338681113932|24.586499776486363|0|null|2.414760917433718|0|null|false|0|false
33.45|(1083.82,-.24)|(1.00,.03)|1082.8156338527176|24.586499776486363|1082|0|0|(1093.82,.00)|(1182.16,.00)|(1101.93,.00)|0.09|1.00|0.00|(1103.82,.00)|(1.00,.00)|1102.8156338527176|24.586499776486363|0|null|2.434871001752854|0|null|false|0|false
33.50|(1085.70,-.16)|(1.00,.03)|1084.6976506345293|24.586499776486363|1084|0|0|(1095.70,.00)|(1184.04,.00)|(1103.82,.00)|0.09|1.00|0.00|(1105.70,.00)|(1.00,.00)|1104.6976506345293|24.586499776486363|0|null|2.455606614288457|0|null|false|0|false
33.55|(1087.58,-.08)|(1.00,.04)|1086.579915581364|24.586499776486363|1086|0|0|(1097.58,.00)|(1185.93,.00)|(1105.70,.00)|0.09|1.00|0.00|(1107.58,.00)|(1.00,.00)|1106.579915581364|24.586499776486363|0|null|2.4769538416032377|0|null|false|0|false
33.60|(1089.46,-.01)|(1.00,.04)|1088.4627146706923|24.586499776486363|1088|0|0|(1099.46,.00)|(1187.81,.00)|(1107.58,.00)|-0.09|1.00|0.00|(1109.46,.00)|(1.00,.00)|1108.4627146706923|24.586499776486363|0|null|2.4959793774612473|0|null|false|0|false
33.65|(1091.35,.05)|(1.00,.04)|1090.345915521828|24.586499776486363|1090|0|0|(1101.35,.00)|(1189.69,.00)|(1109.46,.00)|-0.09|1.00|0.00|(1111.35,.00)|(1.00,.00)|1110.345915521828|24.586499776486363|0|null|2.514595908083602|0|null|false|0|false
33.70|(1093.23,.12)|(1.00,.04)|1092.229516536222|24.586499776486363|1092|0|0|(1103.23,.00)|(1191.58,.00)|(1111.35,.00)|-0.09|1.00|0.00|(1113.23,.00)|(1.00,.00)|1112.229516536222|24.586499776486363|0|null|2.532784611818496|0|null|false|0|false
33.75|(1095.11,.18)|(1.00,.04)|1094.1135156841056|24.586499776486363|1094|0|0|(1105.11,.00)|(1193.46,.00)|(1113.23,.00)|-0.09|1.00|0.00|(1115.11,.00)|(1.00,.00)|1114.1135156841056|24.586499776486363|0|null|2.5505288228015464|0|null|false|0|false
33.80|(1097.00,.24)|(1.00,.03)|1095.9979982271852|24.586499776486363|1095|0|0|(1107.00,.00)|(1195.34,.00)|(1115.11,.00)|-0.20|1.00|0.00|(1117.00,.00)|(1.00,.00)|1115.9979982271852|24.586499776486363|0|null|2.565942037141978|0|null|false|0|false
33.85|(1098.88,.29)|(1.00,.03)|1097.8829430893813|24.586499776486363|1097|0|0|(1108.88,.00)|(1197.23,.00)|(1117.00,.00)|-0.20|1.00|0.00|(1118.88,.00)|(1.00,.00)|1117.8829430893813|24.586499776486363|0|null|2.58024234130842|0|null|false|0|false
33.90|(1100.77,.34)|(1.00,.03)|1099.7683398582583|24.586499776486363|1099|0|0|(1110.77,.00)|(1199.11,.00)|(1118.88,.00)|-0.20|1.00|0.00|(1120.77,.00)|(1.00,.00)|1119.7683398582583|24.586499776486363|0|null|2.5934105882343212|0|null|false|0|false
33.95|(1102.65,.38)|(1.00,.03)|1101.654178036519|24.586499776486363|1101|0|0|(1112.65,.00)|(1201.00,.00)|(1120.77,.00)|-0.28|1.00|0.00|(1122.65,.00)|(1.00,.00)|1121.654178036519|24.586499776486363|0|null|2.6040987785034044|0|null|false|0|false
34.00|(1104.54,.41)|(1.00,.03)|1103.5404714284678|24.586499776486363|1103|0|0|(1114.54,.00)|(1202.89,.00)|(1122.65,.00)|-0.28|1.00|0.00|(1124.54,.00)|(1.00,.00)|1123.5404714284678|24.586499776486363|0|null|2.6131652474440763|0|null|false|0|false
34.05|(1106.43,.44)|(1.00,.02)|1105.427198790475|24.586499776486363|1105|0|0|(1116.43,.00)|(1204.77,.00)|(1124.54,.00)|-0.28|1.00|0.00|(1126.43,.00)|(1.00,.00)|1125.427198790475|24.586499776486363|0|null|2.620589033639616|0|null|false|0|false
34.10|(1108.31,.46)|(1.00,.02)|1107.31432506041|24.586499776486363|1107|0|0|(1118.31,.00)|(1206.66,.00)|(1126.43,.00)|-0.30|1.00|0.00|(1128.31,.00)|(1.00,.00)|1127.31432506041|24.586499776486363|0|null|2.6260222057811378|0|null|false|0|false
34.15|(1110.20,.47)|(1.00,.02)|1109.2018414151867|24.586499776486363|1109|0|0|(1120.20,.00)|(1208.55,.00)|(1128.31,.00)|-0.30|1.00|0.00|(1130.20,.00)|(1.00,.00)|1129.2018414151867|24.586499776486363|0|null|2.629660826032975|0|null|false|0|false
34.20|(1112.09,.48)|(1.00,.02)|1111.0897218819093|24.586499776486363|1111|0|0|(1122.09,.00)|(1210.44,.00)|(1130.20,.00)|-0.30|1.00|0.00|(1132.09,.00)|(1.00,.00)|1131.0897218819093|24.586499776486363|0|null|2.631484480079858|0|null|false|0|false
34.25|(1113.98,.48)|(1.00,.01)|1112.977939867724|24.586499776486363|1112|0|0|(1123.98,.00)|(1212.32,.00)|(1132.09,.00)|-0.30|1.00|0.00|(1133.98,.00)|(1.00,.00)|1132.977939867724|24.586499776486363|0|null|2.6314730220046174|0|null|false|0|false
34.30|(1115.87,.47)|(1.00,.01)|1114.8664681713055|24.586499776486363|1114|0|0|(1125.87,.00)|(1214.21,.00)|(1133.98,.00)|-0.30|1.00|0.00|(1135.87,.00)|(1.00,.00)|1134.8664681713055|24.586499776486363|0|null|2.629606437557762|0|null|false|0|false
34.35|(1117.76,.46)|(1.00,.01)|1116.7552789823733|24.586499776486363|1116|0|0|(1127.76,.00)|(1216.10,.00)|(1135.87,.00)|-0.30|1.00|0.00|(1137.76,.00)|(1.00,.00)|1136.7552789823733|24.586499776486363|0|null|2.625864754097362|0|null|false|0|false
34.40|(1119.64,.44)|(1.00,.00)|1118.6444090270097|24.586499776486363|1118|0|0|(1129.64,.00)|(1217.99,.00)|(1137.76,.00)|-0.26|1.00|0.00|(1139.64,.00)|(1.00,.00)|1138.6444090270097|24.586499776486363|0|null|2.62091640889755|0|null|false|0|false
34.45|(1121.53,.42)|(1.00,-.00)|1120.533783128695|24.586499776486363|1120|0|0|(1131.53,.00)|(1219.88,.00)|(1139.64,.00)|-0.26|1.00|0.00|(1141.53,.00)|(1.00,.00)|1140.533783128695|24.586499776486363|0|null|2.6142886008561175|0|null|false|0|false
34.50|(1123.42,.39)|(1.00,-.00)|1122.4233780292864|24.586499776486363|1122|0|0|(1133.42,.00)|(1221.77,.00)|(1141.53,.00)|-0.26|1.00|0.00|(1143.42,.00)|(1.00,.00)|1142.4233780292864|24.586499776486363|0|null|2.6059638169204797|0|null|false|0|false
34.55|(1125.31,.35)|(1.00,-.01)|1124.313169983003|24.586499776486363|1124|0|0|(1135.31,.00)|(1223.66,.00)|(1143.42,.00)|-0.26|1.00|0.00|(1145.31,.00)|(1.00,.00)|1144.313169983003|24.586499776486363|0|null|2.595924442816482|0|null|false|0|false
34.60|(1127.20,.31)|(1.00,-.01)|1126.2031347429777|24.586499776486363|1126|0|0|(1137.20,.00)|(1225.55,.00)|(1145.31,.00)|-0.26|1.00|0.00|(1147.20,.00)|(1.00,.00)|1146.2031347429777|24.586499776486363|0|null|2.5841528926900583|0|null|false|0|false
34.65|(1129.09,.26)|(1.00,-.01)|1128.0932475584818|24.586499776486363|1128|0|0|(1139.09,.00)|(1227.44,.00)|(1147.20,.00)|-0.26|1.00|0.00|(1149.09,.00)|(1.00,.00)|1148.0932475584818|24.586499776486363|0|null|2.5706317692725467|0|null|false|0|false
34.70|(1130.98,.20)|(1.00,-.02)|1129.9834831851426|24.586499776486363|1129|0|0|(1140.98,.00)|(1229.33,.00)|(1149.09,.00)|-0.26|1.00|0.00|(1150.98,.00)|(1.00,.00)|1149.9834831851426|24.586499776486363|0|null|2.555344049048054|0|null|false|0|false
34.75|(1132.87,.14)|(1.00,-.02)|1131.8738159098966|24.586499776486363|1131|0|0|(1142.87,.00)|(1231.22,.00)|(1150.98,.00)|-0.26|1.00|0.00|(1152.87,.00)|(1.00,.00)|1151.8738159098966|24.586499776486363|0|null|2.538273286440594|0|null|false|0|false
34.80|(1134.76,.09)|(1.00,-.02)|1133.7647846633472|24.586499776486363|1133|0|0|(1144.76,.00)|(1233.11,.00)|(1152.87,.00)|0.01|1.00|0.00|(1154.76,.00)|(1.00,.00)|1153.7647846633472|24.586499776486363|0|null|2.523919543271985|0|null|false|0|false
34.85|(1136.66,.03)|(1.00,-.02)|1135.6560288273079|24.586499776486363|1135|0|0|(1146.66,.00)|(1235.00,.00)|(1154.76,.00)|0.01|1.00|0.00|(1156.66,.00)|(1.00,.00)|1155.6560288273079|24.586499776486363|0|null|2.5092976466700714|0|null|false|0|false
34.90|(1138.55,-.02)|(1.00,-.03)|1137.5475463666419|24.586499776486363|1137|0|0|(1148.55,.00)|(1236.89,.00)|(1156.66,.00)|0.01|1.00|0.00|(1158.55,.00)|(1.00,.00)|1157.5475463666419|24.586499776486363|0|null|2.494409987673255|0|null|false|0|false
34.95|(1140.44,-.08)|(1.00,-.03)|1139.4393353039802|24.586499776486363|1139|0|0|(1150.44,.00)|(1238.79,.00)|(1158.55,.00)|0.01|1.00|0.00|(1160.44,.00)|(1.00,.00)|1159.4393353039802|24.586499776486363|0|null|2.4792589615016656|0|null|false|0|false
35.00|(1142.33,-.13)|(1.00,-.03)|1141.3315204025441|24.586499776486363|1141|0|0|(1152.33,.00)|(1240.68,.00)|(1160.44,.00)|0.12|1.00|0.00|(1162.33,.00)|(1.00,.00)|1161.3315204025441|24.586499776486363|0|null|2.465616381693798|0|null|false|0|false
35.05|(1144.22,-.17)|(1.00,-.03)|1143.2240394383803|24.586499776486363|1143|0|0|(1154.22,.00)|(1242.57,.00)|(1162.33,.00)|0.12|1.00|0.00|(1164.22,.00)|(1.00,.00)|1163.2240394383803|24.586499776486363|0|null|2.4523217129305013|0|null|false|0|false
35.10|(1146.12,-.22)|(1.00,-.03)|1145.1168904491153|24.586499776486363|1145|0|0|(1156.12,.00)|(1244.46,.00)|(1164.22,.00)|0.12|1.00|0.00|(1166.12,.00)|(1.00,.00)|1165.1168904491153|24.586499776486363|0|null|2.439385253518277|0|null|false|0|false
35.15|(1148.01,-.26)|(1.00,-.02)|1147.0101271156266|24.586499776486363|1147|0|0|(1158.01,.00)|(1246.36,.00)|(1166.12,.00)|0.22|1.00|0.00|(1168.01,.00)|(1.00,.00)|1167.0101271156266|24.586499776486363|0|null|2.428437668913168|0|null|false|0|false
35.20|(1149.90,-.30)|(1.00,-.02)|1148.9037330844735|24.586499776486363|1148|0|0|(1159.90,.00)|(1248.25,.00)|(1168.01,.00)|0.22|1.00|0.00|(1169.90,.00)|(1.00,.00)|1168.9037330844735|24.586499776486363|0|null|2.4184247687142806|0|null|false|0|false
35.25|(1151.80,-.33)|(1.00,-.02)|1150.7977009434494|24.586499776486363|1150|0|0|(1161.80,.00)|(1250.14,.00)|(1169.90,.00)|0.22|1.00|0.00|(1171.80,.00)|(1.00,.00)|1170.7977009434494|24.586499776486363|0|null|2.4093645206154184|0|null|false|0|false
35.30|(1153.69,-.36)|(1.00,-.02)|1152.692023008125|24.586499776486363|1152|0|0|(1163.69,.00)|(1252.04,.00)|(1171.80,.00)|0.22|1.00|0.00|(1173.69,.00)|(1.00,.00)|1172.692023008125|24.586499776486363|0|null|2.4012753176042|0|null|false|0|false
35.35|(1155.59,-.38)|(1.00,-.02)|1154.5866802296061|24.586499776486363|1154|0|0|(1165.59,.00)|(1253.93,.00)|(1173.69,.00)|0.28|1.00|0.00|(1175.59,.00)|(1.00,.00)|1174.5866802296061|24.586499776486363|0|null|2.395187276168026|0|null|false|0|false
35.40|(1157.48,-.40)|(1.00,-.02)|1156.4816834031953|24.586499776486363|1156|0|0|(1167.48,.00)|(1255.83,.00)|(1175.59,.00)|0.28|1.00|0.00|(1177.48,.00)|(1.00,.00)|1176.4816834031953|24.586499776486363|0|null|2.3904548553800358|0|null|false|0|false
35.45|(1159.38,-.41)|(1.00,-.01)|1158.3770177472818|24.586499776486363|1158|0|0|(1169.38,.00)|(1257.72,.00)|(1177.48,.00)|0.28|1.00|0.00|(1179.38,.00)|(1.00,.00)|1178.3770177472818|24.586499776486363|0|null|2.387101834162834|0|null|false|0|false
35.50|(1161.27,-.42)|(1.00,-.01)|1160.272667895769|24.586499776486363|1160|0|0|(1171.27,.00)|(1259.62,.00)|(1179.38,.00)|0.28|1.00|0.00|(1181.27,.00)|(1.00,.00)|1180.272667895769|24.586499776486363|0|null|2.385152289876327|0|null|false|0|false
35.55|(1163.17,-.42)|(1.00,-.01)|1162.1686134425267|24.586499776486363|1162|0|0|(1173.17,.00)|(1261.51,.00)|(1181.27,.00)|0.29|1.00|0.00|(1183.17,.00)|(1.00,.00)|1182.1686134425267|24.586499776486363|0|null|2.3847155833907747|0|null|false|0|false
35.60|(1165.06,-.42)|(1.00,-.01)|1164.0648413491845|24.586499776486363|1164|0|0|(1175.06,.00)|(1263.41,.00)|(1183.17,.00)|0.29|1.00|0.00|(1185.06,.00)|(1.00,.00)|1184.0648413491845|24.586499776486363|0|null|2.3857603200226287|0|null|false|0|false
35.65|(1166.96,-.41)|(1.00,-.00)|1165.961333723362|24.586499776486363|1165|0|0|(1176.96,.00)|(1265.31,.00)|(1185.06,.00)|0.29|1.00|0.00|(1186.96,.00)|(1.00,.00)|1185.961333723362|24.586499776486363|0|null|2.388311397596699|0|null|false|0|false
35.70|(1168.86,-.39)|(1.00,-.00)|1167.8580719908123|24.586499776486363|1167|0|0|(1178.86,.00)|(1267.20,.00)|(1186.96,.00)|0.29|1.00|0.00|(1188.86,.00)|(1.00,.00)|1187.8580719908123|24.586499776486363|0|null|2.392393620587212|0|null|false|0|false
35.75|(1170.76,-.37)|(1.00,.00)|1169.7550368889285|24.586499776486363|1169|0|0|(1180.76,.00)|(1269.10,.00)|(1188.86,.00)|0.29|1.00|0.00|(1190.76,.00)|(1.00,.00)|1189.7550368889285|24.586499776486363|0|null|2.3980315356725987|0|null|false|0|false
35.80|(1172.65,-.35)|(1.00,.00)|1171.652208469307|24.586499776486363|1171|0|0|(1182.65,.00)|(1271.00,.00)|(1190.76,.00)|0.29|1.00|0.00|(1192.65,.00)|(1.00,.00)|1191.652208469307|24.586499776486363|0|null|2.4052492473094618|0|null|false|0|false
35.85|(1174.55,-.31)|(1.00,.01)|1173.549566111102|24.586499776486363|1173|0|0|(1184.55,.00)|(1272.90,.00)|(1192.65,.00)|0.29|1.00|0.00|(1194.55,.00)|(1.00,.00)|1193.549566111102|24.586499776486363|0|null|2.4140702191667796|0|null|false|0|false
35.90|(1176.45,-.28)|(1.00,.01)|1175.447088546441|24.586499776486363|1175|0|0|(1186.45,.00)|(1274.79,.00)|(1194.55,.00)|0.29|1.00|0.00|(1196.45,.00)|(1.00,.00)|1195.447088546441|24.586499776486363|0|null|2.424517067535468|0|null|false|0|false
35.95|(1178.34,-.23)|(1.00,.01)|1177.3447538986259|24.586499776486363|1177|0|0|(1188.34,.00)|(1276.69,.00)|(1196.45,.00)|0.29|1.00|0.00|(1198.34,.00)|(1.00,.00)|1197.3447538986259|24.586499776486363|0|null|2.4366113529570805|0|null|false|0|false
36.00|(1180.24,-.18)|(1.00,.02)|1179.2425397332693|24.586499776486363|1179|0|0|(1190.24,.00)|(1278.59,.00)|(1198.34,.00)|0.29|1.00|0.00|(1200.24,.00)|(1.00,.00)|1199.2425397332693|24.586499776486363|0|null|2.4503733762975854|0|null|false|0|false
36.05|(1182.14,-.13)|(1.00,.02)|1181.1404231219176|24.586499776486363|1181|0|0|(1192.14,.00)|(1280.49,.00)|(1200.24,.00)|0.29|1.00|0.00|(1202.14,.00)|(1.00,.00)|1201.1404231219176|24.586499776486363|0|null|2.465821985329838|0|null|false|0|false
36.10|(1184.04,-.06)|(1.00,.02)|1183.0383807171283|24.586499776486363|1183|0|0|(1194.04,.00)|(1282.38,.00)|(1202.14,.00)|0.29|1.00|0.00|(1204.04,.00)|(1.00,.00)|1203.0383807171283|24.586499776486363|0|null|2.4829743975865766|0|null|false|0|false
36.15|(1185.94,.01)|(1.00,.03)|1184.9363888374037|24.586499776486363|1184|0|0|(1195.94,.00)|(1284.28,.00)|(1204.04,.00)|0.29|1.00|0.00|(1205.94,.00)|(1.00,.00)|1204.9363888374037|24.586499776486363|0|null|2.5018460448124267|0|null|false|0|false
36.20|(1187.83,.08)|(1.00,.03)|1186.8344235598852|24.586499776486363|1186|0|0|(1197.83,.00)|(1286.18,.00)|(1205.94,.00)|0.29|1.00|0.00|(1207.83,.00)|(1.00,.00)|1206.8344235598852|24.586499776486363|0|null|2.5224504437892685|0|null|false|0|false
36.25|(1189.73,.16)|(1.00,.03)|1188.7324608182741|24.586499776486363|1188|0|0|(1199.73,.00)|(1288.08,.00)|(1207.83,.00)|0.29|1.00|0.00|(1209.73,.00)|(1.00,.00)|1208.7324608182741|24.586499776486363|0|null|2.54479909764766|0|null|false|0|false
36.30|(1191.63,.25)|(1.00,.04)|1190.630476503103|24.586499776486363|1190|0|0|(1201.63,.00)|(1289.98,.00)|(1209.73,.00)|0.29|1.00|0.00|(1211.63,.00)|(1.00,.00)|1210.630476503103|24.586499776486363|0|null|2.568901431023404|0|null|false|0|false
36.35|(1193.53,.35)|(1.00,.04)|1192.5284465612422|24.586499776486363|1192|0|0|(1203.53,.00)|(1291.87,.00)|(1211.63,.00)|0.29|1.00|0.00|(1213.53,.00)|(1.00,.00)|1212.5284465612422|24.586499776486363|0|null|2.5947647615903424|0|null|false|0|false
36.40|(1195.43,.45)|(1.00,.04)|1194.4263470914073|24.586499776486363|1194|0|0|(1205.43,.00)|(1293.77,.00)|(1213.53,.00)|0.29|1.00|0.00|(1215.43,.00)|(1.00,.00)|1214.4263470914073|24.586499776486363|0|null|2.6223943096170834|0|null|false|0|false
36.45|(1197.32,.56)|(1.00,.05)|1196.324154432423|24.586499776486363|1196|0|0|(1207.32,.00)|(1295.67,.00)|(1215.43,.00)|0.29|1.00|0.00|(1217.32,.00)|(1.00,.00)|1216.324154432423|24.586499776486363|0|null|2.65179324627688|0|null|false|0|false
36.50|(1199.22,.67)|(1.00,.05)|1198.2218452411216|24.586499776486363|1198|0|0|(1209.22,.00)|(1297.57,.00)|(1217.32,.00)|0.29|1.00|0.00|(1219.22,.00)|(1.00,.00)|1218.2218452411216|24.586499776486363|0|null|2.6829627805071765|0|null|false|0|false
36.55|(1201.12,.79)|(1.00,.05)|1200.1193965569882|24.586499776486363|1200|0|0|(1211.12,.00)|(1299.47,.00)|(1219.22,.00)|0.29|1.00|0.00|(1221.12,.00)|(1.00,.00)|1220.1193965569882|24.586499776486363|0|null|2.7159022832894557|0|null|false|0|false
36.60|(1203.02,.92)|(1.00,.06)|1202.0167858510101|24.586499776486363|1202|0|0|(1213.02,.00)|(1301.36,.00)|(1221.12,.00)|0.29|1.00|0.00|(1223.02,.00)|(1.00,.00)|1222.0167858510101|24.586499776486363|0|null|2.75060944732189|0|null|false|0|false
36.65|(1204.91,1.05)|(1.00,.06)|1203.9139910566266|24.586499776486363|1203|0|0|(1214.91,.00)|(1303.26,.00)|(1223.02,.00)|0.29|1.00|0.00|(1224.91,.00)|(1.00,.00)|1223.9139910566266|24.586499776486363|0|null|2.787080479206971|0|null|false|0|false
36.70|(1206.81,1.19)|(1.00,.06)|1205.8109905811953|24.586499776486363|1205|0|0|(1216.81,.00)|(1305.16,.00)|(1224.91,.00)|0.29|1.00|0.00|(1226.81,.00)|(1.00,.00)|1225.8109905811953|24.586499776486363|0|null|2.8253103204927004|0|null|false|0|false
36.75|(1208.71,1.34)|(1.00,.07)|1207.7077632969726|24.586499776486363|1207|0|0|(1218.71,.00)|(1307.05,.00)|(1226.81,.00)|0.29|1.00|0.00|(1228.71,.00)|(1.00,.00)|1227.7077632969726|24.586499776486363|0|null|2.8652928932064667|0|null|false|0|false
36.80|(1210.61,1.44)|(1.00,.06)|1209.6067458450984|24.586499776486363|1209|0|0|(1220.61,.00)|(1308.95,.00)|(1228.71,.00)|-0.49|1.00|0.00|(1230.61,.00)|(1.00,.00)|1229.6067458450984|24.586499776486363|0|null|2.8941049706364232|0|null|false|0|false
36.85|(1212.51,1.54)|(1.00,.06)|1211.5065526629812|24.586499776486363|1211|0|0|(1222.51,.00)|(1310.85,.00)|(1230.61,.00)|-0.49|1.00|0.00|(1232.51,.00)|(1.00,.00)|1231.5065526629812|24.586499776486363|0|null|2.9202373125860204|0|null|false|0|false
36.90|(1214.41,1.62)|(1.00,.06)|1213.4071369737367|24.586499776486363|1213|0|0|(1224.41,.00)|(1312.75,.00)|(1232.51,.00)|-0.49|1.00|0.00|(1234.41,.00)|(1.00,.00)|1233.4071369737367|24.586499776486363|0|null|2.943636669632595|0|null|false|0|false
36.95|(1216.31,1.70)|(1.00,.05)|1215.3084485975783|24.586499776486363|1215|0|0|(1226.31,.00)|(1314.65,.00)|(1234.41,.00)|-0.49|1.00|0.00|(1236.31,.00)|(1.00,.00)|1235.3084485975783|24.586499776486363|0|null|2.964254110353252|0|null|false|0|false
37.00|(1218.21,1.74)|(1.00,.04)|1217.2099596481328|24.586499776486363|1217|0|0|(1228.21,.00)|(1316.56,.00)|(1236.31,.00)|-0.91|1.00|0.00|(1238.21,.00)|(1.00,.00)|1237.2099596481328|24.586499776486363|0|null|2.975020168697923|0|null|false|0|false
37.05|(1220.11,1.76)|(1.00,.04)|1219.1121164040944|24.586499776486363|1219|0|0|(1230.11,.00)|(1318.46,.00)|(1238.21,.00)|-0.91|1.00|0.00|(1240.11,.00)|(1.00,.00)|1239.1121164040944|24.586499776486363|0|null|2.980516148613435|0|null|false|0|false
37.10|(1222.01,1.76)|(1.00,.03)|1221.014716187429|24.586499776486363|1221|0|0|(1232.01,.00)|(1320.36,.00)|(1240.11,.00)|-0.91|1.00|0.00|(1242.01,.00)|(1.00,.00)|1241.014716187429|24.586499776486363|0|null|2.9806812263811384|0|null|false|0|false
37.15|(1223.92,1.74)|(1.00,.02)|1222.9177084093715|24.586499776486363|1222|0|0|(1233.92,.00)|(1322.26,.00)|(1242.01,.00)|-0.87|1.00|0.00|(1243.92,.00)|(1.00,.00)|1242.9177084093715|24.586499776486363|0|null|2.976173628136569|0|null|false|0|false
37.20|(1225.82,1.71)|(1.00,.01)|1224.820758991306|24.586499776486363|1224|0|0|(1235.82,.00)|(1324.17,.00)|(1243.92,.00)|-0.87|1.00|0.00|(1245.82,.00)|(1.00,.00)|1244.820758991306|24.586499776486363|0|null|2.966478815710235|0|null|false|0|false
37.25|(1227.72,1.65)|(1.00,.00)|1226.7236688509738|24.586499776486363|1226|0|0|(1237.72,.00)|(1326.07,.00)|(1245.82,.00)|-0.87|1.00|0.00|(1247.72,.00)|(1.00,.00)|1246.7236688509738|24.586499776486363|0|null|2.9515597138869767|0|null|false|0|false
37.30|(1229.63,1.58)|(1.00,-.01)|1228.626235992878|24.586499776486363|1228|0|0|(1239.63,.00)|(1327.97,.00)|(1247.72,.00)|-0.87|1.00|0.00|(1249.63,.00)|(1.00,.00)|1248.626235992878|24.586499776486363|0|null|2.931385750222349|0|null|false|0|false
37.35|(1231.53,1.50)|(1.00,-.02)|1230.5293599295858|24.586499776486363|1230|0|0|(1241.53,.00)|(1329.88,.00)|(1249.63,.00)|-0.65|1.00|0.00|(1251.53,.00)|(1.00,.00)|1250.5293599295858|24.586499776486363|0|null|2.9096109316473995|0|null|false|0|false
37.40|(1233.43,1.40)|(1.00,-.02)|1232.4320849520338|24.586499776486363|1232|0|0|(1243.43,.00)|(1331.78,.00)|(1251.53,.00)|-0.65|1.00|0.00|(1253.43,.00)|(1.00,.00)|1252.4320849520338|24.586499776486363|0|null|2.8837982148093197|0|null|false|0|false
37.45|(1235.33,1.30)|(1.00,-.03)|1234.334292217435|24.586499776486363|1234|0|0|(1245.33,.00)|(1333.68,.00)|(1253.43,.00)|-0.65|1.00|0.00|(1255.33,.00)|(1.00,.00)|1254.334292217435|24.586499776486363|0|null|2.8539465189447064|0|null|false|0|false
37.50|(1237.24,1.18)|(1.00,-.04)|1236.2369570739077|24.586499776486363|1236|0|0|(1247.24,.00)|(1335.58,.00)|(1255.33,.00)|-0.43|1.00|0.00|(1257.24,.00)|(1.00,.00)|1256.2369570739077|24.586499776486363|0|null|2.8237423035160996|0|null|false|0|false
37.55|(1239.14,1.06)|(1.00,-.04)|1238.139266287727|24.586499776486363|1238|0|0|(1249.14,.00)|(1337.49,.00)|(1257.24,.00)|-0.43|1.00|0.00|(1259.14,.00)|(1.00,.00)|1258.139266287727|24.586499776486363|0|null|2.7907694231377462|0|null|false|0|false
37.60|(1241.04,.93)|(1.00,-.05)|1240.0411684291978|24.586499776486363|1240|0|0|(1251.04,.00)|(1339.39,.00)|(1259.14,.00)|-0.43|1.00|0.00|(1261.04,.00)|(1.00,.00)|1260.0411684291978|24.586499776486363|0|null|2.7550494291635568|0|null|false|0|false
37.65|(1242.94,.81)|(1.00,-.05)|1241.9436638599132|24.586499776486363|1241|0|0|(1252.94,.00)|(1341.29,.00)|(1261.04,.00)|-0.19|1.00|0.00|(1262.94,.00)|(1.00,.00)|1261.9436638599132|24.586499776486363|0|null|2.7205043554888273|0|null|false|0|false
37.70|(1244.85,.68)|(1.00,-.06)|1243.8460771532255|24.586499776486363|1243|0|0|(1254.85,.00)|(1343.19,.00)|(1262.94,.00)|-0.19|1.00|0.00|(1264.85,.00)|(1.00,.00)|1263.8460771532255|24.586499776486363|0|null|2.6845941351474396|0|null|false|0|false
37.75|(1246.75,.54)|(1.00,-.06)|1245.7484026222437|24.586499776486363|1245|0|0|(1256.75,.00)|(1345.09,.00)|(1264.85,.00)|-0.19|1.00|0.00|(1266.75,.00)|(1.00,.00)|1265.7484026222437|24.586499776486363|0|null|2.6473574565358593|0|null|false|0|false
37.80|(1248.65,.40)|(1.00,-.06)|1247.6506357752871|24.586499776486363|1247|0|0|(1258.65,.00)|(1347.00,.00)|(1266.75,.00)|-0.19|1.00|0.00|(1268.65,.00)|(1.00,.00)|1267.6506357752871|24.586499776486363|0|null|2.6088325641662724|0|null|false|0|false
37.85|(1250.55,.27)|(1.00,-.06)|1249.5538571479283|24.586499776486363|1249|0|0|(1260.55,.00)|(1348.90,.00)|(1268.65,.00)|0.11|1.00|0.00|(1270.55,.00)|(1.00,.00)|1269.5538571479283|24.586499776486363|0|null|2.5741736532411292|0|null|false|0|false
37.90|(1252.46,.15)|(1.00,-.06)|1251.457475250849|24.586499776486363|1251|0|0|(1262.46,.00)|(1350.80,.00)|(1270.55,.00)|0.11|1.00|0.00|(1272.46,.00)|(1.00,.00)|1271.457475250849|24.586499776486363|0|null|2.540050781671848|0|null|false|0|false
37.95|(1254.36,.02)|(1.00,-.06)|1253.36149695001|24.586499776486363|1253|0|0|(1264.36,.00)|(1352.71,.00)|(1272.46,.00)|0.11|1.00|0.00|(1274.36,.00)|(1.00,.00)|1273.36149695001|24.586499776486363|0|null|2.5065171036075555|0|null|false|0|false
38.00|(1256.27,-.10)|(1.00,-.06)|1255.2659279773459|24.586499776486363|1255|0|0|(1266.27,.00)|(1354.61,.00)|(1274.36,.00)|0.11|1.00|0.00|(1276.27,.00)|(1.00,.00)|1275.2659279773459|24.586499776486363|0|null|2.473622680911488|0|null|false|0|false
38.05|(1258.17,-.20)|(1.00,-.06)|1257.1712219961364|24.586499776486363|1257|0|0|(1268.17,.00)|(1356.52,.00)|(1276.27,.00)|0.36|1.00|0.00|(1278.17,.00)|(1.00,.00)|1277.1712219961364|24.586499776486363|0|null|2.445492084476456|0|null|false|0|false
38.10|(1260.08,-.29)|(1.00,-.06)|1259.0771987203761|24.586499776486363|1259|0|0|(1270.08,.00)|(1358.42,.00)|(1278.17,.00)|0.36|1.00|0.00|(1280.08,.00)|(1.00,.00)|1279.0771987203761|24.586499776486363|0|null|2.419485965975162|0|null|false|0|false
38.15|(1261.98,-.38)|(1.00,-.06)|1260.9838309134805|24.586499776486363|1260|0|0|(1271.98,.00)|(1360.33,.00)|(1280.08,.00)|0.36|1.00|0.00|(1281.98,.00)|(1.00,.00)|1280.9838309134805|24.586499776486363|0|null|2.3956589048323904|0|null|false|0|false
38.20|(1263.89,-.46)|(1.00,-.05)|1262.891088353836|24.586499776486363|1262|0|0|(1273.89,.00)|(1362.24,.00)|(1281.98,.00)|0.36|1.00|0.00|(1283.89,.00)|(1.00,.00)|1282.891088353836|24.586499776486363|0|null|2.3740604853980725|0|null|false|0|false
38.25|(1265.80,-.52)|(1.00,-.05)|1264.7989465063567|24.586499776486363|1264|0|0|(1275.80,.00)|(1364.14,.00)|(1283.89,.00)|0.47|1.00|0.00|(1285.80,.00)|(1.00,.00)|1284.7989465063567|24.586499776486363|0|null|2.356667825696472|0|null|false|0|false
38.30|(1267.71,-.58)|(1.00,-.04)|1266.7074114147467|24.586499776486363|1266|0|0|(1277.71,.00)|(1366.05,.00)|(1285.80,.00)|0.47|1.00|0.00|(1287.71,.00)|(1.00,.00)|1286.7074114147467|24.586499776486363|0|null|2.342249423831669|0|null|false|0|false
38.35|(1269.62,-.62)|(1.00,-.04)|1268.6164198192948|24.586499776486363|1268|0|0|(1279.62,.00)|(1367.96,.00)|(1287.71,.00)|0.47|1.00|0.00|(1289.62,.00)|(1.00,.00)|1288.6164198192948|24.586499776486363|0|null|2.3308467870469927|0|null|false|0|false
38.40|(1271.53,-.65)|(1.00,-.03)|1270.5258619481217|24.586499776486363|1270|0|0|(1281.53,.00)|(1369.87,.00)|(1289.62,.00)|0.51|1.00|0.00|(1291.53,.00)|(1.00,.00)|1290.5258619481217|24.586499776486363|0|null|2.323127843418285|0|null|false|0|false
38.45|(1273.44,-.66)|(1.00,-.03)|1272.4357106074901|24.586499776486363|1272|0|0|(1283.44,.00)|(1371.78,.00)|(1291.53,.00)|0.51|1.00|0.00|(1293.44,.00)|(1.00,.00)|1292.4357106074901|24.586499776486363|0|null|2.318707468281132|0|null|false|0|false
38.50|(1275.35,-.67)|(1.00,-.02)|1274.3458857039866|24.586499776486363|1274|0|0|(1285.35,.00)|(1373.69,.00)|(1293.44,.00)|0.51|1.00|0.00|(1295.35,.00)|(1.00,.00)|1294.3458857039866|24.586499776486363|0|null|2.3176130609670085|0|null|false|0|false
38.55|(1277.26,-.66)|(1.00,-.02)|1276.2563055472478|24.586499776486363|1276|0|0|(1287.26,.00)|(1375.60,.00)|(1295.35,.00)|0.51|1.00|0.00|(1297.26,.00)|(1.00,.00)|1296.2563055472478|24.586499776486363|0|null|2.3198667216391704|0|null|false|0|false
38.60|(1279.17,-.64)|(1.00,-.01)|1278.1670584160315|24.586499776486363|1278|0|0|(1289.17,.00)|(1377.51,.00)|(1297.26,.00)|0.44|1.00|0.00|(1299.17,.00)|(1.00,.00)|1298.1670584160315|24.586499776486363|0|null|2.3242236108957695|0|null|false|0|false
38.65|(1281.08,-.62)|(1.00,-.01)|1280.0779365799217|24.586499776486363|1280|0|0|(1291.08,.00)|(1379.42,.00)|(1299.17,.00)|0.44|1.00|0.00|(1301.08,.00)|(1.00,.00)|1300.0779365799217|24.586499776486363|0|null|2.331525696530902|0|null|false|0|false
38.70|(1282.99,-.58)|(1.00,.00)|1281.9888760802055|24.586499776486363|1281|0|0|(1292.99,.00)|(1381.33,.00)|(1301.08,.00)|0.44|1.00|0.00|(1302.99,.00)|(1.00,.00)|1301.9888760802055|24.586499776486363|0|null|2.341776607353446|0|null|false|0|false
38.75|(1284.90,-.54)|(1.00,.01)|1283.900094148026|24.586499776486363|1283|0|0|(1294.90,.00)|(1383.25,.00)|(1302.99,.00)|0.33|1.00|0.00|(1304.90,.00)|(1.00,.00)|1303.900094148026|24.586499776486363|0|null|2.353144165487434|0|null|false|0|false
38.80|(1286.81,-.49)|(1.00,.01)|1285.8113412868713|24.586499776486363|1285|0|0|(1296.81,.00)|(1385.16,.00)|(1304.90,.00)|0.33|1.00|0.00|(1306.81,.00)|(1.00,.00)|1305.8113412868713|24.586499776486363|0|null|2.366829746558039|0|null|false|0|false
38.85|(1288.72,-.43)|(1.00,.01)|1287.7225790008456|24.586499776486363|1287|0|0|(1298.72,.00)|(1387.07,.00)|(1306.81,.00)|0.33|1.00|0.00|(1308.72,.00)|(1.00,.00)|1307.7225790008456|24.586499776486363|0|null|2.3828211175733225|0|null|false|0|false
38.90|(1290.63,-.36)|(1.00,.02)|1289.633769773691|24.586499776486363|1289|0|0|(1300.63,.00)|(1388.98,.00)|(1308.72,.00)|0.33|1.00|0.00|(1310.63,.00)|(1.00,.00)|1309.633769773691|24.586499776486363|0|null|2.40110420385909|0|null|false|0|false
38.95|(1292.55,-.30)|(1.00,.02)|1291.5453586985566|24.586499776486363|1291|0|0|(1302.55,.00)|(1390.89,.00)|(1310.63,.00)|0.14|1.00|0.00|(1312.55,.00)|(1.00,.00)|1311.5453586985566|24.586499776486363|0|null|2.418563355588533|0|null|false|0|false
39.00|(1294.46,-.23)|(1.00,.03)|1293.4570200846456|24.586499776486363|1293|0|0|(1304.46,.00)|(1392.80,.00)|(1312.55,.00)|0.14|1.00|0.00|(1314.46,.00)|(1.00,.00)|1313.4570200846456|24.586499776486363|0|null|2.437220305111728|0|null|false|0|false
39.05|(1296.37,-.16)|(1.00,.03)|1295.3687459508567|24.586499776486363|1295|0|0|(1306.37,.00)|(1394.71,.00)|(1314.46,.00)|0.14|1.00|0.00|(1316.37,.00)|(1.00,.00)|1315.3687459508567|24.586499776486363|0|null|2.4570472504219385|0|null|false|0|false
39.10|(1298.28,-.09)|(1.00,.03)|1297.2808232535876|24.586499776486363|1297|0|0|(1308.28,.00)|(1396.63,.00)|(1316.37,.00)|-0.01|1.00|0.00|(1318.28,.00)|(1.00,.00)|1317.2808232535876|24.586499776486363|0|null|2.475576628803505|0|null|false|0|false
39.15|(1300.19,-.02)|(1.00,.03)|1299.1930872820483|24.586499776486363|1299|0|0|(1310.19,.00)|(1398.54,.00)|(1318.28,.00)|-0.01|1.00|0.00|(1320.19,.00)|(1.00,.00)|1319.1930872820483|24.586499776486363|0|null|2.4943869903573836|0|null|false|0|false
39.20|(1302.11,.05)|(1.00,.03)|1301.1055401461629|24.586499776486363|1301|0|0|(1312.11,.00)|(1400.45,.00)|(1320.19,.00)|-0.01|1.00|0.00|(1322.11,.00)|(1.00,.00)|1321.1055401461629|24.586499776486363|0|null|2.513445038210467|0|null|false|0|false
39.25|(1304.02,.12)|(1.00,.03)|1303.0181839475672|24.586499776486363|1303|0|0|(1314.02,.00)|(1402.36,.00)|(1322.11,.00)|-0.01|1.00|0.00|(1324.02,.00)|(1.00,.00)|1323.0181839475672|24.586499776486363|0|null|2.5327197538869757|0|null|false|0|false
39.30|(1305.93,.18)|(1.00,.03)|1304.9312211222077|24.586499776486363|1304|0|0|(1315.93,.00)|(1404.28,.00)|(1324.02,.00)|-0.16|1.00|0.00|(1325.93,.00)|(1.00,.00)|1324.9312211222077|24.586499776486363|0|null|2.54959824287832|0|null|false|0|false
39.35|(1307.84,.24)|(1.00,.03)|1306.8445676795677|24.586499776486363|1306|0|0|(1317.84,.00)|(1406.19,.00)|(1325.93,.00)|-0.16|1.00|0.00|(1327.84,.00)|(1.00,.00)|1326.8445676795677|24.586499776486363|0|null|2.5657538742094563|0|null|false|0|false
39.40|(1309.76,.30)|(1.00,.03)|1308.7582214293784|24.586499776486363|1308|0|0|(1319.76,.00)|(1408.10,.00)|(1327.84,.00)|-0.16|1.00|0.00|(1329.76,.00)|(1.00,.00)|1328.7582214293784|24.586499776486363|0|null|2.581154420482515|0|null|false|0|false
39.45|(1311.67,.35)|(1.00,.03)|1310.672179393252|24.586499776486363|1310|0|0|(1321.67,.00)|(1410.02,.00)|(1329.76,.00)|-0.16|1.00|0.00|(1331.67,.00)|(1.00,.00)|1330.672179393252|24.586499776486363|0|null|2.5957712844086984|0|null|false|0|false
39.50|(1313.59,.40)|(1.00,.03)|1312.5864724585997|24.586499776486363|1312|0|0|(1323.59,.00)|(1411.93,.00)|(1331.67,.00)|-0.25|1.00|0.00|(1333.59,.00)|(1.00,.00)|1332.5864724585997|24.586499776486363|0|null|2.608021878888133|0|null|false|0|false
39.55|(1315.50,.44)|(1.00,.03)|1314.501100804007|24.586499776486363|1314|0|0|(1325.50,.00)|(1413.85,.00)|(1333.59,.00)|-0.25|1.00|0.00|(1335.50,.00)|(1.00,.00)|1334.501100804007|24.586499776486363|0|null|2.61890889253926|0|null|false|0|false
39.60|(1317.42,.47)|(1.00,.03)|1316.416050837051|24.586499776486363|1316|0|0|(1327.42,.00)|(1415.76,.00)|(1335.50,.00)|-0.25|1.00|0.00|(1337.42,.00)|(1.00,.00)|1336.416050837051|24.586499776486363|0|null|2.628408938890364|0|null|false|0|false
39.65|(1319.33,.50)|(1.00,.02)|1318.3312888095038|24.586499776486363|1318|0|0|(1329.33,.00)|(1417.68,.00)|(1337.42,.00)|-0.30|1.00|0.00|(1339.33,.00)|(1.00,.00)|1338.3312888095038|24.586499776486363|0|null|2.635633196412246|0|null|false|0|false
39.70|(1321.25,.52)|(1.00,.02)|1320.2468258866663|24.586499776486363|1320|0|0|(1331.25,.00)|(1419.59,.00)|(1339.33,.00)|-0.30|1.00|0.00|(1341.25,.00)|(1.00,.00)|1340.2468258866663|24.586499776486363|0|null|2.6411372600004417|0|null|false|0|false
39.75|(1323.16,.53)|(1.00,.02)|1322.1626395859962|24.586499776486363|1322|0|0|(1333.16,.00)|(1421.51,.00)|(1341.25,.00)|-0.30|1.00|0.00|(1343.16,.00)|(1.00,.00)|1342.1626395859962|24.586499776486363|0|null|2.6449056160482396|0|null|false|0|false
39.80|(1325.08,.54)|(1.00,.01)|1324.0787047210044|24.586499776486363|1324|0|0|(1335.08,.00)|(1423.42,.00)|(1343.16,.00)|-0.31|1.00|0.00|(1345.08,.00)|(1.00,.00)|1344.0787047210044|24.586499776486363|0|null|2.646888772185491|0|null|false|0|false
39.85|(1326.99,.54)|(1.00,.01)|1325.9949997273902|24.586499776486363|1325|0|0|(1336.99,.00)|(1425.34,.00)|(1345.08,.00)|-0.31|1.00|0.00|(1346.99,.00)|(1.00,.00)|1345.9949997273902|24.586499776486363|0|null|2.647102309597647|0|null|false|0|false
39.90|(1328.91,.53)|(1.00,.01)|1327.9115006089621|24.586499776486363|1327|0|0|(1338.91,.00)|(1427.26,.00)|(1346.99,.00)|-0.31|1.00|0.00|(1348.91,.00)|(1.00,.00)|1347.9115006089621|24.586499776486363|0|null|2.6455398412787376|0|null|false|0|false
39.95|(1330.83,.52)|(1.00,.00)|1329.8281832497544|24.586499776486363|1329|0|0|(1340.83,.00)|(1429.17,.00)|(1348.91,.00)|-0.31|1.00|0.00|(1350.83,.00)|(1.00,.00)|1349.8281832497544|24.586499776486363|0|null|2.6421973660348237|0|null|false|0|false
40.00|(1332.75,.50)|(1.00,.00)|1331.745023520484|24.586499776486363|1331|0|0|(1342.75,.00)|(1431.09,.00)|(1350.83,.00)|-0.31|1.00|0.00|(1352.75,.00)|(1.00,.00)|1351.745023520484|24.586499776486363|0|null|2.6370728815542748|0|null|false|0|false
40.05|(1334.66,.48)|(1.00,-.00)|1333.6619973609777|24.586499776486363|1333|0|0|(1344.66,.00)|(1433.01,.00)|(1352.75,.00)|-0.31|1.00|0.00|(1354.66,.00)|(1.00,.00)|1353.6619973609777|24.586499776486363|0|null|2.630165988096726|0|null|false|0|false
40.10|(1336.58,.44)|(1.00,-.01)|1335.5790808376476|24.586499776486363|1335|0|0|(1346.58,.00)|(1434.93,.00)|(1354.66,.00)|-0.31|1.00|0.00|(1356.58,.00)|(1.00,.00)|1355.5790808376476|24.586499776486363|0|null|2.621477489056497|0|null|false|0|false
40.15|(1338.50,.41)|(1.00,-.01)|1337.4962501758505|24.586499776486363|1337|0|0|(1348.50,.00)|(1436.84,.00)|(1356.58,.00)|-0.31|1.00|0.00|(1358.50,.00)|(1.00,.00)|1357.4962501758505|24.586499776486363|0|null|2.611008994801485|0|null|false|0|false
40.20|(1340.41,.36)|(1.00,-.01)|1339.4134817676809|24.586499776486363|1339|0|0|(1350.41,.00)|(1438.76,.00)|(1358.50,.00)|-0.31|1.00|0.00|(1360.41,.00)|(1.00,.00)|1359.4134817676809|24.586499776486363|0|null|2.59876253620399|0|null|false|0|false
40.25|(1342.33,.31)|(1.00,-.02)|1341.3307521564186|24.586499776486363|1341|0|0|(1352.33,.00)|(1440.68,.00)|(1360.41,.00)|-0.31|1.00|0.00|(1362.33,.00)|(1.00,.00)|1361.3307521564186|24.586499776486363|0|null|2.5847401941632455|0|null|false|0|false
40.30|(1344.25,.25)|(1.00,-.02)|1343.2480379994604|24.586499776486363|1343|0|0|(1354.25,.00)|(1442.59,.00)|(1362.33,.00)|-0.31|1.00|0.00|(1364.25,.00)|(1.00,.00)|1363.2480379994604|24.586499776486363|0|null|2.5689437511713424|0|null|false|0|false
40.35|(1346.17,.19)|(1.00,-.02)|1345.165316012092|24.586499776486363|1345|0|0|(1356.17,.00)|(1444.51,.00)|(1364.25,.00)|-0.31|1.00|0.00|(1366.17,.00)|(1.00,.00)|1365.165316012092|24.586499776486363|0|null|2.5513743705986593|0|null|false|0|false
40.40|(1348.08,.12)|(1.00,-.03)|1347.0825628949149|24.586499776486363|1347|0|0|(1358.08,.00)|(1446.43,.00)|(1366.17,.00)|-0.31|1.00|0.00|(1368.08,.00)|(1.00,.00)|1367.0825628949149|24.586499776486363|0|null|2.5320323088785823|0|null|false|0|false
40.45|(1350.00,.04)|(1.00,-.03)|1348.9997552480982|24.586499776486363|1348|0|0|(1360.00,.00)|(1448.35,.00)|(1368.08,.00)|-0.31|1.00|0.00|(1370.00,.00)|(1.00,.00)|1368.9997552480982|24.586499776486363|0|null|2.5109166651639088|0|null|false|0|false
40.50|(1351.92,-.04)|(1.00,-.03)|1350.9168694759023|24.586499776486363|1350|0|0|(1361.92,.00)|(1450.26,.00)|(1370.00,.00)|-0.31|1.00|0.00|(1371.92,.00)|(1.00,.00)|1370.9168694759023|24.586499776486363|0|null|2.4880251723209366|0|null|false|0|false
40.55|(1353.83,-.13)|(1.00,-.04)|1352.8338816851|24.586499776486363|1352|0|0|(1363.83,.00)|(1452.18,.00)|(1371.92,.00)|-0.31|1.00|0.00|(1373.83,.00)|(1.00,.00)|1372.8338816851|24.586499776486363|0|null|2.463354032336301|0|null|false|0|false
40.60|(1355.75,-.23)|(1.00,-.04)|1354.7507675810148|24.586499776486363|1354|0|0|(1365.75,.00)|(1454.10,.00)|(1373.83,.00)|-0.31|1.00|0.00|(1375.75,.00)|(1.00,.00)|1374.7507675810148|24.586499776486363|0|null|2.4368977983524545|0|null|false|0|false
40.65|(1357.67,-.33)|(1.00,-.04)|1356.6675023648938|24.586499776486363|1356|0|0|(1367.67,.00)|(1456.01,.00)|(1375.75,.00)|-0.31|1.00|0.00|(1377.67,.00)|(1.00,.00)|1376.6675023648938|24.586499776486363|0|null|2.408649304638202|0|null|false|0|false
40.70|(1359.58,-.44)|(1.00,-.05)|1358.584060636262|24.586499776486363|1358|0|0|(1369.58,.00)|(1457.93,.00)|(1377.67,.00)|-0.31|1.00|0.00|(1379.58,.00)|(1.00,.00)|1378.584060636262|24.586499776486363|0|null|2.378599644860005|0|null|false|0|false
40.75|(1361.50,-.53)|(1.00,-.05)|1360.5018121801186|24.586499776486363|1360|0|0|(1371.50,.00)|(1459.85,.00)|(1379.58,.00)|0.19|1.00|0.00|(1381.50,.00)|(1.00,.00)|1380.5018121801186|24.586499776486363|0|null|2.355034857834009|0|null|false|0|false
40.80|(1363.42,-.61)|(1.00,-.05)|1362.4199398680053|24.586499776486363|1362|0|0|(1373.42,.00)|(1461.77,.00)|(1381.50,.00)|0.19|1.00|0.00|(1383.42,.00)|(1.00,.00)|1382.4199398680053|24.586499776486363|0|null|2.3324874585475426|0|null|false|0|false
40.85|(1365.34,-.69)|(1.00,-.04)|1364.3384362535967|24.586499776486363|1364|0|0|(1375.34,.00)|(1463.68,.00)|(1383.42,.00)|0.19|1.00|0.00|(1385.34,.00)|(1.00,.00)|1384.3384362535967|24.586499776486363|0|null|2.310971820567422|0|null|false|0|false
40.90|(1367.26,-.75)|(1.00,-.04)|1366.2574194006784|24.586499776486363|1366|0|0|(1377.26,.00)|(1465.60,.00)|(1385.34,.00)|0.48|1.00|0.00|(1387.26,.00)|(1.00,.00)|1386.2574194006784|24.586499776486363|0|null|2.295419192138685|0|null|false|0|false
40.95|(1369.18,-.80)|(1.00,-.04)|1368.1769091101594|24.586499776486363|1368|0|0|(1379.18,.00)|(1467.52,.00)|(1387.26,.00)|0.48|1.00|0.00|(1389.18,.00)|(1.00,.00)|1388.1769091101594|24.586499776486363|0|null|2.282600444045245|0|null|false|0|false
41.00|(1371.10,-.83)|(1.00,-.03)|1370.096850429591|24.586499776486363|1370|0|0|(1381.10,.00)|(1469.44,.00)|(1389.18,.00)|0.48|1.00|0.00|(1391.10,.00)|(1.00,.00)|1390.096850429591|24.586499776486363|0|null|2.272535960320332|0|null|false|0|false
41.05|(1373.02,-.86)|(1.00,-.03)|1372.0171279576512|24.586499776486363|1372|0|0|(1383.02,.00)|(1471.36,.00)|(1391.10,.00)|0.53|1.00|0.00|(1393.02,.00)|(1.00,.00)|1392.0171279576512|24.586499776486363|0|null|2.2660413042195753|0|null|false|0|false
41.10|(1374.94,-.87)|(1.00,-.02)|1373.9377404641282|24.586499776486363|1373|0|0|(1384.94,.00)|(1473.28,.00)|(1393.02,.00)|0.53|1.00|0.00|(1394.94,.00)|(1.00,.00)|1393.9377404641282|24.586499776486363|0|null|2.2626022416854235|0|null|false|0|false
41.15|(1376.86,-.87)|(1.00,-.02)|1375.858618518036|24.586499776486363|1375|0|0|(1386.86,.00)|(1475.20,.00)|(1394.94,.00)|0.53|1.00|0.00|(1396.86,.00)|(1.00,.00)|1395.858618518036|24.586499776486363|0|null|2.262229499690451|0|null|false|0|false
41.20|(1378.78,-.86)|(1.00,-.01)|1377.7796921909805|24.586499776486363|1377|0|0|(1388.78,.00)|(1477.13,.00)|(1396.86,.00)|0.53|1.00|0.00|(1398.78,.00)|(1.00,.00)|1397.7796921909805|24.586499776486363|0|null|2.264930439826788|0|null|false|0|false
41.25|(1380.70,-.84)|(1.00,-.01)|1379.700973540951|24.586499776486363|1379|0|0|(1390.70,.00)|(1479.05,.00)|(1398.78,.00)|0.49|1.00|0.00|(1400.70,.00)|(1.00,.00)|1399.700973540951|24.586499776486363|0|null|2.2701266031447345|0|null|false|0|false
41.30|(1382.62,-.81)|(1.00,-.00)|1381.622330962679|24.586499776486363|1381|0|0|(1392.62,.00)|(1480.97,.00)|(1400.70,.00)|0.49|1.00|0.00|(1402.62,.00)|(1.00,.00)|1401.622330962679|24.586499776486363|0|null|2.278203431566191|0|null|false|0|false
41.35|(1384.54,-.77)|(1.00,.00)|1383.543703183899|24.586499776486363|1383|0|0|(1394.54,.00)|(1482.89,.00)|(1402.62,.00)|0.49|1.00|0.00|(1404.54,.00)|(1.00,.00)|1403.543703183899|24.586499776486363|0|null|2.2891594482822923|0|null|false|0|false
41.40|(1386.47,-.72)|(1.00,.01)|1385.465029308089|24.586499776486363|1385|0|0|(1396.47,.00)|(1484.81,.00)|(1404.54,.00)|0.49|1.00|0.00|(1406.47,.00)|(1.00,.00)|1405.465029308089|24.586499776486363|0|null|2.3029920889793156|0|null|false|0|false
41.45|(1388.39,-.66)|(1.00,.01)|1387.386248855245|24.586499776486363|1387|0|0|(1398.39,.00)|(1486.73,.00)|(1406.47,.00)|0.49|1.00|0.00|(1408.39,.00)|(1.00,.00)|1407.386248855245|24.586499776486363|0|null|2.319698135581875|0|null|false|0|false
41.50|(1390.31,-.59)|(1.00,.02)|1389.3073017603604|24.586499776486363|1389|0|0|(1400.31,.00)|(1488.65,.00)|(1408.39,.00)|0.49|1.00|0.00|(1410.31,.00)|(1.00,.00)|1409.3073017603604|24.586499776486363|0|null|2.339274109969321|0|null|false|0|false
41.55|(1392.23,-.51)|(1.00,.03)|1391.2281283353543|24.586499776486363|1391|0|0|(1402.23,.00)|(1490.57,.00)|(1410.31,.00)|0.49|1.00|0.00|(1412.23,.00)|(1.00,.00)|1411.2281283353543|24.586499776486363|0|null|2.3617166230527946|0|null|false|0|false
41.60|(1394.15,-.41)|(1.00,.03)|1393.1486692008696|24.586499776486363|1393|0|0|(1404.15,.00)|(1492.49,.00)|(1412.23,.00)|0.49|1.00|0.00|(1414.15,.00)|(1.00,.00)|1413.1486692008696|24.586499776486363|0|null|2.3870226754820902|0|null|false|0|false
41.65|(1396.07,-.33)|(1.00,.03)|1395.0701685615752|24.586499776486363|1395|0|0|(1406.07,.00)|(1494.42,.00)|(1414.15,.00)|0.10|1.00|0.00|(1416.07,.00)|(1.00,.00)|1415.0701685615752|24.586499776486363|0|null|2.408534061874795|0|null|false|0|false
41.70|(1397.99,-.25)|(1.00,.03)|1396.9917655353381|24.586499776486363|1396|0|0|(1407.99,.00)|(1496.34,.00)|(1416.07,.00)|0.10|1.00|0.00|(1417.99,.00)|(1.00,.00)|1416.9917655353381|24.586499776486363|0|null|2.4306246964287856|0|null|false|0|false
41.75|(1399.91,-.17)|(1.00,.04)|1398.9134596857332|24.586499776486363|1398|0|0|(1409.91,.00)|(1498.26,.00)|(1417.99,.00)|0.10|1.00|0.00|(1419.91,.00)|(1.00,.00)|1418.9134596857332|24.586499776486363|0|null|2.4532721897824743|0|null|false|0|false
41.80|(1401.84,-.09)|(1.00,.04)|1400.8352504488935|24.586499776486363|1400|0|0|(1411.84,.00)|(1500.18,.00)|(1419.91,.00)|0.10|1.00|0.00|(1421.84,.00)|(1.00,.00)|1420.8352504488935|24.586499776486363|0|null|2.4764574959212777|0|null|false|0|false
41.85|(1403.76,-.01)|(1.00,.04)|1402.7574612934711|24.586499776486363|1402|0|0|(1413.76,.00)|(1502.10,.00)|(1421.84,.00)|-0.07|1.00|0.00|(1423.76,.00)|(1.00,.00)|1422.7574612934711|24.586499776486363|0|null|2.4973840889893304|0|null|false|0|false
41.90|(1405.68,.07)|(1.00,.04)|1404.679924741943|24.586499776486363|1404|0|0|(1415.68,.00)|(1504.03,.00)|(1423.76,.00)|-0.07|1.00|0.00|(1425.68,.00)|(1.00,.00)|1424.679924741943|24.586499776486363|0|null|2.5178673981948374|0|null|false|0|false
41.95|(1407.60,.14)|(1.00,.04)|1406.6026403569178|24.586499776486363|1406|0|0|(1417.60,.00)|(1505.95,.00)|(1425.68,.00)|-0.07|1.00|0.00|(1427.60,.00)|(1.00,.00)|1426.6026403569178|24.586499776486363|0|null|2.5378881279729817|0|null|false|0|false
42.00|(1409.53,.20)|(1.00,.04)|1408.525760972925|24.586499776486363|1408|0|0|(1419.53,.00)|(1507.87,.00)|(1427.60,.00)|-0.22|1.00|0.00|(1429.53,.00)|(1.00,.00)|1428.525760972925|24.586499776486363|0|null|2.554784491830933|0|null|false|0|false
42.05|(1411.45,.26)|(1.00,.04)|1410.4492350351015|24.586499776486363|1410|0|0|(1421.45,.00)|(1509.80,.00)|(1429.53,.00)|-0.22|1.00|0.00|(1431.45,.00)|(1.00,.00)|1430.4492350351015|24.586499776486363|0|null|2.570283613621754|0|null|false|0|false
42.10|(1413.37,.31)|(1.00,.03)|1412.3730482862181|24.586499776486363|1412|0|0|(1423.37,.00)|(1511.72,.00)|(1431.45,.00)|-0.22|1.00|0.00|(1433.37,.00)|(1.00,.00)|1432.3730482862181|24.586499776486363|0|null|2.584366837267426|0|null|false|0|false
42.15|(1415.30,.36)|(1.00,.03)|1414.2971856475733|24.586499776486363|1414|0|0|(1425.30,.00)|(1513.64,.00)|(1433.37,.00)|-0.22|1.00|0.00|(1435.30,.00)|(1.00,.00)|1434.2971856475733|24.586499776486363|0|null|2.5970189496429814|0|null|false|0|false
42.20|(1417.22,.39)|(1.00,.03)|1416.2216183982925|24.586499776486363|1416|0|0|(1427.22,.00)|(1515.57,.00)|(1435.30,.00)|-0.31|1.00|0.00|(1437.22,.00)|(1.00,.00)|1436.2216183982925|24.586499776486363|0|null|2.606816997778191|0|null|false|0|false
42.25|(1419.15,.42)|(1.00,.03)|1418.1463634907145|24.586499776486363|1418|0|0|(1429.15,.00)|(1517.49,.00)|(1437.22,.00)|-0.31|1.00|0.00|(1439.15,.00)|(1.00,.00)|1438.1463634907145|24.586499776486363|0|null|2.6146786521386707|0|null|false|0|false
42.30|(1421.07,.44)|(1.00,.02)|1420.0713924892548|24.586499776486363|1420|0|0|(1431.07,.00)|(1519.42,.00)|(1439.15,.00)|-0.31|1.00|0.00|(1441.07,.00)|(1.00,.00)|1440.0713924892548|24.586499776486363|0|null|2.620591546756163|0|null|false|0|false
42.35|(1423.00,.46)|(1.00,.02)|1421.9966704874785|24.586499776486363|1421|0|0|(1433.00,.00)|(1521.34,.00)|(1441.07,.00)|-0.32|1.00|0.00|(1443.00,.00)|(1.00,.00)|1441.9966704874785|24.586499776486363|0|null|2.6244333971191414|0|null|false|0|false
42.40|(1424.92,.46)|(1.00,.02)|1423.9221736891593|24.586499776486363|1423|0|0|(1434.92,.00)|(1523.27,.00)|(1443.00,.00)|-0.32|1.00|0.00|(1444.92,.00)|(1.00,.00)|1443.9221736891593|24.586499776486363|0|null|2.6262694378784412|0|null|false|0|false
42.45|(1426.85,.46)|(1.00,.01)|1425.8478714756109|24.586499776486363|1425|0|0|(1436.85,.00)|(1525.19,.00)|(1444.92,.00)|-0.32|1.00|0.00|(1446.85,.00)|(1.00,.00)|1445.8478714756109|24.586499776486363|0|null|2.626092161144533|0|null|false|0|false
42.50|(1428.77,.45)|(1.00,.01)|1427.7737330463297|24.586499776486363|1427|0|0|(1438.77,.00)|(1527.12,.00)|(1446.85,.00)|-0.32|1.00|0.00|(1448.77,.00)|(1.00,.00)|1447.7737330463297|24.586499776486363|0|null|2.6238950235502942|0|null|false|0|false
42.55|(1430.70,.44)|(1.00,.00)|1429.6997274708274|24.586499776486363|1429|0|0|(1440.70,.00)|(1529.05,.00)|(1448.77,.00)|-0.32|1.00|0.00|(1450.70,.00)|(1.00,.00)|1449.6997274708274|24.586499776486363|0|null|2.6196720861055884|0|null|false|0|false
42.60|(1432.63,.42)|(1.00,.00)|1431.6259387156454|24.586499776486363|1431|0|0|(1442.63,.00)|(1530.97,.00)|(1450.70,.00)|-0.24|1.00|0.00|(1452.63,.00)|(1.00,.00)|1451.6259387156454|24.586499776486363|0|null|2.614631046833336|0|null|false|0|false
42.65|(1434.55,.40)|(1.00,-.00)|1433.5522544618616|24.586499776486363|1433|0|0|(1444.55,.00)|(1532.90,.00)|(1452.63,.00)|-0.24|1.00|0.00|(1454.55,.00)|(1.00,.00)|1453.5522544618616|24.586499776486363|0|null|2.607968838989729|0|null|false|0|false
42.70|(1436.48,.36)|(1.00,-.00)|1435.4786546415892|24.586499776486363|1435|0|0|(1446.48,.00)|(1534.82,.00)|(1454.55,.00)|-0.24|1.00|0.00|(1456.48,.00)|(1.00,.00)|1455.4786546415892|24.586499776486363|0|null|2.599683659621801|0|null|false|0|false
42.75|(1438.41,.33)|(1.00,-.01)|1437.4051191956685|24.586499776486363|1437|0|0|(1448.41,.00)|(1536.75,.00)|(1456.48,.00)|-0.24|1.00|0.00|(1458.41,.00)|(1.00,.00)|1457.4051191956685|24.586499776486363|0|null|2.589772883739867|0|null|false|0|false
42.80|(1440.33,.29)|(1.00,-.01)|1439.3318067392788|24.586499776486363|1439|0|0|(1450.33,.00)|(1538.68,.00)|(1458.41,.00)|-0.14|1.00|0.00|(1460.33,.00)|(1.00,.00)|1459.3318067392788|24.586499776486363|0|null|2.5800091246735364|0|null|false|0|false
42.85|(1442.26,.25)|(1.00,-.01)|1441.258584301043|24.586499776486363|1441|0|0|(1452.26,.00)|(1540.60,.00)|(1460.33,.00)|-0.14|1.00|0.00|(1462.26,.00)|(1.00,.00)|1461.258584301043|24.586499776486363|0|null|2.5692205217262636|0|null|false|0|false
42.90|(1444.19,.21)|(1.00,-.01)|1443.185443538815|24.586499776486363|1443|0|0|(1454.19,.00)|(1542.53,.00)|(1462.26,.00)|-0.14|1.00|0.00|(1464.19,.00)|(1.00,.00)|1463.185443538815|24.586499776486363|0|null|2.5574074949074705|0|null|false|0|false
42.95|(1446.11,.16)|(1.00,-.02)|1445.1123760586295|24.586499776486363|1445|0|0|(1456.11,.00)|(1544.46,.00)|(1464.19,.00)|-0.14|1.00|0.00|(1466.11,.00)|(1.00,.00)|1465.1123760586295|24.586499776486363|0|null|2.5445689159057054|0|null|false|0|false
43.00|(1448.04,.11)|(1.00,-.02)|1447.0393733678136|24.586499776486363|1447|0|0|(1458.04,.00)|(1546.39,.00)|(1466.11,.00)|-0.14|1.00|0.00|(1468.04,.00)|(1.00,.00)|1467.0393733678136|24.586499776486363|0|null|2.530702230131476|0|null|false|0|false
43.05|(1449.97,.07)|(1.00,-.02)|1448.9666197721265|24.586499776486363|1448|0|0|(1459.97,.00)|(1548.31,.00)|(1468.04,.00)|-0.02|1.00|0.00|(1469.97,.00)|(1.00,.00)|1468.9666197721265|24.586499776486363|0|null|2.5178674177785614|0|null|false|0|false
43.10|(1451.89,.02)|(1.00,-.02)|1450.8939975832177|24.586499776486363|1450|0|0|(1461.89,.00)|(1550.24,.00)|(1469.97,.00)|-0.02|1.00|0.00|(1471.89,.00)|(1.00,.00)|1470.8939975832177|24.586499776486363|0|null|2.5047031778180875|0|null|false|0|false
43.15|(1453.82,-.03)|(1.00,-.02)|1452.8215051876525|24.586499776486363|1452|0|0|(1463.82,.00)|(1552.17,.00)|(1471.89,.00)|-0.02|1.00|0.00|(1473.82,.00)|(1.00,.00)|1472.8215051876525|24.586499776486363|0|null|2.4912107289244845|0|null|false|0|false
43.20|(1455.75,-.08)|(1.00,-.02)|1454.7492656633906|24.586499776486363|1454|0|0|(1465.75,.00)|(1554.10,.00)|(1473.82,.00)|0.10|1.00|0.00|(1475.75,.00)|(1.00,.00)|1474.7492656633906|24.586499776486363|0|null|2.479406486614329|0|null|false|0|false
43.25|(1457.68,-.12)|(1.00,-.02)|1456.6772187896831|24.586499776486363|1456|0|0|(1467.68,.00)|(1556.02,.00)|(1475.75,.00)|0.10|1.00|0.00|(1477.68,.00)|(1.00,.00)|1476.6772187896831|24.586499776486363|0|null|2.467964125452061|0|null|false|0|false
43.30|(1459.61,-.16)|(1.00,-.02)|1458.6053627451465|24.586499776486363|1458|0|0|(1469.61,.00)|(1557.95,.00)|(1477.68,.00)|0.10|1.00|0.00|(1479.61,.00)|(1.00,.00)|1478.6053627451465|24.586499776486363|0|null|2.4568888354204126|0|null|false|0|false
43.35|(1461.53,-.19)|(1.00,-.02)|1460.5337229986658|24.586499776486363|1460|0|0|(1471.53,.00)|(1559.88,.00)|(1479.61,.00)|0.16|1.00|0.00|(1481.53,.00)|(1.00,.00)|1480.5337229986658|24.586499776486363|0|null|2.447097872359641|0|null|false|0|false
43.40|(1463.46,-.23)|(1.00,-.02)|1462.4622907880678|24.586499776486363|1462|0|0|(1473.46,.00)|(1561.81,.00)|(1481.53,.00)|0.16|1.00|0.00|(1483.46,.00)|(1.00,.00)|1482.4622907880678|24.586499776486363|0|null|2.4379947716940595|0|null|false|0|false
43.45|(1465.39,-.26)|(1.00,-.02)|1464.391061710589|24.586499776486363|1464|0|0|(1475.39,.00)|(1563.74,.00)|(1483.46,.00)|0.16|1.00|0.00|(1485.39,.00)|(1.00,.00)|1484.391061710589|24.586499776486363|0|null|2.4295859948185035|0|null|false|0|false
43.50|(1467.32,-.29)|(1.00,-.02)|1466.3200312911122|24.586499776486363|1466|0|0|(1477.32,.00)|(1565.67,.00)|(1485.39,.00)|0.16|1.00|0.00|(1487.32,.00)|(1.00,.00)|1486.3200312911122|24.586499776486363|0|null|2.421877786293694|0|null|false|0|false
43.55|(1469.25,-.31)|(1.00,-.02)|1468.2491952879282|24.586499776486363|1468|0|0|(1479.25,.00)|(1567.60,.00)|(1487.32,.00)|0.21|1.00|0.00|(1489.25,.00)|(1.00,.00)|1488.2491952879282|24.586499776486363|0|null|2.415811981950217|0|null|false|0|false
43.60|(1471.18,-.33)|(1.00,-.02)|1470.1785585685734|24.586499776486363|1470|0|0|(1481.18,.00)|(1569.52,.00)|(1489.25,.00)|0.21|1.00|0.00|(1491.18,.00)|(1.00,.00)|1490.1785585685734|24.586499776486363|0|null|2.410780588211512|0|null|false|0|false
43.65|(1473.11,-.34)|(1.00,-.01)|1472.1081124141137|24.586499776486363|1472|0|0|(1483.11,.00)|(1571.45,.00)|(1491.18,.00)|0.21|1.00|0.00|(1493.11,.00)|(1.00,.00)|1492.1081124141137|24.586499776486363|0|null|2.40679426052379|0|null|false|0|false
43.70|(1475.04,-.35)|(1.00,-.01)|1474.037847953048|24.586499776486363|1474|0|0|(1485.04,.00)|(1573.38,.00)|(1493.11,.00)|0.21|1.00|0.00|(1495.04,.00)|(1.00,.00)|1494.037847953048|24.586499776486363|0|null|2.4038642637458794|0|null|false|0|false
43.75|(1476.97,-.36)|(1.00,-.01)|1475.967752987961|24.586499776486363|1475|0|0|(1486.97,.00)|(1575.31,.00)|(1495.04,.00)|0.22|1.00|0.00|(1496.97,.00)|(1.00,.00)|1495.967752987961|24.586499776486363|0|null|2.4021065380912567|0|null|false|0|false
43.80|(1478.90,-.36)|(1.00,-.01)|1477.8978210775213|24.586499776486363|1477|0|0|(1488.90,.00)|(1577.24,.00)|(1496.97,.00)|0.22|1.00|0.00|(1498.90,.00)|(1.00,.00)|1497.8978210775213|24.586499776486363|0|null|2.401465891571511|0|null|false|0|false
43.85|(1480.83,-.36)|(1.00,-.01)|1479.8280421895322|24.586499776486363|1479|0|0|(1490.83,.00)|(1579.17,.00)|(1498.90,.00)|0.22|1.00|0.00|(1500.83,.00)|(1.00,.00)|1499.8280421895322|24.586499776486363|0|null|2.4019568255192545|0|null|false|0|false
43.90|(1482.76,-.35)|(1.00,-.00)|1481.7584060150384|24.586499776486363|1481|0|0|(1492.76,.00)|(1581.10,.00)|(1500.83,.00)|0.22|1.00|0.00|(1502.76,.00)|(1.00,.00)|1501.7584060150384|24.586499776486363|0|null|2.403594962434058|0|null|false|0|false
43.95|(1484.69,-.34)|(1.00,-.00)|1483.688926983828|24.586499776486363|1483|0|0|(1494.69,.00)|(1583.03,.00)|(1502.76,.00)|0.19|1.00|0.00|(1504.69,.00)|(1.00,.00)|1503.688926983828|24.586499776486363|0|null|2.4059072607701477|0|null|false|0|false
44.00|(1486.62,-.33)|(1.00,-.00)|1485.6195764224426|24.586499776486363|1485|0|0|(1496.62,.00)|(1584.97,.00)|(1504.69,.00)|0.19|1.00|0.00|(1506.62,.00)|(1.00,.00)|1505.6195764224426|24.586499776486363|0|null|2.4092334638257045|0|null|false|0|false
44.05|(1488.55,-.32)|(1.00,.00)|1487.5503457244147|24.586499776486363|1487|0|0|(1498.55,.00)|(1586.90,.00)|(1506.62,.00)|0.19|1.00|0.00|(1508.55,.00)|(1.00,.00)|1507.5503457244147|24.586499776486363|0|null|2.4135908382433024|0|null|false|0|false
44.10|(1490.48,-.30)|(1.00,.00)|1489.4812259295231|24.586499776486363|1489|0|0|(1500.48,.00)|(1588.83,.00)|(1508.55,.00)|0.19|1.00|0.00|(1510.48,.00)|(1.00,.00)|1509.4812259295231|24.586499776486363|0|null|2.4189977407257683|0|null|false|0|false
44.15|(1492.41,-.28)|(1.00,.01)|1491.4122695530439|24.586499776486363|1491|0|0|(1502.41,.00)|(1590.76,.00)|(1510.48,.00)|0.13|1.00|0.00|(1512.41,.00)|(1.00,.00)|1511.4122695530439|24.586499776486363|0|null|2.424458871992094|0|null|false|0|false
44.20|(1494.34,-.25)|(1.00,.01)|1493.3434279234455|24.586499776486363|1493|0|0|(1504.34,.00)|(1592.69,.00)|(1512.41,.00)|0.13|1.00|0.00|(1514.34,.00)|(1.00,.00)|1513.3434279234455|24.586499776486363|0|null|2.430660969246902|0|null|false|0|false
44.25|(1496.27,-.23)|(1.00,.01)|1495.2746956954536|24.586499776486363|1495|0|0|(1506.27,.00)|(1594.62,.00)|(1514.34,.00)|0.13|1.00|0.00|(1516.27,.00)|(1.00,.00)|1515.2746956954536|24.586499776486363|0|null|2.4376211561262524|0|null|false|0|false
44.30|(1498.21,-.20)|(1.00,.01)|1497.206067248089|24.586499776486363|1497|0|0|(1508.21,.00)|(1596.55,.00)|(1516.27,.00)|0.13|1.00|0.00|(1518.21,.00)|(1.00,.00)|1517.206067248089|24.586499776486363|0|null|2.4453571636318197|0|null|false|0|false
44.35|(1500.14,-.17)|(1.00,.01)|1499.1375366781324|24.586499776486363|1499|0|0|(1510.14,.00)|(1598.48,.00)|(1518.21,.00)|0.13|1.00|0.00|(1520.14,.00)|(1.00,.00)|1519.1375366781324|24.586499776486363|0|null|2.453887050083391|0|null|false|0|false
44.40|(1502.07,-.14)|(1.00,.01)|1501.0691857642141|24.586499776486363|1501|0|0|(1512.07,.00)|(1600.42,.00)|(1520.14,.00)|0.05|1.00|0.00|(1522.07,.00)|(1.00,.00)|1521.0691857642141|24.586499776486363|0|null|2.4618386387873654|0|null|false|0|false
44.45|(1504.00,-.11)|(1.00,.01)|1503.0009577817832|24.586499776486363|1503|0|0|(1514.00,.00)|(1602.35,.00)|(1522.07,.00)|0.05|1.00|0.00|(1524.00,.00)|(1.00,.00)|1523.0009577817832|24.586499776486363|0|null|2.4701433818248333|0|null|false|0|false
44.50|(1505.93,-.08)|(1.00,.01)|1504.9328503759875|24.586499776486363|1504|0|0|(1515.93,.00)|(1604.28,.00)|(1524.00,.00)|0.05|1.00|0.00|(1525.93,.00)|(1.00,.00)|1524.9328503759875|24.586499776486363|0|null|2.4788139254094066|0|null|false|0|false
44.55|(1507.86,-.05)|(1.00,.01)|1506.8649104091046|24.586499776486363|1506|0|0|(1517.86,.00)|(1606.21,.00)|(1525.93,.00)|-0.01|1.00|0.00|(1527.86,.00)|(1.00,.00)|1526.8649104091046|24.586499776486363|0|null|2.486864323235142|0|null|false|0|false
44.60|(1509.80,-.02)|(1.00,.01)|1508.797110125204|24.586499776486363|1508|0|0|(1519.80,.00)|(1608.14,.00)|(1527.86,.00)|-0.01|1.00|0.00|(1529.80,.00)|(1.00,.00)|1528.797110125204|24.586499776486363|0|null|2.4949622380043177|0|null|false|0|false
44.65|(1511.73,.01)|(1.00,.01)|1510.729448236269|24.586499776486363|1510|0|0|(1521.73,.00)|(1610.08,.00)|(1529.80,.00)|-0.01|1.00|0.00|(1531.73,.00)|(1.00,.00)|1530.729448236269|24.586499776486363|0|null|2.5031150992513402|0|null|false|0|false
44.70|(1513.66,.04)|(1.00,.01)|1512.6619516890614|24.586499776486363|1512|0|0|(1523.66,.00)|(1612.01,.00)|(1531.73,.00)|-0.06|1.00|0.00|(1533.66,.00)|(1.00,.00)|1532.6619516890614|24.586499776486363|0|null|2.5105496718729796|0|null|false|0|false
44.75|(1515.59,.07)|(1.00,.01)|1514.5946066600582|24.586499776486363|1514|0|0|(1525.59,.00)|(1613.94,.00)|(1533.66,.00)|-0.06|1.00|0.00|(1535.59,.00)|(1.00,.00)|1534.5946066600582|24.586499776486363|0|null|2.5177840790026034|0|null|false|0|false
44.80|(1517.53,.09)|(1.00,.01)|1516.527411837102|24.586499776486363|1516|0|0|(1527.53,.00)|(1615.87,.00)|(1535.59,.00)|-0.06|1.00|0.00|(1537.53,.00)|(1.00,.00)|1536.527411837102|24.586499776486363|0|null|2.524820153117444|0|null|false|0|false
44.85|(1519.46,.12)|(1.00,.01)|1518.4603659990673|24.586499776486363|1518|0|0|(1529.46,.00)|(1617.81,.00)|(1537.53,.00)|-0.06|1.00|0.00|(1539.46,.00)|(1.00,.00)|1538.4603659990673|24.586499776486363|0|null|2.531658667496555|0|null|false|0|false
44.90|(1521.39,.14)|(1.00,.01)|1520.3934680171826|24.586499776486363|1520|0|0|(1531.39,.00)|(1619.74,.00)|(1539.46,.00)|-0.06|1.00|0.00|(1541.39,.00)|(1.00,.00)|1540.3934680171826|24.586499776486363|0|null|2.5382992256032457|0|null|false|0|false
44.95|(1523.33,.16)|(1.00,.01)|1522.3267341301807|24.586499776486363|1522|0|0|(1533.33,.00)|(1621.67,.00)|(1541.39,.00)|-0.11|1.00|0.00|(1543.33,.00)|(1.00,.00)|1542.3267341301807|24.586499776486363|0|null|2.5437936575993434|0|null|false|0|false
45.00|(1525.26,.18)|(1.00,.01)|1524.2601579503976|24.586499776486363|1524|0|0|(1535.26,.00)|(1623.61,.00)|(1543.33,.00)|-0.11|1.00|0.00|(1545.26,.00)|(1.00,.00)|1544.2601579503976|24.586499776486363|0|null|2.5487610515391883|0|null|false|0|false
45.05|(1527.19,.19)|(1.00,.01)|1526.1937368211543|24.586499776486363|1526|0|0|(1537.19,.00)|(1625.54,.00)|(1545.26,.00)|-0.11|1.00|0.00|(1547.19,.00)|(1.00,.00)|1546.1937368211543|24.586499776486363|0|null|2.553194095539038|0|null|false|0|false
45.10|(1529.13,.21)|(1.00,.01)|1528.1274680770705|24.586499776486363|1528|0|0|(1539.13,.00)|(1627.47,.00)|(1547.19,.00)|-0.11|1.00|0.00|(1549.13,.00)|(1.00,.00)|1548.1274680770705|24.586499776486363|0|null|2.5570846266246665|0|null|false|0|false
45.15|(1531.06,.22)|(1.00,.01)|1530.061349026931|24.586499776486363|1530|0|0|(1541.06,.00)|(1629.41,.00)|(1549.13,.00)|-0.11|1.00|0.00|(1551.06,.00)|(1.00,.00)|1550.061349026931|24.586499776486363|0|null|2.560423716495469|0|null|false|0|false
45.20|(1533.00,.23)|(1.00,.01)|1531.9953769362494|24.586499776486363|1531|0|0|(1543.00,.00)|(1631.34,.00)|(1551.06,.00)|-0.11|1.00|0.00|(1553.00,.00)|(1.00,.00)|1551.9953769362494|24.586499776486363|0|null|2.563201794066723|0|null|false|0|false
45.25|(1534.93,.24)|(1.00,.01)|1533.9295490106763|24.586499776486363|1533|0|0|(1544.93,.00)|(1633.28,.00)|(1553.00,.00)|-0.11|1.00|0.00|(1554.93,.00)|(1.00,.00)|1553.9295490106763|24.586499776486363|0|null|2.5654088005560576|0|null|false|0|false
45.30|(1536.86,.25)|(1.00,.01)|1535.8638623813695|24.586499776486363|1535|0|0|(1546.86,.00)|(1635.21,.00)|(1554.93,.00)|-0.11|1.00|0.00|(1556.86,.00)|(1.00,.00)|1555.8638623813695|24.586499776486363|0|null|2.567034372191933|0|null|false|0|false
45.35|(1538.80,.25)|(1.00,.01)|1537.7983140933516|24.586499776486363|1537|0|0|(1548.80,.00)|(1637.14,.00)|(1556.86,.00)|-0.11|1.00|0.00|(1558.80,.00)|(1.00,.00)|1557.7983140933516|24.586499776486363|0|null|2.56806804504942|0|null|false|0|false
45.40|(1540.73,.25)|(1.00,.00)|1539.7329010977523|24.586499776486363|1539|0|0|(1550.73,.00)|(1639.08,.00)|(1558.80,.00)|-0.11|1.00|0.00|(1560.73,.00)|(1.00,.00)|1559.7329010977523|24.586499776486363|0|null|2.5684994760728306|0|null|false|0|false
45.45|(1542.67,.25)|(1.00,.00)|1541.667620248661|24.586499776486363|1541|0|0|(1552.67,.00)|(1641.01,.00)|(1560.73,.00)|-0.11|1.00|0.00|(1562.67,.00)|(1.00,.00)|1561.667620248661|24.586499776486363|0|null|2.5683186740343125|0|null|false|0|false
45.50|(1544.60,.25)|(1.00,.00)|1543.6024683051062|24.586499776486363|1543|0|0|(1554.60,.00)|(1642.95,.00)|(1562.67,.00)|-0.11|1.00|0.00|(1564.60,.00)|(1.00,.00)|1563.6024683051062|24.586499776486363|0|null|2.5675162340080613|0|null|false|0|false
45.55|(1546.54,.24)|(1.00,.00)|1545.53744193845|24.586499776486363|1545|0|0|(1556.54,.00)|(1644.88,.00)|(1564.60,.00)|-0.11|1.00|0.00|(1566.54,.00)|(1.00,.00)|1565.53744193845|24.586499776486363|0|null|2.5660835689140566|0|null|false|0|false
45.60|(1548.47,.23)|(1.00,-.00)|1547.4725377452323|24.586499776486363|1547|0|0|(1558.47,.00)|(1646.82,.00)|(1566.54,.00)|-0.11|1.00|0.00|(1568.47,.00)|(1.00,.00)|1567.4725377452323|24.586499776486363|0|null|2.5640131318029757|0|null|false|0|false
45.65|(1550.41,.22)|(1.00,-.00)|1549.4077522652422|24.586499776486363|1549|0|0|(1560.41,.00)|(1648.75,.00)|(1568.47,.00)|-0.11|1.00|0.00|(1570.41,.00)|(1.00,.00)|1569.4077522652422|24.586499776486363|0|null|2.5612986228118166|0|null|false|0|false
45.70|(1552.34,.21)|(1.00,-.00)|1551.3430820043418|24.586499776486363|1551|0|0|(1562.34,.00)|(1650.69,.00)|(1570.41,.00)|-0.11|1.00|0.00|(1572.34,.00)|(1.00,.00)|1571.3430820043418|24.586499776486363|0|null|2.557935175111568|0|null|false|0|false
45.75|(1554.28,.20)|(1.00,-.00)|1553.2785234613282|24.586499776486363|1553|0|0|(1564.28,.00)|(1652.62,.00)|(1572.34,.00)|-0.11|1.00|0.00|(1574.28,.00)|(1.00,.00)|1573.2785234613282|24.586499776486363|0|null|2.553919514684889|0|null|false|0|false
45.80|(1556.21,.18)|(1.00,-.00)|1555.214073157906|24.586499776486363|1555|0|0|(1566.21,.00)|(1654.56,.00)|(1574.28,.00)|-0.11|1.00|0.00|(1576.21,.00)|(1.00,.00)|1575.214073157906|24.586499776486363|0|null|2.5492500894013768|0|null|false|0|false
45.85|(1558.15,.16)|(1.00,-.01)|1557.1497276706682|24.586499776486363|1557|0|0|(1568.15,.00)|(1656.50,.00)|(1576.21,.00)|-0.11|1.00|0.00|(1578.15,.00)|(1.00,.00)|1577.1497276706682|24.586499776486363|0|null|2.5439271635865452|0|null|false|0|false
45.90|(1560.09,.14)|(1.00,-.01)|1559.085483663858|24.586499776486363|1559|0|0|(1570.09,.00)|(1658.43,.00)|(1578.15,.00)|-0.11|1.00|0.00|(1580.09,.00)|(1.00,.00)|1579.085483663858|24.586499776486363|0|null|2.5379528750916913|0|null|false|0|false
45.95|(1562.02,.11)|(1.00,-.01)|1561.0213379215977|24.586499776486363|1561|0|0|(1572.02,.00)|(1660.37,.00)|(1580.09,.00)|-0.11|1.00|0.00|(1582.02,.00)|(1.00,.00)|1581.0213379215977|24.586499776486363|0|null|2.5313312527474765|0|null|false|0|false
46.00|(1563.96,.09)|(1.00,-.01)|1562.9572873782636|24.586499776486363|1562|0|0|(1573.96,.00)|(1662.30,.00)|(1582.02,.00)|-0.11|1.00|0.00|(1583.96,.00)|(1.00,.00)|1582.9572873782636|24.586499776486363|0|null|2.52406819300482|0|null|false|0|false
46.05|(1565.89,.06)|(1.00,-.01)|1564.8933291457156|24.586499776486363|1564|0|0|(1575.89,.00)|(1664.24,.00)|(1583.96,.00)|-0.11|1.00|0.00|(1585.89,.00)|(1.00,.00)|1584.8933291457156|24.586499776486363|0|null|2.516171395512248|0|null|false|0|false
46.10|(1567.83,.03)|(1.00,-.01)|1566.8295412146294|24.586499776486363|1566|0|0|(1577.83,.00)|(1666.18,.00)|(1585.89,.00)|-0.03|1.00|0.00|(1587.83,.00)|(1.00,.00)|1586.8295412146294|24.586499776486363|0|null|2.5091297631569716|0|null|false|0|false
46.15|(1569.77,.01)|(1.00,-.01)|1568.7658729676639|24.586499776486363|1568|0|0|(1579.77,.00)|(1668.11,.00)|(1587.83,.00)|-0.03|1.00|0.00|(1589.77,.00)|(1.00,.00)|1588.7658729676639|24.586499776486363|0|null|2.5019821295863793|0|null|false|0|false
46.20|(1571.70,-.02)|(1.00,-.01)|1570.7023246134374|24.586499776486363|1570|0|0|(1581.70,.00)|(1670.05,.00)|(1589.77,.00)|-0.03|1.00|0.00|(1591.70,.00)|(1.00,.00)|1590.7023246134374|24.586499776486363|0|null|2.4947457720615493|0|null|false|0|false
46.25|(1573.64,-.05)|(1.00,-.01)|1572.6388964406246|24.586499776486363|1572|0|0|(1583.64,.00)|(1671.98,.00)|(1591.70,.00)|-0.03|1.00|0.00|(1593.64,.00)|(1.00,.00)|1592.6388964406246|24.586499776486363|0|null|2.4874386385229834|0|null|false|0|false
46.30|(1575.58,-.07)|(1.00,-.01)|1574.5756290207476|24.586499776486363|1574|0|0|(1585.58,.00)|(1673.92,.00)|(1593.64,.00)|0.06|1.00|0.00|(1595.58,.00)|(1.00,.00)|1594.5756290207476|24.586499776486363|0|null|2.481514160557589|0|null|false|0|false
46.35|(1577.51,-.09)|(1.00,-.01)|1576.5125035659223|24.586499776486363|1576|0|0|(1587.51,.00)|(1675.86,.00)|(1595.58,.00)|0.06|1.00|0.00|(1597.51,.00)|(1.00,.00)|1596.5125035659223|24.586499776486363|0|null|2.4760480917151906|0|null|false|0|false
46.40|(1579.45,-.11)|(1.00,-.01)|1578.4495187664331|24.586499776486363|1578|0|0|(1589.45,.00)|(1677.80,.00)|(1597.51,.00)|0.06|1.00|0.00|(1599.45,.00)|(1.00,.00)|1598.4495187664331|24.586499776486363|0|null|2.4710638600849344|0|null|false|0|false
46.45|(1581.39,-.12)|(1.00,-.01)|1580.3866728569847|24.586499776486363|1580|0|0|(1591.39,.00)|(1679.73,.00)|(1599.45,.00)|0.09|1.00|0.00|(1601.39,.00)|(1.00,.00)|1600.3866728569847|24.586499776486363|0|null|2.4671838835220883|0|null|false|0|false
46.50|(1583.32,-.13)|(1.00,-.01)|1582.3239675127554|24.586499776486363|1582|0|0|(1593.32,.00)|(1681.67,.00)|(1601.39,.00)|0.09|1.00|0.00|(1603.32,.00)|(1.00,.00)|1602.3239675127554|24.586499776486363|0|null|2.464035743826855|0|null|false|0|false
46.55|(1585.26,-.14)|(1.00,-.01)|1584.2613987776376|24.586499776486363|1584|0|0|(1595.26,.00)|(1683.61,.00)|(1603.32,.00)|0.09|1.00|0.00|(1605.26,.00)|(1.00,.00)|1604.2613987776376|24.586499776486363|0|null|2.4616418452057127|0|null|false|0|false
46.60|(1587.20,-.15)|(1.00,-.01)|1586.1989623636798|24.586499776486363|1586|0|0|(1597.20,.00)|(1685.54,.00)|(1605.26,.00)|0.09|1.00|0.00|(1607.20,.00)|(1.00,.00)|1606.1989623636798|24.586499776486363|0|null|2.460022893462332|0|null|false|0|false
46.65|(1589.14,-.15)|(1.00,-.01)|1588.1366536732514|24.586499776486363|1588|0|0|(1599.14,.00)|(1687.48,.00)|(1607.20,.00)|0.09|1.00|0.00|(1609.14,.00)|(1.00,.00)|1608.1366536732514|24.586499776486363|0|null|2.4591976774645974|0|null|false|0|false
46.70|(1591.07,-.15)|(1.00,-.00)|1590.074467829435|24.586499776486363|1590|0|0|(1601.07,.00)|(1689.42,.00)|(1609.14,.00)|0.09|1.00|0.00|(1611.07,.00)|(1.00,.00)|1610.074467829435|24.586499776486363|0|null|2.4591828661186854|0|null|false|0|false
46.75|(1593.01,-.15)|(1.00,-.00)|1592.0124008179657|24.586499776486363|1592|0|0|(1603.01,.00)|(1691.36,.00)|(1611.07,.00)|0.09|1.00|0.00|(1613.01,.00)|(1.00,.00)|1612.0124008179657|24.586499776486363|0|null|2.45996012888281|0|null|false|0|false
46.80|(1594.95,-.14)|(1.00,-.00)|1593.9504464988854|24.586499776486363|1593|0|0|(1604.95,.00)|(1693.30,.00)|(1613.01,.00)|0.09|1.00|0.00|(1614.95,.00)|(1.00,.00)|1613.9504464988854|24.586499776486363|0|null|2.4615628579193816|0|null|false|0|false
46.85|(1596.89,-.13)|(1.00,-.00)|1595.8885995491962|24.586499776486363|1595|0|0|(1606.89,.00)|(1695.23,.00)|(1614.95,.00)|0.09|1.00|0.00|(1616.89,.00)|(1.00,.00)|1615.8885995491962|24.586499776486363|0|null|2.4640002702500077|0|null|false|0|false
46.90|(1598.83,-.12)|(1.00,.00)|1597.8268545599312|24.586499776486363|1597|0|0|(1608.83,.00)|(1697.17,.00)|(1616.89,.00)|0.09|1.00|0.00|(1618.83,.00)|(1.00,.00)|1617.8268545599312|24.586499776486363|0|null|2.467278920227347|0|null|false|0|false
46.95|(1600.77,-.11)|(1.00,.00)|1599.7652359208037|24.586499776486363|1599|0|0|(1610.77,.00)|(1699.11,.00)|(1618.83,.00)|0.05|1.00|0.00|(1620.77,.00)|(1.00,.00)|1619.7652359208037|24.586499776486363|0|null|2.4707615958581624|0|null|false|0|false
47.00|(1602.70,-.09)|(1.00,.00)|1601.7037180625664|24.586499776486363|1601|0|0|(1612.70,.00)|(1701.05,.00)|(1620.77,.00)|0.05|1.00|0.00|(1622.70,.00)|(1.00,.00)|1621.7037180625664|24.586499776486363|0|null|2.4748705828945203|0|null|false|0|false
47.05|(1604.64,-.07)|(1.00,.00)|1603.6422979559698|24.586499776486363|1603|0|0|(1614.64,.00)|(1702.99,.00)|(1622.70,.00)|0.05|1.00|0.00|(1624.64,.00)|(1.00,.00)|1623.6422979559698|24.586499776486363|0|null|2.479602149068402|0|null|false|0|false
47.10|(1606.58,-.06)|(1.00,.01)|1605.5809727101062|24.586499776486363|1605|0|0|(1616.58,.00)|(1704.93,.00)|(1624.64,.00)|0.05|1.00|0.00|(1626.58,.00)|(1.00,.00)|1625.5809727101062|24.586499776486363|0|null|2.4849501425039526|0|null|false|0|false
47.15|(1608.52,-.04)|(1.00,.01)|1607.5197815018346|24.586499776486363|1607|0|0|(1618.52,.00)|(1706.87,.00)|(1626.58,.00)|-0.00|1.00|0.00|(1628.52,.00)|(1.00,.00)|1627.5197815018346|24.586499776486363|0|null|2.4899738202433888|0|null|false|0|false
47.20|(1610.46,-.02)|(1.00,.01)|1609.4586955699497|24.586499776486363|1609|0|0|(1620.46,.00)|(1708.80,.00)|(1628.52,.00)|-0.00|1.00|0.00|(1630.46,.00)|(1.00,.00)|1629.4586955699497|24.586499776486363|0|null|2.4952750267573327|0|null|false|0|false
47.25|(1612.40,.00)|(1.00,.01)|1611.397714492444|24.586499776486363|1611|0|0|(1622.40,.00)|(1710.74,.00)|(1630.46,.00)|-0.00|1.00|0.00|(1632.40,.00)|(1.00,.00)|1631.397714492444|24.586499776486363|0|null|2.5008379750412457|0|null|false|0|false
47.30|(1614.34,.02)|(1.00,.01)|1613.336837998276|24.586499776486363|1613|0|0|(1624.34,.00)|(1712.68,.00)|(1632.40,.00)|-0.00|1.00|0.00|(1634.34,.00)|(1.00,.00)|1633.336837998276|24.586499776486363|0|null|2.5066453822206625|0|null|false|0|false
47.35|(1616.28,.05)|(1.00,.01)|1615.2760659620928|24.586499776486363|1615|0|0|(1626.28,.00)|(1714.62,.00)|(1634.34,.00)|-0.00|1.00|0.00|(1636.28,.00)|(1.00,.00)|1635.2760659620928|24.586499776486363|0|null|2.512678687440159|0|null|false|0|false
47.40|(1618.22,.07)|(1.00,.01)|1617.2153983947999|24.586499776486363|1617|0|0|(1628.22,.00)|(1716.56,.00)|(1636.28,.00)|-0.00|1.00|0.00|(1638.22,.00)|(1.00,.00)|1637.2153983947999|24.586499776486363|0|null|2.5189182963838146|0|null|false|0|false
47.45|(1620.15,.09)|(1.00,.01)|1619.1548354302522|24.586499776486363|1619|0|0|(1630.15,.00)|(1718.50,.00)|(1638.22,.00)|-0.00|1.00|0.00|(1640.15,.00)|(1.00,.00)|1639.1548354302522|24.586499776486363|0|null|2.525343847305812|0|null|false|0|false
47.50|(1622.09,.12)|(1.00,.01)|1621.094377308535|24.586499776486363|1621|0|0|(1632.09,.00)|(1720.44,.00)|(1640.15,.00)|-0.00|1.00|0.00|(1642.09,.00)|(1.00,.00)|1641.094377308535|24.586499776486363|0|null|2.531934492948894|0|null|false|0|false
47.55|(1624.03,.14)|(1.00,.01)|1623.0340243564544|24.586499776486363|1623|0|0|(1634.03,.00)|(1722.38,.00)|(1642.09,.00)|-0.00|1.00|0.00|(1644.03,.00)|(1.00,.00)|1643.0340243564544|24.586499776486363|0|null|2.53866919235501|0|null|false|0|false
47.60|(1625.97,.17)|(1.00,.01)|1624.9737769659773|24.586499776486363|1624|0|0|(1635.97,.00)|(1724.32,.00)|(1644.03,.00)|-0.00|1.00|0.00|(1645.97,.00)|(1.00,.00)|1644.9737769659773|24.586499776486363|0|null|2.5455270063343676|0|null|false|0|false
47.65|(1627.91,.19)|(1.00,.01)|1626.9136355714402|24.586499776486363|1626|0|0|(1637.91,.00)|(1726.26,.00)|(1645.97,.00)|-0.00|1.00|0.00|(1647.91,.00)|(1.00,.00)|1646.9136355714402|24.586499776486363|0|null|2.5524873902607776|0|null|false|0|false
47.70|(1629.85,.22)|(1.00,.01)|1628.8536006263712|24.586499776486363|1628|0|0|(1639.85,.00)|(1728.20,.00)|(1647.91,.00)|-0.00|1.00|0.00|(1649.85,.00)|(1.00,.00)|1648.8536006263712|24.586499776486363|0|null|2.5595304779044428|0|null|false|0|false
47.75|(1631.79,.24)|(1.00,.01)|1630.79367258076|24.586499776486363|1630|0|0|(1641.79,.00)|(1730.14,.00)|(1649.85,.00)|-0.00|1.00|0.00|(1651.79,.00)|(1.00,.00)|1650.79367258076|24.586499776486363|0|null|2.5666373501967232|0|null|false|0|false
47.80|(1633.73,.27)|(1.00,.01)|1632.733851859551|24.586499776486363|1632|0|0|(1643.73,.00)|(1732.08,.00)|(1651.79,.00)|-0.00|1.00|0.00|(1653.73,.00)|(1.00,.00)|1652.733851859551|24.586499776486363|0|null|2.573790283140629|0|null|false|0|false
47.85|(1635.67,.29)|(1.00,.01)|1634.6741825247757|24.586499776486363|1634|0|0|(1645.67,.00)|(1734.02,.00)|(1653.73,.00)|-0.18|1.00|0.00|(1655.67,.00)|(1.00,.00)|1654.6741825247757|24.586499776486363|0|null|2.577921506794575|0|null|false|0|false
47.90|(1637.61,.30)|(1.00,.01)|1636.6146507860476|24.586499776486363|1636|0|0|(1647.61,.00)|(1735.96,.00)|(1655.67,.00)|-0.18|1.00|0.00|(1657.61,.00)|(1.00,.00)|1656.6146507860476|24.586499776486363|0|null|2.581021123143711|0|null|false|0|false
47.95|(1639.56,.30)|(1.00,.01)|1638.5552491080462|24.586499776486363|1638|0|0|(1649.56,.00)|(1737.90,.00)|(1657.61,.00)|-0.18|1.00|0.00|(1659.56,.00)|(1.00,.00)|1658.5552491080462|24.586499776486363|0|null|2.583066008695372|0|null|false|0|false
48.00|(1641.50,.31)|(1.00,.01)|1640.4959694569316|24.586499776486363|1640|0|0|(1651.50,.00)|(1739.84,.00)|(1659.56,.00)|-0.18|1.00|0.00|(1661.50,.00)|(1.00,.00)|1660.4959694569316|24.586499776486363|0|null|2.584035942677968|0|null|false|0|false
48.05|(1643.44,.31)|(1.00,.01)|1642.4368033690268|24.586499776486363|1642|0|0|(1653.44,.00)|(1741.78,.00)|(1661.50,.00)|-0.18|1.00|0.00|(1663.44,.00)|(1.00,.00)|1662.4368033690268|24.586499776486363|0|null|2.5839136155827562|0|null|false|0|false
48.10|(1645.38,.30)|(1.00,.00)|1644.3777420243998|24.586499776486363|1644|0|0|(1655.38,.00)|(1743.72,.00)|(1663.44,.00)|-0.18|1.00|0.00|(1665.38,.00)|(1.00,.00)|1664.3777420243998|24.586499776486363|0|null|2.582684596928923|0|null|false|0|false
48.15|(1647.32,.29)|(1.00,.00)|1646.318776322821|24.586499776486363|1646|0|0|(1657.32,.00)|(1745.66,.00)|(1665.38,.00)|-0.18|1.00|0.00|(1667.32,.00)|(1.00,.00)|1666.318776322821|24.586499776486363|0|null|2.580337261850323|0|null|false|0|false
48.20|(1649.26,.28)|(1.00,-.00)|1648.2598969595458|24.586499776486363|1648|0|0|(1659.26,.00)|(1747.61,.00)|(1667.32,.00)|-0.18|1.00|0.00|(1669.26,.00)|(1.00,.00)|1668.2598969595458|24.586499776486363|0|null|2.576862676995716|0|null|false|0|false
48.25|(1651.20,.26)|(1.00,-.00)|1650.201094498421|24.586499776486363|1650|0|0|(1661.20,.00)|(1749.55,.00)|(1669.26,.00)|-0.18|1.00|0.00|(1671.20,.00)|(1.00,.00)|1670.201094498421|24.586499776486363|0|null|2.5722544471292377|0|null|false|0|false
48.30|(1653.14,.24)|(1.00,-.00)|1652.1423594399396|24.586499776486363|1652|0|0|(1663.14,.00)|(1751.49,.00)|(1671.20,.00)|-0.18|1.00|0.00|(1673.14,.00)|(1.00,.00)|1672.1423594399396|24.586499776486363|0|null|2.5665085246926655|0|null|false|0|false
48.35|(1655.08,.22)|(1.00,-.01)|1654.0836822820868|24.586499776486363|1654|0|0|(1665.08,.00)|(1753.43,.00)|(1673.14,.00)|-0.18|1.00|0.00|(1675.08,.00)|(1.00,.00)|1674.0836822820868|24.586499776486363|0|null|2.5596229854251065|0|null|false|0|false
48.40|(1657.03,.19)|(1.00,-.01)|1656.0250535720884|24.586499776486363|1656|0|0|(1667.03,.00)|(1755.37,.00)|(1675.08,.00)|-0.18|1.00|0.00|(1677.03,.00)|(1.00,.00)|1676.0250535720884|24.586499776486363|0|null|2.551597773909165|0|null|false|0|false
48.45|(1658.97,.16)|(1.00,-.01)|1657.9664639475136|24.586499776486363|1657|0|0|(1668.97,.00)|(1757.31,.00)|(1677.03,.00)|-0.18|1.00|0.00|(1678.97,.00)|(1.00,.00)|1677.9664639475136|24.586499776486363|0|null|2.5424344236072964|0|null|false|0|false
48.50|(1660.91,.12)|(1.00,-.01)|1659.9079041655677|24.586499776486363|1659|0|0|(1670.91,.00)|(1759.25,.00)|(1678.97,.00)|-0.18|1.00|0.00|(1680.91,.00)|(1.00,.00)|1679.9079041655677|24.586499776486363|0|null|2.5321357565514724|0|null|false|0|false
48.55|(1662.85,.08)|(1.00,-.01)|1661.8493651198141|24.586499776486363|1661|0|0|(1672.85,.00)|(1761.20,.00)|(1680.91,.00)|-0.18|1.00|0.00|(1682.85,.00)|(1.00,.00)|1681.8493651198141|24.586499776486363|0|null|2.5207055683393804|0|null|false|0|false
48.60|(1664.79,.03)|(1.00,-.02)|1663.7908378439988|24.586499776486363|1663|0|0|(1674.79,.00)|(1763.14,.00)|(1682.85,.00)|-0.18|1.00|0.00|(1684.79,.00)|(1.00,.00)|1683.7908378439988|24.586499776486363|0|null|2.508148304459537|0|null|false|0|false
48.65|(1666.73,-.02)|(1.00,-.02)|1665.7323135030633|24.586499776486363|1665|0|0|(1676.73,.00)|(1765.08,.00)|(1684.79,.00)|-0.18|1.00|0.00|(1686.73,.00)|(1.00,.00)|1685.7323135030633|24.586499776486363|0|null|2.4944687342071363|0|null|false|0|false
48.70|(1668.67,-.07)|(1.00,-.02)|1667.6737833718448|24.586499776486363|1667|0|0|(1678.67,.00)|(1767.02,.00)|(1686.73,.00)|-0.18|1.00|0.00|(1688.67,.00)|(1.00,.00)|1687.6737833718448|24.586499776486363|0|null|2.479671628556283|0|null|false|0|false
48.75|(1670.62,-.13)|(1.00,-.02)|1669.615238802335|24.586499776486363|1669|0|0|(1680.62,.00)|(1768.96,.00)|(1688.67,.00)|-0.18|1.00|0.00|(1690.62,.00)|(1.00,.00)|1689.615238802335|24.586499776486363|0|null|2.463761448319707|0|null|false|0|false
48.80|(1672.56,-.19)|(1.00,-.03)|1671.5566711807082|24.586499776486363|1671|0|0|(1682.56,.00)|(1770.90,.00)|(1690.62,.00)|-0.18|1.00|0.00|(1692.56,.00)|(1.00,.00)|1691.5566711807082|24.586499776486363|0|null|2.446742048754441|0|null|false|0|false
48.85|(1674.50,-.26)|(1.00,-.03)|1673.498071875622|24.586499776486363|1673|0|0|(1684.50,.00)|(1772.84,.00)|(1692.56,.00)|-0.18|1.00|0.00|(1694.50,.00)|(1.00,.00)|1693.498071875622|24.586499776486363|0|null|2.428616406464604|0|null|false|0|false
48.90|(1676.44,-.33)|(1.00,-.03)|1675.4394321795285|24.586499776486363|1675|0|0|(1686.44,.00)|(1774.79,.00)|(1694.50,.00)|-0.18|1.00|0.00|(1696.44,.00)|(1.00,.00)|1695.4394321795285|24.586499776486363|0|null|2.4093863740167767|0|null|false|0|false
48.95|(1678.38,-.41)|(1.00,-.03)|1677.3807432449269|24.586499776486363|1677|0|0|(1688.38,.00)|(1776.73,.00)|(1696.44,.00)|-0.18|1.00|0.00|(1698.38,.00)|(1.00,.00)|1697.3807432449269|24.586499776486363|0|null|2.389052467128652|0|null|false|0|false
49.00|(1680.32,-.48)|(1.00,-.03)|1679.3219960176111|24.586499776486363|1679|0|0|(1690.32,.00)|(1778.67,.00)|(1698.38,.00)|-0.18|1.00|0.00|(1700.32,.00)|(1.00,.00)|1699.3219960176111|24.586499776486363|0|null|2.367613688629524|0|null|false|0|false
49.05|(1682.26,-.57)|(1.00,-.04)|1681.2631811690524|24.586499776486363|1681|0|0|(1692.26,.00)|(1780.61,.00)|(1700.32,.00)|-0.18|1.00|0.00|(1702.26,.00)|(1.00,.00)|1701.2631811690524|24.586499776486363|0|null|2.34506739263586|0|null|false|0|false
49.10|(1684.21,-.63)|(1.00,-.04)|1683.2050211691162|24.586499776486363|1683|0|0|(1694.21,.00)|(1782.55,.00)|(1702.26,.00)|0.18|1.00|0.00|(1704.21,.00)|(1.00,.00)|1703.2050211691162|24.586499776486363|0|null|2.3275364327081305|0|null|false|0|false
49.15|(1686.15,-.69)|(1.00,-.03)|1685.147089351714|24.586499776486363|1685|0|0|(1696.15,.00)|(1784.49,.00)|(1704.21,.00)|0.18|1.00|0.00|(1706.15,.00)|(1.00,.00)|1705.147089351714|24.586499776486363|0|null|2.3109887151322277|0|null|false|0|false
49.20|(1688.09,-.75)|(1.00,-.03)|1687.0893791424846|24.586499776486363|1687|0|0|(1698.09,.00)|(1786.44,.00)|(1706.15,.00)|0.18|1.00|0.00|(1708.09,.00)|(1.00,.00)|1707.0893791424846|24.586499776486363|0|null|2.295436582571443|0|null|false|0|false
49.25|(1690.03,-.80)|(1.00,-.03)|1689.0318833719675|24.586499776486363|1689|0|0|(1700.03,.00)|(1788.38,.00)|(1708.09,.00)|0.18|1.00|0.00|(1710.03,.00)|(1.00,.00)|1709.0318833719675|24.586499776486363|0|null|2.280888563618803|0|null|false|0|false
49.30|(1691.97,-.84)|(1.00,-.03)|1690.9745937427608|24.586499776486363|1690|0|0|(1701.97,.00)|(1790.32,.00)|(1710.03,.00)|0.44|1.00|0.00|(1711.97,.00)|(1.00,.00)|1710.9745937427608|24.586499776486363|0|null|2.271698864931605|0|null|false|0|false
49.35|(1693.92,-.86)|(1.00,-.02)|1692.9175695956753|24.586499776486363|1692|0|0|(1703.92,.00)|(1792.26,.00)|(1711.97,.00)|0.44|1.00|0.00|(1713.92,.00)|(1.00,.00)|1712.9175695956753|24.586499776486363|0|null|2.2650114638728325|0|null|false|0|false
49.40|(1695.86,-.88)|(1.00,-.02)|1694.8607656767972|24.586499776486363|1694|0|0|(1705.86,.00)|(1794.21,.00)|(1713.92,.00)|0.44|1.00|0.00|(1715.86,.00)|(1.00,.00)|1714.8607656767972|24.586499776486363|0|null|2.2608395511152803|0|null|false|0|false
49.45|(1697.80,-.88)|(1.00,-.02)|1696.804114055282|24.586499776486363|1696|0|0|(1707.80,.00)|(1796.15,.00)|(1715.86,.00)|0.45|1.00|0.00|(1717.80,.00)|(1.00,.00)|1716.804114055282|24.586499776486363|0|null|2.2594522744923307|0|null|false|0|false
49.50|(1699.75,-.88)|(1.00,-.01)|1698.7475865499825|24.586499776486363|1698|0|0|(1709.75,.00)|(1798.09,.00)|(1717.80,.00)|0.45|1.00|0.00|(1719.75,.00)|(1.00,.00)|1718.7475865499825|24.586499776486363|0|null|2.2606838979262687|0|null|false|0|false
49.55|(1701.69,-.86)|(1.00,-.01)|1700.691133445211|24.586499776486363|1700|0|0|(1711.69,.00)|(1800.04,.00)|(1719.75,.00)|0.45|1.00|0.00|(1721.69,.00)|(1.00,.00)|1720.691133445211|24.586499776486363|0|null|2.2645371737812336|0|null|false|0|false
49.60|(1703.63,-.84)|(1.00,-.00)|1702.6347050768784|24.586499776486363|1702|0|0|(1713.63,.00)|(1801.98,.00)|(1721.69,.00)|0.45|1.00|0.00|(1723.63,.00)|(1.00,.00)|1722.6347050768784|24.586499776486363|0|null|2.271011939556563|0|null|false|0|false
49.65|(1705.58,-.80)|(1.00,.00)|1704.5782520165315|24.586499776486363|1704|0|0|(1715.58,.00)|(1803.92,.00)|(1723.63,.00)|0.45|1.00|0.00|(1725.58,.00)|(1.00,.00)|1724.5782520165315|24.586499776486363|0|null|2.280105611060968|0|null|false|0|false
49.70|(1707.52,-.76)|(1.00,.01)|1706.521725211268|24.586499776486363|1706|0|0|(1717.52,.00)|(1805.87,.00)|(1725.58,.00)|0.45|1.00|0.00|(1727.52,.00)|(1.00,.00)|1726.521725211268|24.586499776486363|0|null|2.291813674053794|0|null|false|0|false
49.75|(1709.47,-.71)|(1.00,.01)|1708.4650760793206|24.586499776486363|1708|0|0|(1719.47,.00)|(1807.81,.00)|(1727.52,.00)|0.45|1.00|0.00|(1729.47,.00)|(1.00,.00)|1728.4650760793206|24.586499776486363|0|null|2.306130167441977|0|null|false|0|false
49.80|(1711.41,-.65)|(1.00,.02)|1710.4082565624|24.586499776486363|1710|0|0|(1721.41,.00)|(1809.75,.00)|(1729.47,.00)|0.45|1.00|0.00|(1731.41,.00)|(1.00,.00)|1730.4082565624|24.586499776486363|0|null|2.3230481512235146|0|null|false|0|false
49.85|(1713.35,-.58)|(1.00,.02)|1712.3512191370473|24.586499776486363|1712|0|0|(1723.35,.00)|(1811.70,.00)|(1731.41,.00)|0.45|1.00|0.00|(1733.35,.00)|(1.00,.00)|1732.3512191370473|24.586499776486363|0|null|2.3425601526025006|0|null|false|0|false
49.90|(1715.29,-.50)|(1.00,.03)|1714.2939167882641|24.586499776486363|1714|0|0|(1725.29,.00)|(1813.64,.00)|(1733.35,.00)|0.45|1.00|0.00|(1735.29,.00)|(1.00,.00)|1734.2939167882641|24.586499776486363|0|null|2.364658584064583|0|null|false|0|false
49.95|(1717.24,-.41)|(1.00,.03)|1716.236302949546|24.586499776486363|1716|0|0|(1727.24,.00)|(1815.58,.00)|(1735.29,.00)|0.45|1.00|0.00|(1737.24,.00)|(1.00,.00)|1736.236302949546|24.586499776486363|0|null|2.3893361276895404|0|null|false|0|false
50.00|(1719.18,-.31)|(1.00,.04)|1718.1783314141446|24.586499776486363|1718|0|0|(1729.18,.00)|(1817.52,.00)|(1737.24,.00)|0.45|1.00|0.00|(1739.18,.00)|(1.00,.00)|1738.1783314141446|24.586499776486363|0|null|2.4165860805811032|0|null|false|0|false
50.05|(1721.12,-.20)|(1.00,.04)|1720.1199562229212|24.586499776486363|1720|0|0|(1731.12,.00)|(1819.47,.00)|(1739.18,.00)|0.45|1.00|0.00|(1741.12,.00)|(1.00,.00)|1740.1199562229212|24.586499776486363|0|null|2.4464026570018698|0|null|false|0|false
50.10|(1723.06,-.08)|(1.00,.05)|1722.0611315345207|24.586499776486363|1722|0|0|(1733.06,.00)|(1821.41,.00)|(1741.12,.00)|0.45|1.00|0.00|(1743.06,.00)|(1.00,.00)|1742.0611315345207|24.586499776486363|0|null|2.4787812435996015|0|null|false|0|false
50.15|(1725.00,.05)|(1.00,.05)|1724.0018114838072|24.586499776486363|1724|0|0|(1735.00,.00)|(1823.35,.00)|(1743.06,.00)|0.45|1.00|0.00|(1745.00,.00)|(1.00,.00)|1744.0018114838072|24.586499776486363|0|null|2.5137186049844837|0|null|false|0|false
50.20|(1726.94,.19)|(1.00,.06)|1725.941950034556|24.586499776486363|1725|0|0|(1736.94,.00)|(1825.29,.00)|(1745.00,.00)|0.45|1.00|0.00|(1746.94,.00)|(1.00,.00)|1745.941950034556|24.586499776486363|0|null|2.5512130378475892|0|null|false|0|false
50.25|(1728.88,.33)|(1.00,.06)|1727.8815008322983|24.586499776486363|1727|0|0|(1738.88,.00)|(1827.23,.00)|(1746.94,.00)|0.45|1.00|0.00|(1748.88,.00)|(1.00,.00)|1747.8815008322983|24.586499776486363|0|null|2.591264472779888|0|null|false|0|false
50.30|(1730.82,.49)|(1.00,.07)|1729.820417062987|24.586499776486363|1729|0|0|(1740.82,.00)|(1829.17,.00)|(1748.88,.00)|0.45|1.00|0.00|(1750.82,.00)|(1.00,.00)|1749.820417062987|24.586499776486363|0|null|2.6338745239387444|0|null|false|0|false
50.35|(1732.76,.66)|(1.00,.07)|1731.7586513227843|24.586499776486363|1731|0|0|(1742.76,.00)|(1831.10,.00)|(1750.82,.00)|0.45|1.00|0.00|(1752.76,.00)|(1.00,.00)|1751.7586513227843|24.586499776486363|0|null|2.679046487694615|0|null|false|0|false
50.40|(1734.70,.83)|(1.00,.08)|1733.696155503797|24.586499776486363|1733|0|0|(1744.70,.00)|(1833.04,.00)|(1752.76,.00)|0.45|1.00|0.00|(1754.70,.00)|(1.00,.00)|1753.696155503797|24.586499776486363|0|null|2.726785292353938|0|null|false|0|false
50.45|(1736.63,1.01)|(1.00,.08)|1735.6328806999982|24.586499776486363|1735|0|0|(1746.63,.00)|(1834.98,.00)|(1754.70,.00)|0.45|1.00|0.00|(1756.63,.00)|(1.00,.00)|1755.6328806999982|24.586499776486363|0|null|2.777097401974872|0|null|false|0|false
50.50|(1738.57,1.21)|(1.00,.09)|1737.568777136902|24.586499776486363|1737|0|0|(1748.57,.00)|(1836.91,.00)|(1756.63,.00)|0.45|1.00|0.00|(1758.57,.00)|(1.00,.00)|1757.568777136902|24.586499776486363|0|null|2.8299906781510646|0|null|false|0|false
50.55|(1740.50,1.41)|(1.00,.09)|1739.503794127801|24.586499776486363|1739|0|0|(1750.50,.00)|(1838.85,.00)|(1758.57,.00)|0.45|1.00|0.00|(1760.50,.00)|(1.00,.00)|1759.503794127801|24.586499776486363|0|null|2.8854742044167714|0|null|false|0|false
50.60|(1742.44,1.62)|(1.00,.10)|1741.4378800585596|24.586499776486363|1741|0|0|(1752.44,.00)|(1840.78,.00)|(1760.50,.00)|0.45|1.00|0.00|(1762.44,.00)|(1.00,.00)|1761.4378800585596|24.586499776486363|0|null|2.9435580786076807|0|null|false|0|false
50.65|(1744.37,1.85)|(.99,.10)|1743.3709824020934|24.586499776486363|1743|0|0|(1754.37,.00)|(1842.72,.00)|(1762.44,.00)|0.45|1.00|0.00|(1764.37,.00)|(1.00,.00)|1763.3709824020934|24.586499776486363|0|null|3.0042531790810054|0|null|false|0|false
50.70|(1746.30,2.08)|(.99,.11)|1745.3030477627674|24.586499776486363|1745|0|0|(1756.30,.00)|(1844.65,.00)|(1764.37,.00)|0.45|1.00|0.00|(1766.30,.00)|(1.00,.00)|1765.3030477627674|24.586499776486363|0|null|3.0675709111434|0|null|false|0|false
50.75|(1748.23,2.32)|(.99,.11)|1747.2340219500331|24.586499776486363|1747|0|0|(1758.23,.00)|(1846.58,.00)|(1766.30,.00)|0.45|1.00|0.00|(1768.23,.00)|(1.00,.00)|1767.2340219500331|24.586499776486363|0|null|3.133522940346202|0|null|false|0|false
50.80|(1750.16,2.57)|(.99,.12)|1749.1638500797312|24.586499776486363|1749|0|0|(1760.16,.00)|(1848.51,.00)|(1768.23,.00)|0.45|1.00|0.00|(1770.16,.00)|(1.00,.00)|1769.1638500797312|24.586499776486363|0|null|3.202120919477489|0|null|false|0|false
50.85|(1752.09,2.83)|(.99,.12)|1751.092476700603|24.586499776486363|1751|0|0|(1762.09,.00)|(1850.44,.00)|(1770.16,.00)|0.45|1.00|0.00|(1772.09,.00)|(1.00,.00)|1771.092476700603|24.586499776486363|0|null|3.2733762161056377|0|null|false|0|false
50.90|(1754.03,3.01)|(.99,.11)|1753.0274837234135|24.586499776486363|1753|0|0|(1764.03,.00)|(1852.37,.00)|(1772.09,.00)|-1.08|1.00|0.00|(1774.03,.00)|(1.00,.00)|1773.0274837234135|24.586499776486363|0|null|3.3212489984230134|0|null|false|0|false
50.95|(1755.96,3.16)|(.99,.10)|1754.9647447547254|24.586499776486363|1754|0|0|(1765.96,.00)|(1854.31,.00)|(1774.03,.00)|-1.08|1.00|0.00|(1775.96,.00)|(1.00,.00)|1774.9647447547254|24.586499776486363|0|null|3.362891746985325|0|null|false|0|false
51.00|(1757.90,3.29)|(1.00,.09)|1756.9039898200383|24.586499776486363|1756|0|0|(1767.90,.00)|(1856.25,.00)|(1775.96,.00)|-1.08|1.00|0.00|(1777.90,.00)|(1.00,.00)|1776.9039898200383|24.586499776486363|0|null|3.398221284684761|0|null|false|0|false
51.05|(1759.84,3.39)|(1.00,.08)|1758.8449382166789|24.586499776486363|1758|0|0|(1769.84,.00)|(1858.19,.00)|(1777.90,.00)|-1.08|1.00|0.00|(1779.84,.00)|(1.00,.00)|1778.8449382166789|24.586499776486363|0|null|3.4271630330793825|0|null|false|0|false
51.10|(1761.78,3.43)|(1.00,.07)|1760.7846436956331|24.586499776486363|1760|0|0|(1771.78,.00)|(1860.13,.00)|(1779.84,.00)|-1.81|1.00|0.00|(1781.78,.00)|(1.00,.00)|1780.7846436956331|24.586499776486363|0|null|3.437213122969222|0|null|false|0|false
51.15|(1763.73,3.43)|(1.00,.05)|1762.7251567760177|24.586499776486363|1762|0|0|(1773.73,.00)|(1862.07,.00)|(1781.78,.00)|-1.81|1.00|0.00|(1783.73,.00)|(1.00,.00)|1782.7251567760177|24.586499776486363|0|null|3.436492599307459|0|null|false|0|false
51.20|(1765.67,3.39)|(1.00,.03)|1764.6656374877728|24.586499776486363|1764|0|0|(1775.67,.00)|(1864.01,.00)|(1783.73,.00)|-1.81|1.00|0.00|(1785.67,.00)|(1.00,.00)|1784.6656374877728|24.586499776486363|0|null|3.4249070701542506|0|null|false|0|false
51.25|(1767.61,3.31)|(1.00,.02)|1766.6066645727785|24.586499776486363|1766|0|0|(1777.61,.00)|(1865.95,.00)|(1785.67,.00)|-1.64|1.00|0.00|(1787.61,.00)|(1.00,.00)|1786.6066645727785|24.586499776486363|0|null|3.40530575174161|0|null|false|0|false
51.30|(1769.55,3.21)|(1.00,-.00)|1768.5463168180681|24.586499776486363|1768|0|0|(1779.55,.00)|(1867.89,.00)|(1787.61,.00)|-1.64|1.00|0.00|(1789.55,.00)|(1.00,.00)|1788.5463168180681|24.586499776486363|0|null|3.375696925594272|0|null|false|0|false
51.35|(1771.48,3.06)|(1.00,-.02)|1770.4838657692446|24.586499776486363|1770|0|0|(1781.48,.00)|(1869.83,.00)|(1789.55,.00)|-1.64|1.00|0.00|(1791.48,.00)|(1.00,.00)|1790.4838657692446|24.586499776486363|0|null|3.3360333406279663|0|null|false|0|false
51.40|(1773.42,2.88)|(1.00,-.04)|1772.418575881422|24.586499776486363|1772|0|0|(1783.42,.00)|(1871.76,.00)|(1791.48,.00)|-1.64|1.00|0.00|(1793.42,.00)|(1.00,.00)|1792.418575881422|24.586499776486363|0|null|3.286277612431702|0|null|false|0|false
51.45|(1775.36,2.69)|(1.00,-.05)|1774.3551744746953|24.586499776486363|1774|0|0|(1785.36,.00)|(1873.70,.00)|(1793.42,.00)|-1.10|1.00|0.00|(1795.36,.00)|(1.00,.00)|1794.3551744746953|24.586499776486363|0|null|3.235435874321855|0|null|false|0|false
51.50|(1777.29,2.48)|(1.00,-.06)|1776.2892987329258|24.586499776486363|1776|0|0|(1787.29,.00)|(1875.64,.00)|(1795.36,.00)|-1.10|1.00|0.00|(1797.29,.00)|(1.00,.00)|1796.2892987329258|24.586499776486363|0|null|3.1775501355096862|0|null|false|0|false
51.55|(1779.22,2.24)|(1.00,-.08)|1778.2205929798115|24.586499776486363|1778|0|0|(1789.22,.00)|(1877.57,.00)|(1797.29,.00)|-1.10|1.00|0.00|(1799.22,.00)|(1.00,.00)|1798.2205929798115|24.586499776486363|0|null|3.1126245067699614|0|null|false|0|false
51.60|(1781.15,2.01)|(1.00,-.09)|1780.153210489931|24.586499776486363|1780|0|0|(1791.15,.00)|(1879.50,.00)|(1799.22,.00)|-0.63|1.00|0.00|(1801.15,.00)|(1.00,.00)|1800.153210489931|24.586499776486363|0|null|3.04870097720103|0|null|false|0|false
51.65|(1783.08,1.76)|(1.00,-.10)|1782.0840162365332|24.586499776486363|1782|0|0|(1793.08,.00)|(1881.43,.00)|(1801.15,.00)|-0.63|1.00|0.00|(1803.08,.00)|(1.00,.00)|1802.0840162365332|24.586499776486363|0|null|2.9805008918768765|0|null|false|0|false
51.70|(1785.01,1.49)|(.99,-.11)|1784.0128884603494|24.586499776486363|1784|0|0|(1795.01,.00)|(1883.36,.00)|(1803.08,.00)|-0.63|1.00|0.00|(1805.01,.00)|(1.00,.00)|1804.0128884603494|24.586499776486363|0|null|2.9080519529993163|0|null|false|0|false
51.75|(1786.94,1.24)|(.99,-.11)|1785.94350260883|24.586499776486363|1785|0|0|(1796.94,.00)|(1885.29,.00)|(1805.01,.00)|-0.16|1.00|0.00|(1806.94,.00)|(1.00,.00)|1805.94350260883|24.586499776486363|0|null|2.839234957717356|0|null|false|0|false
51.80|(1788.87,.98)|(.99,-.12)|1787.8735600132281|24.586499776486363|1787|0|0|(1798.87,.00)|(1887.22,.00)|(1806.94,.00)|-0.16|1.00|0.00|(1808.87,.00)|(1.00,.00)|1807.8735600132281|24.586499776486363|0|null|2.768902577622951|0|null|false|0|false
51.85|(1790.80,.72)|(.99,-.12)|1789.80305831668|24.586499776486363|1789|0|0|(1800.80,.00)|(1889.15,.00)|(1808.87,.00)|-0.16|1.00|0.00|(1810.80,.00)|(1.00,.00)|1809.80305831668|24.586499776486363|0|null|2.697100120968284|0|null|false|0|false
51.90|(1792.73,.45)|(.99,-.13)|1791.7319954230413|24.586499776486363|1791|0|0|(1802.73,.00)|(1891.08,.00)|(1810.80,.00)|-0.16|1.00|0.00|(1812.73,.00)|(1.00,.00)|1811.7319954230413|24.586499776486363|0|null|2.623869232176961|0|null|false|0|false
51.95|(1794.66,.18)|(.99,-.13)|1793.6603694348905|24.586499776486363|1793|0|0|(1804.66,.00)|(1893.01,.00)|(1812.73,.00)|-0.16|1.00|0.00|(1814.66,.00)|(1.00,.00)|1813.6603694348905|24.586499776486363|0|null|2.5492483637266306|0|null|false|0|false
52.00|(1796.59,-.06)|(.99,-.13)|1795.5916673777292|24.586499776486363|1795|0|0|(1806.59,.00)|(1894.94,.00)|(1814.66,.00)|0.39|1.00|0.00|(1816.59,.00)|(1.00,.00)|1815.5916673777292|24.586499776486363|0|null|2.482695286520875|0|null|false|0|false
52.05|(1798.52,-.30)|(.99,-.13)|1797.5240666211191|24.586499776486363|1797|0|0|(1808.52,.00)|(1896.87,.00)|(1816.59,.00)|0.39|1.00|0.00|(1818.52,.00)|(1.00,.00)|1817.5240666211191|24.586499776486363|0|null|2.4180375393923526|0|null|false|0|false
52.10|(1800.46,-.53)|(.99,-.12)|1799.4575543247408|24.586499776486363|1799|0|0|(1810.46,.00)|(1898.80,.00)|(1818.52,.00)|0.39|1.00|0.00|(1820.46,.00)|(1.00,.00)|1819.4575543247408|24.586499776486363|0|null|2.355338919683946|0|null|false|0|false
52.15|(1802.39,-.72)|(.99,-.12)|1801.393554690417|24.586499776486363|1801|0|0|(1812.39,.00)|(1900.74,.00)|(1820.46,.00)|0.86|1.00|0.00|(1822.39,.00)|(1.00,.00)|1821.393554690417|24.586499776486363|0|null|2.302680313326026|0|null|false|0|false
52.20|(1804.33,-.90)|(.99,-.11)|1803.3315380589547|24.586499776486363|1803|0|0|(1814.33,.00)|(1902.68,.00)|(1822.39,.00)|0.86|1.00|0.00|(1824.33,.00)|(1.00,.00)|1823.3315380589547|24.586499776486363|0|null|2.2548350662235883|0|null|false|0|false
52.25|(1806.27,-1.05)|(.99,-.10)|1805.271344880101|24.586499776486363|1805|0|0|(1816.27,.00)|(1904.62,.00)|(1824.33,.00)|0.86|1.00|0.00|(1826.27,.00)|(1.00,.00)|1825.271344880101|24.586499776486363|0|null|2.211885330625835|0|null|false|0|false
52.30|(1808.21,-1.19)|(1.00,-.10)|1807.2128075596872|24.586499776486363|1807|0|0|(1818.21,.00)|(1906.56,.00)|(1826.27,.00)|0.86|1.00|0.00|(1828.21,.00)|(1.00,.00)|1827.2128075596872|24.586499776486363|0|null|2.1739069826950743|0|null|false|0|false
52.35|(1810.16,-1.30)|(1.00,-.09)|1809.1556492626576|24.586499776486363|1809|0|0|(1820.16,.00)|(1908.50,.00)|(1828.21,.00)|1.07|1.00|0.00|(1830.16,.00)|(1.00,.00)|1829.1556492626576|24.586499776486363|0|null|2.144440460817572|0|null|false|0|false
52.40|(1812.10,-1.39)|(1.00,-.08)|1811.099911863408|24.586499776486363|1811|0|0|(1822.10,.00)|(1910.45,.00)|(1830.16,.00)|1.07|1.00|0.00|(1832.10,.00)|(1.00,.00)|1831.099911863408|24.586499776486363|0|null|2.121268406614786|0|null|false|0|false
52.45|(1814.05,-1.45)|(1.00,-.07)|1813.0453097677735|24.586499776486363|1813|0|0|(1824.05,.00)|(1912.39,.00)|(1832.10,.00)|1.07|1.00|0.00|(1834.05,.00)|(1.00,.00)|1833.0453097677735|24.586499776486363|0|null|2.1044636465410975|0|null|false|0|false
52.50|(1815.99,-1.49)|(1.00,-.06)|1814.9915556505553|24.586499776486363|1814|0|0|(1825.99,.00)|(1914.34,.00)|(1834.05,.00)|1.06|1.00|0.00|(1835.99,.00)|(1.00,.00)|1834.9915556505553|24.586499776486363|0|null|2.0940550935514026|0|null|false|0|false
52.55|(1817.94,-1.50)|(1.00,-.05)|1816.938343736848|24.586499776486363|1816|0|0|(1827.94,.00)|(1916.28,.00)|(1835.99,.00)|1.06|1.00|0.00|(1837.94,.00)|(1.00,.00)|1836.938343736848|24.586499776486363|0|null|2.0901287509527573|0|null|false|0|false
52.60|(1819.89,-1.49)|(1.00,-.03)|1818.8853684302433|24.586499776486363|1818|0|0|(1829.89,.00)|(1918.23,.00)|(1837.94,.00)|1.06|1.00|0.00|(1839.89,.00)|(1.00,.00)|1838.8853684302433|24.586499776486363|0|null|2.0927402697627926|0|null|false|0|false
52.65|(1821.83,-1.46)|(1.00,-.02)|1820.8323185319223|24.586499776486363|1820|0|0|(1831.83,.00)|(1920.18,.00)|(1839.89,.00)|1.06|1.00|0.00|(1841.83,.00)|(1.00,.00)|1840.8323185319223|24.586499776486363|0|null|2.1019402424748588|0|null|false|0|false
52.70|(1823.78,-1.41)|(1.00,-.01)|1822.7797811033445|24.586499776486363|1822|0|0|(1833.78,.00)|(1922.13,.00)|(1841.83,.00)|0.87|1.00|0.00|(1843.78,.00)|(1.00,.00)|1842.7797811033445|24.586499776486363|0|null|2.114455484451389|0|null|false|0|false
52.75|(1825.73,-1.35)|(1.00,-.00)|1824.7268072337456|24.586499776486363|1824|0|0|(1835.73,.00)|(1924.07,.00)|(1843.78,.00)|0.87|1.00|0.00|(1845.73,.00)|(1.00,.00)|1844.7268072337456|24.586499776486363|0|null|2.1325076591454337|0|null|false|0|false
52.80|(1827.67,-1.26)|(1.00,.01)|1826.6731733931583|24.586499776486363|1826|0|0|(1837.67,.00)|(1926.02,.00)|(1845.73,.00)|0.87|1.00|0.00|(1847.67,.00)|(1.00,.00)|1846.6731733931583|24.586499776486363|0|null|2.1561237618476903|0|null|false|0|false
52.85|(1829.62,-1.17)|(1.00,.02)|1828.6197955920711|24.586499776486363|1828|0|0|(1839.62,.00)|(1927.97,.00)|(1847.67,.00)|0.64|1.00|0.00|(1849.62,.00)|(1.00,.00)|1848.6197955920711|24.586499776486363|0|null|2.181477791577832|0|null|false|0|false
52.90|(1831.57,-1.06)|(1.00,.03)|1830.565719895881|24.586499776486363|1830|0|0|(1841.57,.00)|(1929.91,.00)|(1849.62,.00)|0.64|1.00|0.00|(1851.57,.00)|(1.00,.00)|1850.565719895881|24.586499776486363|0|null|2.2111210302433597|0|null|false|0|false
52.95|(1833.51,-.93)|(1.00,.04)|1832.5108129601972|24.586499776486363|1832|0|0|(1843.51,.00)|(1931.86,.00)|(1851.57,.00)|0.64|1.00|0.00|(1853.51,.00)|(1.00,.00)|1852.5108129601972|24.586499776486363|0|null|2.245061031330748|0|null|false|0|false
53.00|(1835.46,-.81)|(1.00,.04)|1834.4562574549457|24.586499776486363|1834|0|0|(1845.46,.00)|(1933.80,.00)|(1853.51,.00)|0.38|1.00|0.00|(1855.46,.00)|(1.00,.00)|1854.4562574549457|24.586499776486363|0|null|2.2787762478494207|0|null|false|0|false
53.05|(1837.40,-.68)|(1.00,.05)|1836.4011434126974|24.586499776486363|1836|0|0|(1847.40,.00)|(1935.75,.00)|(1855.46,.00)|0.38|1.00|0.00|(1857.40,.00)|(1.00,.00)|1856.4011434126974|24.586499776486363|0|null|2.3152476766355963|0|null|false|0|false
53.10|(1839.35,-.53)|(1.00,.05)|1838.3454172910406|24.586499776486363|1838|0|0|(1849.35,.00)|(1937.69,.00)|(1857.40,.00)|0.38|1.00|0.00|(1859.35,.00)|(1.00,.00)|1858.3454172910406|24.586499776486363|0|null|2.3544653842082597|0|null|false|0|false
53.15|(1841.29,-.38)|(1.00,.06)|1840.2890264933883|24.586499776486363|1840|0|0|(1851.29,.00)|(1939.64,.00)|(1859.35,.00)|0.38|1.00|0.00|(1861.29,.00)|(1.00,.00)|1860.2890264933883|24.586499776486363|0|null|2.396419421239245|0|null|false|0|false
53.20|(1843.23,-.24)|(1.00,.06)|1842.2335251884288|24.586499776486363|1842|0|0|(1853.23,.00)|(1941.58,.00)|(1861.29,.00)|0.01|1.00|0.00|(1863.23,.00)|(1.00,.00)|1862.2335251884288|24.586499776486363|0|null|2.4348117058078924|0|null|false|0|false
53.25|(1845.18,-.10)|(1.00,.07)|1844.1780022632036|24.586499776486363|1844|0|0|(1855.18,.00)|(1943.52,.00)|(1863.23,.00)|0.01|1.00|0.00|(1865.18,.00)|(1.00,.00)|1864.1780022632036|24.586499776486363|0|null|2.473766035574224|0|null|false|0|false
53.30|(1847.12,.05)|(1.00,.07)|1846.1224582660693|24.586499776486363|1846|0|0|(1857.12,.00)|(1945.47,.00)|(1865.18,.00)|0.01|1.00|0.00|(1867.12,.00)|(1.00,.00)|1866.1224582660693|24.586499776486363|0|null|2.513251529058243|0|null|false|0|false
53.35|(1849.07,.19)|(1.00,.07)|1848.0668941353642|24.586499776486363|1848|0|0|(1859.07,.00)|(1947.41,.00)|(1867.12,.00)|0.01|1.00|0.00|(1869.07,.00)|(1.00,.00)|1868.0668941353642|24.586499776486363|0|null|2.5532387069793177|0|null|false|0|false
53.40|(1851.01,.32)|(1.00,.07)|1850.012196620285|24.586499776486363|1850|0|0|(1861.01,.00)|(1949.36,.00)|(1869.07,.00)|-0.31|1.00|0.00|(1871.01,.00)|(1.00,.00)|1870.012196620285|24.586499776486363|0|null|2.588324623354913|0|null|false|0|false
53.45|(1852.96,.45)|(1.00,.07)|1851.9579805695|24.586499776486363|1851|0|0|(1862.96,.00)|(1951.30,.00)|(1871.01,.00)|-0.31|1.00|0.00|(1872.96,.00)|(1.00,.00)|1871.9579805695|24.586499776486363|0|null|2.622015713208512|0|null|false|0|false
53.50|(1854.90,.56)|(1.00,.07)|1853.904234227451|24.586499776486363|1853|0|0|(1864.90,.00)|(1953.25,.00)|(1872.96,.00)|-0.31|1.00|0.00|(1874.90,.00)|(1.00,.00)|1873.904234227451|24.586499776486363|0|null|2.6542672504460074|0|null|false|0|false
53.55|(1856.85,.68)|(1.00,.06)|1855.8509446078779|24.586499776486363|1855|0|0|(1866.85,.00)|(1955.20,.00)|(1874.90,.00)|-0.31|1.00|0.00|(1876.85,.00)|(1.00,.00)|1875.8509446078779|24.586499776486363|0|null|2.68503698068298|0|null|false|0|false
53.60|(1858.80,.77)|(1.00,.06)|1857.7982916700378|24.586499776486363|1857|0|0|(1868.80,.00)|(1957.14,.00)|(1876.85,.00)|-0.50|1.00|0.00|(1878.80,.00)|(1.00,.00)|1877.7982916700378|24.586499776486363|0|null|2.711013283691422|0|null|false|0|false
53.65|(1860.75,.86)|(1.00,.06)|1859.7462440155393|24.586499776486363|1859|0|0|(1870.75,.00)|(1959.09,.00)|(1878.80,.00)|-0.50|1.00|0.00|(1880.75,.00)|(1.00,.00)|1879.7462440155393|24.586499776486363|0|null|2.734308698101375|0|null|false|0|false
53.70|(1862.69,.93)|(1.00,.05)|1861.694750234867|24.586499776486363|1861|0|0|(1872.69,.00)|(1961.04,.00)|(1880.75,.00)|-0.50|1.00|0.00|(1882.69,.00)|(1.00,.00)|1881.694750234867|24.586499776486363|0|null|2.754876110599033|0|null|false|0|false
53.75|(1864.64,.99)|(1.00,.05)|1863.6436970615423|24.586499776486363|1863|0|0|(1874.64,.00)|(1962.99,.00)|(1882.69,.00)|-0.61|1.00|0.00|(1884.64,.00)|(1.00,.00)|1883.6436970615423|24.586499776486363|0|null|2.770675172973779|0|null|false|0|false
53.80|(1866.59,1.04)|(1.00,.04)|1865.59312660446|24.586499776486363|1865|0|0|(1876.59,.00)|(1964.94,.00)|(1884.64,.00)|-0.61|1.00|0.00|(1886.59,.00)|(1.00,.00)|1885.59312660446|24.586499776486363|0|null|2.7829767246927997|0|null|false|0|false
53.85|(1868.54,1.07)|(1.00,.04)|1867.5429494808207|24.586499776486363|1867|0|0|(1878.54,.00)|(1966.89,.00)|(1886.59,.00)|-0.61|1.00|0.00|(1888.54,.00)|(1.00,.00)|1887.5429494808207|24.586499776486363|0|null|2.7917360117583288|0|null|false|0|false
53.90|(1870.49,1.09)|(1.00,.03)|1869.4930736980994|24.586499776486363|1869|0|0|(1880.49,.00)|(1968.84,.00)|(1888.54,.00)|-0.61|1.00|0.00|(1890.49,.00)|(1.00,.00)|1889.4930736980994|24.586499776486363|0|null|2.796911982276672|0|null|false|0|false
53.95|(1872.44,1.09)|(1.00,.02)|1871.443418293132|24.586499776486363|1871|0|0|(1882.44,.00)|(1970.79,.00)|(1890.49,.00)|-0.61|1.00|0.00|(1892.44,.00)|(1.00,.00)|1891.443418293132|24.586499776486363|0|null|2.798577959295072|0|null|false|0|false
54.00|(1874.39,1.09)|(1.00,.02)|1873.393876062745|24.586499776486363|1873|0|0|(1884.39,.00)|(1972.74,.00)|(1892.44,.00)|-0.61|1.00|0.00|(1894.39,.00)|(1.00,.00)|1893.393876062745|24.586499776486363|0|null|2.7966274283937733|0|null|false|0|false
54.05|(1876.34,1.07)|(1.00,.01)|1875.3443508656746|24.586499776486363|1875|0|0|(1886.34,.00)|(1974.69,.00)|(1894.39,.00)|-0.61|1.00|0.00|(1896.34,.00)|(1.00,.00)|1895.3443508656746|24.586499776486363|0|null|2.7910305684223378|0|null|false|0|false
54.10|(1878.29,1.04)|(1.00,.01)|1877.2949775071618|24.586499776486363|1877|0|0|(1888.29,.00)|(1976.64,.00)|(1896.34,.00)|-0.53|1.00|0.00|(1898.29,.00)|(1.00,.00)|1897.2949775071618|24.586499776486363|0|null|2.783178870667907|0|null|false|0|false
54.15|(1880.25,1.00)|(1.00,-.00)|1879.2454918905594|24.586499776486363|1879|0|0|(1890.25,.00)|(1978.59,.00)|(1898.29,.00)|-0.53|1.00|0.00|(1900.25,.00)|(1.00,.00)|1899.2454918905594|24.586499776486363|0|null|2.772118339221325|0|null|false|0|false
54.20|(1882.20,.94)|(1.00,-.01)|1881.1958187079547|24.586499776486363|1881|0|0|(1892.20,.00)|(1980.54,.00)|(1900.25,.00)|-0.53|1.00|0.00|(1902.20,.00)|(1.00,.00)|1901.1958187079547|24.586499776486363|0|null|2.7578342121294512|0|null|false|0|false
54.25|(1884.15,.88)|(1.00,-.01)|1883.1458823825326|24.586499776486363|1883|0|0|(1894.15,.00)|(1982.49,.00)|(1902.20,.00)|-0.53|1.00|0.00|(1904.15,.00)|(1.00,.00)|1903.1458823825326|24.586499776486363|0|null|2.7403146745764535|0|null|false|0|false
54.30|(1886.10,.81)|(1.00,-.02)|1885.0960062530917|24.586499776486363|1885|0|0|(1896.10,.00)|(1984.44,.00)|(1904.15,.00)|-0.41|1.00|0.00|(1906.10,.00)|(1.00,.00)|1905.0960062530917|24.586499776486363|0|null|2.7215292166493117|0|null|false|0|false
54.35|(1888.05,.73)|(1.00,-.02)|1887.045857352241|24.586499776486363|1887|0|0|(1898.05,.00)|(1986.39,.00)|(1906.10,.00)|-0.41|1.00|0.00|(1908.05,.00)|(1.00,.00)|1907.045857352241|24.586499776486363|0|null|2.7001722704017146|0|null|false|0|false
54.40|(1890.00,.65)|(1.00,-.03)|1888.9953890045472|24.586499776486363|1888|0|0|(1900.00,.00)|(1988.34,.00)|(1908.05,.00)|-0.41|1.00|0.00|(1910.00,.00)|(1.00,.00)|1908.9953890045472|24.586499776486363|0|null|2.6762468140232505|0|null|false|0|false
54.45|(1891.94,.55)|(1.00,-.03)|1890.944555246231|24.586499776486363|1890|0|0|(1901.94,.00)|(1990.29,.00)|(1910.00,.00)|-0.41|1.00|0.00|(1911.94,.00)|(1.00,.00)|1910.944555246231|24.586499776486363|0|null|2.6497578529510872|0|null|false|0|false
54.50|(1893.89,.46)|(1.00,-.04)|1892.8942886716184|24.586499776486363|1892|0|0|(1903.89,.00)|(1992.24,.00)|(1911.94,.00)|-0.11|1.00|0.00|(1913.89,.00)|(1.00,.00)|1912.8942886716184|24.586499776486363|0|null|2.6257862235731535|0|null|false|0|false
54.55|(1895.84,.37)|(1.00,-.04)|1894.8439688267154|24.586499776486363|1894|0|0|(1905.84,.00)|(1994.19,.00)|(1913.89,.00)|-0.11|1.00|0.00|(1915.84,.00)|(1.00,.00)|1914.8439688267154|24.586499776486363|0|null|2.6010071235751573|0|null|false|0|false
54.60|(1897.79,.28)|(1.00,-.04)|1896.793594005414|24.586499776486363|1896|0|0|(1907.79,.00)|(1996.14,.00)|(1915.84,.00)|-0.11|1.00|0.00|(1917.79,.00)|(1.00,.00)|1916.793594005414|24.586499776486363|0|null|2.5754470831965572|0|null|false|0|false
54.65|(1899.74,.19)|(1.00,-.04)|1898.7435335091361|24.586499776486363|1898|0|0|(1909.74,.00)|(1998.09,.00)|(1917.79,.00)|0.05|1.00|0.00|(1919.74,.00)|(1.00,.00)|1918.7435335091361|24.586499776486363|0|null|2.5519416333822527|0|null|false|0|false
54.70|(1901.69,.10)|(1.00,-.04)|1900.6935975542|24.586499776486363|1900|0|0|(1911.69,.00)|(2000.04,.00)|(1919.74,.00)|0.05|1.00|0.00|(1921.69,.00)|(1.00,.00)|1920.6935975542|24.586499776486363|0|null|2.5286709981764632|0|null|false|0|false
54.75|(1903.64,.02)|(1.00,-.04)|1902.6437888888788|24.586499776486363|1902|0|0|(1913.64,.00)|(2001.99,.00)|(1921.69,.00)|0.05|1.00|0.00|(1923.64,.00)|(1.00,.00)|1922.6437888888788|24.586499776486363|0|null|2.5056700033664914|0|null|false|0|false
54.80|(1905.59,-.06)|(1.00,-.04)|1904.5941100468956|24.586499776486363|1904|0|0|(1915.59,.00)|(2003.94,.00)|(1923.64,.00)|0.05|1.00|0.00|(1925.59,.00)|(1.00,.00)|1924.5941100468956|24.586499776486363|0|null|2.4829719929059264|0|null|false|0|false
54.85|(1907.54,-.13)|(1.00,-.04)|1906.5447804889275|24.586499776486363|1906|0|0|(1917.54,.00)|(2005.89,.00)|(1925.59,.00)|0.23|1.00|0.00|(1927.54,.00)|(1.00,.00)|1926.5447804889275|24.586499776486363|0|null|2.463578431877888|0|null|false|0|false
54.90|(1909.50,-.20)|(1.00,-.04)|1908.4957213638384|24.586499776486363|1908|0|0|(1919.50,.00)|(2007.84,.00)|(1927.54,.00)|0.23|1.00|0.00|(1929.50,.00)|(1.00,.00)|1928.4957213638384|24.586499776486363|0|null|2.4455682341642886|0|null|false|0|false
54.95|(1911.45,-.26)|(1.00,-.04)|1910.4469209454062|24.586499776486363|1910|0|0|(1921.45,.00)|(2009.79,.00)|(1929.50,.00)|0.23|1.00|0.00|(1931.45,.00)|(1.00,.00)|1930.4469209454062|24.586499776486363|0|null|2.428979517269713|0|null|false|0|false
55.00|(1913.40,-.31)|(1.00,-.03)|1912.3983806815097|24.586499776486363|1912|0|0|(1923.40,.00)|(2011.74,.00)|(1931.45,.00)|0.30|1.00|0.00|(1933.40,.00)|(1.00,.00)|1932.3983806815097|24.586499776486363|0|null|2.4151995266435824|0|null|false|0|false
55.05|(1915.35,-.35)|(1.00,-.03)|1914.3501040543445|24.586499776486363|1914|0|0|(1925.35,.00)|(2013.70,.00)|(1933.40,.00)|0.30|1.00|0.00|(1935.35,.00)|(1.00,.00)|1934.3501040543445|24.586499776486363|0|null|2.403371999287222|0|null|false|0|false
55.10|(1917.30,-.39)|(1.00,-.03)|1916.3020643490252|24.586499776486363|1916|0|0|(1927.30,.00)|(2015.65,.00)|(1935.35,.00)|0.30|1.00|0.00|(1937.30,.00)|(1.00,.00)|1936.3020643490252|24.586499776486363|0|null|2.3935302743322127|0|null|false|0|false
55.15|(1919.25,-.42)|(1.00,-.03)|1918.2542120435828|24.586499776486363|1918|0|0|(1929.25,.00)|(2017.60,.00)|(1937.30,.00)|0.34|1.00|0.00|(1939.25,.00)|(1.00,.00)|1938.2542120435828|24.586499776486363|0|null|2.3862643294245047|0|null|false|0|false
55.20|(1921.21,-.43)|(1.00,-.02)|1920.2065412294364|24.586499776486363|1920|0|0|(1931.21,.00)|(2019.55,.00)|(1939.25,.00)|0.34|1.00|0.00|(1941.21,.00)|(1.00,.00)|1940.2065412294364|24.586499776486363|0|null|2.381231834880751|0|null|false|0|false
55.25|(1923.16,-.44)|(1.00,-.02)|1922.1590158248205|24.586499776486363|1922|0|0|(1933.16,.00)|(2021.51,.00)|(1941.21,.00)|0.34|1.00|0.00|(1943.16,.00)|(1.00,.00)|1942.1590158248205|24.586499776486363|0|null|2.3784565698273163|0|null|false|0|false
55.30|(1925.11,-.45)|(1.00,-.01)|1924.1115988451304|24.586499776486363|1924|0|0|(1935.11,.00)|(2023.46,.00)|(1943.16,.00)|0.34|1.00|0.00|(1945.11,.00)|(1.00,.00)|1944.1115988451304|24.586499776486363|0|null|2.3779582447383074|0|null|false|0|false
55.35|(1927.06,-.44)|(1.00,-.01)|1926.0642526263075|24.586499776486363|1926|0|0|(1937.06,.00)|(2025.41,.00)|(1945.11,.00)|0.34|1.00|0.00|(1947.06,.00)|(1.00,.00)|1946.0642526263075|24.586499776486363|0|null|2.379752515429525|0|null|false|0|false
55.40|(1929.02,-.43)|(1.00,-.01)|1928.0169851122114|24.586499776486363|1928|0|0|(1939.02,.00)|(2027.36,.00)|(1947.06,.00)|0.31|1.00|0.00|(1949.02,.00)|(1.00,.00)|1948.0169851122114|24.586499776486363|0|null|2.3833847354906412|0|null|false|0|false
55.45|(1930.97,-.41)|(1.00,-.00)|1929.96972405762|24.586499776486363|1929|0|0|(1940.97,.00)|(2029.32,.00)|(1949.02,.00)|0.31|1.00|0.00|(1950.97,.00)|(1.00,.00)|1949.96972405762|24.586499776486363|0|null|2.3891688605519024|0|null|false|0|false
55.50|(1932.92,-.38)|(1.00,.00)|1931.9224362250002|24.586499776486363|1931|0|0|(1942.92,.00)|(2031.27,.00)|(1950.97,.00)|0.31|1.00|0.00|(1952.92,.00)|(1.00,.00)|1951.9224362250002|24.586499776486363|0|null|2.397107241522204|0|null|false|0|false
55.55|(1934.88,-.34)|(1.00,.01)|1933.8750886281646|24.586499776486363|1933|0|0|(1944.88,.00)|(2033.22,.00)|(1952.92,.00)|0.31|1.00|0.00|(1954.88,.00)|(1.00,.00)|1953.8750886281646|24.586499776486363|0|null|2.4071986904472213|0|null|false|0|false
55.60|(1936.83,-.29)|(1.00,.01)|1935.8276487115015|24.586499776486363|1935|0|0|(1946.83,.00)|(2035.17,.00)|(1954.88,.00)|0.31|1.00|0.00|(1956.83,.00)|(1.00,.00)|1955.8276487115015|24.586499776486363|0|null|2.419438640420554|0|null|false|0|false
55.65|(1938.78,-.24)|(1.00,.01)|1937.7800845149486|24.586499776486363|1937|0|0|(1948.78,.00)|(2037.13,.00)|(1956.83,.00)|0.31|1.00|0.00|(1958.78,.00)|(1.00,.00)|1957.7800845149486|24.586499776486363|0|null|2.433819340436732|0|null|false|0|false
55.70|(1940.73,-.18)|(1.00,.02)|1939.7323648211877|24.586499776486363|1939|0|0|(1950.73,.00)|(2039.08,.00)|(1958.78,.00)|0.31|1.00|0.00|(1960.73,.00)|(1.00,.00)|1959.7323648211877|24.586499776486363|0|null|2.4503300841989004|0|null|false|0|false
55.75|(1942.68,-.11)|(1.00,.02)|1941.6844592818875|24.586499776486363|1941|0|0|(1952.68,.00)|(2041.03,.00)|(1960.73,.00)|0.31|1.00|0.00|(1962.68,.00)|(1.00,.00)|1961.6844592818875|24.586499776486363|0|null|2.468957470983834|0|null|false|0|false
55.80|(1944.64,-.04)|(1.00,.03)|1943.6363385202847|24.586499776486363|1943|0|0|(1954.64,.00)|(2042.98,.00)|(1962.68,.00)|0.31|1.00|0.00|(1964.64,.00)|(1.00,.00)|1963.6363385202847|24.586499776486363|0|null|2.4896856957993965|0|null|false|0|false
55.85|(1946.59,.05)|(1.00,.03)|1945.587974207967|24.586499776486363|1945|0|0|(1956.59,.00)|(2044.93,.00)|(1964.64,.00)|0.31|1.00|0.00|(1966.59,.00)|(1.00,.00)|1965.587974207967|24.586499776486363|0|null|2.5124968652651787|0|null|false|0|false
55.90|(1948.54,.14)|(1.00,.03)|1947.5393391143832|24.586499776486363|1947|0|0|(1958.54,.00)|(2046.89,.00)|(1966.59,.00)|0.31|1.00|0.00|(1968.54,.00)|(1.00,.00)|1967.5393391143832|24.586499776486363|0|null|2.537371334924665|0|null|false|0|false
55.95|(1950.49,.24)|(1.00,.04)|1949.4904071283188|24.586499776486363|1949|0|0|(1960.49,.00)|(2048.84,.00)|(1968.54,.00)|0.31|1.00|0.00|(1970.49,.00)|(1.00,.00)|1969.4904071283188|24.586499776486363|0|null|2.5642880630736826|0|null|false|0|false
56.00|(1952.44,.34)|(1.00,.04)|1951.441153251322|24.586499776486363|1951|0|0|(1962.44,.00)|(2050.79,.00)|(1970.49,.00)|0.31|1.00|0.00|(1972.44,.00)|(1.00,.00)|1971.441153251322|24.586499776486363|0|null|2.5932249756792203|0|null|false|0|false
56.05|(1954.39,.45)|(1.00,.05)|1953.3915535638184|24.586499776486363|1953|0|0|(1964.39,.00)|(2052.74,.00)|(1972.44,.00)|0.31|1.00|0.00|(1974.39,.00)|(1.00,.00)|1973.3915535638184|24.586499776486363|0|null|2.62415933657667|0|null|false|0|false
56.10|(1956.34,.57)|(1.00,.05)|1955.3415851653733|24.586499776486363|1955|0|0|(1966.34,.00)|(2054.69,.00)|(1974.39,.00)|0.31|1.00|0.00|(1976.34,.00)|(1.00,.00)|1975.3415851653733|24.586499776486363|0|null|2.6570681168805743|0|null|false|0|false
56.15|(1958.29,.70)|(1.00,.05)|1957.2912260912422|24.586499776486363|1957|0|0|(1968.29,.00)|(2056.64,.00)|(1976.34,.00)|0.31|1.00|0.00|(1978.29,.00)|(1.00,.00)|1977.2912260912422|24.586499776486363|0|null|2.6919283574297443|0|null|false|0|false
56.20|(1960.24,.84)|(1.00,.06)|1959.240455207956|24.586499776486363|1959|0|0|(1970.24,.00)|(2058.59,.00)|(1978.29,.00)|0.31|1.00|0.00|(1980.24,.00)|(1.00,.00)|1979.240455207956|24.586499776486363|0|null|2.728717518114351|0|null|false|0|false
56.25|(1962.19,.98)|(1.00,.06)|1961.1892520912104|24.586499776486363|1961|0|0|(1972.19,.00)|(2060.54,.00)|(1980.24,.00)|0.31|1.00|0.00|(1982.19,.00)|(1.00,.00)|1981.1892520912104|24.586499776486363|0|null|2.7674138080996444|0|null|false|0|false
56.30|(1964.14,1.13)|(1.00,.07)|1963.1375968897462|24.586499776486363|1963|0|0|(1974.14,.00)|(2062.48,.00)|(1982.19,.00)|0.31|1.00|0.00|(1984.14,.00)|(1.00,.00)|1983.1375968897462|24.586499776486363|0|null|2.8079964912643307|0|null|false|0|false
56.35|(1966.09,1.28)|(1.00,.07)|1965.085470179229|24.586499776486363|1965|0|0|(1976.09,.00)|(2064.43,.00)|(1984.14,.00)|0.31|1.00|0.00|(1986.09,.00)|(1.00,.00)|1985.085470179229|24.586499776486363|0|null|2.8504461616045615|0|null|false|0|false
56.40|(1968.03,1.44)|(1.00,.07)|1967.0328528103269|24.586499776486363|1967|0|0|(1978.03,.00)|(2066.38,.00)|(1986.09,.00)|0.31|1.00|0.00|(1988.03,.00)|(1.00,.00)|1987.0328528103269|24.586499776486363|0|null|2.894744983907205|0|null|false|0|false
56.45|(1969.98,1.61)|(1.00,.08)|1968.9797257552798|24.586499776486363|1968|0|0|(1979.98,.00)|(2068.33,.00)|(1988.03,.00)|0.31|1.00|0.00|(1989.98,.00)|(1.00,.00)|1988.9797257552798|24.586499776486363|0|null|2.940876895656458|0|null|false|0|false
56.50|(1971.93,1.79)|(1.00,.08)|1970.926069957229|24.586499776486363|1970|0|0|(1981.93,.00)|(2070.27,.00)|(1989.98,.00)|0.31|1.00|0.00|(1991.93,.00)|(1.00,.00)|1990.926069957229|24.586499776486363|0|null|2.988827766891298|0|null|false|0|false
56.55|(1973.87,1.97)|(1.00,.08)|1972.8718661864452|24.586499776486363|1972|0|0|(1983.87,.00)|(2072.22,.00)|(1991.93,.00)|0.31|1.00|0.00|(1993.87,.00)|(1.00,.00)|1992.8718661864452|24.586499776486363|0|null|3.038585515561252|0|null|false|0|false
56.60|(1975.82,2.09)|(1.00,.08)|1974.8206766588542|24.586499776486363|1974|0|0|(1985.82,.00)|(2074.17,.00)|(1993.87,.00)|-0.76|1.00|0.00|(1995.82,.00)|(1.00,.00)|1994.8206766588542|24.586499776486363|0|null|3.071855873941441|0|null|false|0|false
56.65|(1977.77,2.20)|(1.00,.07)|1976.7706160860625|24.586499776486363|1976|0|0|(1987.77,.00)|(2076.12,.00)|(1995.82,.00)|-0.76|1.00|0.00|(1997.77,.00)|(1.00,.00)|1996.7706160860625|24.586499776486363|0|null|3.100650343788856|0|null|false|0|false
56.70|(1979.72,2.29)|(1.00,.07)|1978.7215487898395|24.586499776486363|1978|0|0|(1989.72,.00)|(2078.07,.00)|(1997.77,.00)|-0.76|1.00|0.00|(1999.72,.00)|(1.00,.00)|1998.7215487898395|24.586499776486363|0|null|3.124901239320824|0|null|false|0|false
56.75|(1981.67,2.36)|(1.00,.06)|1980.673332332057|24.586499776486363|1980|0|0|(1991.67,.00)|(2080.02,.00)|(1999.72,.00)|-0.76|1.00|0.00|(2001.67,.00)|(1.00,.00)|2000.673332332057|24.586499776486363|0|null|3.1445494701597685|0|null|false|0|false
56.80|(1983.62,2.38)|(1.00,.05)|1982.6245078342417|24.586499776486363|1982|0|0|(1993.62,.00)|(2081.97,.00)|(2001.67,.00)|-1.25|1.00|0.00|(2003.62,.00)|(1.00,.00)|2002.6245078342417|24.586499776486363|0|null|3.1512125107993145|0|null|false|0|false
56.85|(1985.58,2.38)|(1.00,.03)|1984.5760754373764|24.586499776486363|1984|0|0|(1995.58,.00)|(2083.92,.00)|(2003.62,.00)|-1.25|1.00|0.00|(2005.58,.00)|(1.00,.00)|2004.5760754373764|24.586499776486363|0|null|3.150322242005294|0|null|false|0|false
56.90|(1987.53,2.35)|(1.00,.02)|1986.5276255547665|24.586499776486363|1986|0|0|(1997.53,.00)|(2085.87,.00)|(2005.58,.00)|-1.25|1.00|0.00|(2007.53,.00)|(1.00,.00)|2006.5276255547665|24.586499776486363|0|null|3.1418148800222054|0|null|false|0|false
56.95|(1989.48,2.30)|(1.00,.01)|1988.4794437056537|24.586499776486363|1988|0|0|(1999.48,.00)|(2087.83,.00)|(2007.53,.00)|-1.13|1.00|0.00|(2009.48,.00)|(1.00,.00)|2008.4794437056537|24.586499776486363|0|null|3.127672034720171|0|null|false|0|false
57.00|(1991.43,2.22)|(1.00,-.00)|1990.4305903577206|24.586499776486363|1990|0|0|(2001.43,.00)|(2089.78,.00)|(2009.48,.00)|-1.13|1.00|0.00|(2011.43,.00)|(1.00,.00)|2010.4305903577206|24.586499776486363|0|null|3.106513562051151|0|null|false|0|false
57.05|(1993.38,2.12)|(1.00,-.01)|1992.3807112714364|24.586499776486363|1992|0|0|(2003.38,.00)|(2091.73,.00)|(2011.43,.00)|-1.13|1.00|0.00|(2013.38,.00)|(1.00,.00)|2012.3807112714364|24.586499776486363|0|null|3.078310530472659|0|null|false|0|false
57.10|(1995.33,2.00)|(1.00,-.02)|1994.3311577600834|24.586499776486363|1994|0|0|(2005.33,.00)|(2093.68,.00)|(2013.38,.00)|-0.88|1.00|0.00|(2015.33,.00)|(1.00,.00)|2014.3311577600834|24.586499776486363|0|null|3.0472672100292058|0|null|false|0|false
57.15|(1997.28,1.87)|(1.00,-.03)|1996.280412543978|24.586499776486363|1996|0|0|(2007.28,.00)|(2095.63,.00)|(2015.33,.00)|-0.88|1.00|0.00|(2017.28,.00)|(1.00,.00)|2016.280412543978|24.586499776486363|0|null|3.0105918631630946|0|null|false|0|false
57.20|(1999.23,1.71)|(1.00,-.05)|1998.2282507266225|24.586499776486363|1998|0|0|(2009.23,.00)|(2097.57,.00)|(2017.28,.00)|-0.88|1.00|0.00|(2019.23,.00)|(1.00,.00)|2018.2282507266225|24.586499776486363|0|null|2.9682850922412753|0|null|false|0|false
57.25|(2001.17,1.54)|(1.00,-.06)|2000.1744484450062|24.586499776486363|2000|0|0|(2011.17,.00)|(2099.52,.00)|(2019.23,.00)|-0.88|1.00|0.00|(2021.17,.00)|(1.00,.00)|2020.1744484450062|24.586499776486363|0|null|2.9203502512439963|0|null|false|0|false
57.30|(2003.12,1.37)|(1.00,-.06)|2002.12188822568|24.586499776486363|2002|0|0|(2013.12,.00)|(2101.47,.00)|(2021.17,.00)|-0.44|1.00|0.00|(2023.12,.00)|(1.00,.00)|2022.12188822568|24.586499776486363|0|null|2.8741868472502214|0|null|false|0|false
57.35|(2005.07,1.19)|(1.00,-.07)|2004.0684040673289|24.586499776486363|2004|0|0|(2015.07,.00)|(2103.41,.00)|(2023.12,.00)|-0.44|1.00|0.00|(2025.07,.00)|(1.00,.00)|2024.0684040673289|24.586499776486363|0|null|2.824942399059959|0|null|false|0|false
57.40|(2007.01,1.00)|(1.00,-.08)|2006.013936441784|24.586499776486363|2006|0|0|(2017.01,.00)|(2105.36,.00)|(2025.07,.00)|-0.44|1.00|0.00|(2027.01,.00)|(1.00,.00)|2026.013936441784|24.586499776486363|0|null|2.772644610462864|0|null|false|0|false
57.45|(2008.96,.82)|(1.00,-.08)|2007.9604330552204|24.586499776486363|2007|0|0|(2018.96,.00)|(2107.31,.00)|(2027.01,.00)|-0.11|1.00|0.00|(2028.96,.00)|(1.00,.00)|2027.9604330552204|24.586499776486363|0|null|2.723101926245139|0|null|false|0|false
57.50|(2010.91,.63)|(1.00,-.08)|2009.9066756912093|24.586499776486363|2009|0|0|(2020.91,.00)|(2109.25,.00)|(2028.96,.00)|-0.11|1.00|0.00|(2030.91,.00)|(1.00,.00)|2029.9066756912093|24.586499776486363|0|null|2.6725347751381126|0|null|false|0|false
57.55|(2012.85,.44)|(1.00,-.09)|2011.8526661916117|24.586499776486363|2011|0|0|(2022.85,.00)|(2111.20,.00)|(2030.91,.00)|-0.11|1.00|0.00|(2032.85,.00)|(1.00,.00)|2031.8526661916117|24.586499776486363|0|null|2.6209808301920474|0|null|false|0|false
57.60|(2014.80,.25)|(1.00,-.09)|2013.798405886862|24.586499776486363|2013|0|0|(2024.80,.00)|(2113.14,.00)|(2032.85,.00)|-0.11|1.00|0.00|(2034.80,.00)|(1.00,.00)|2033.798405886862|24.586499776486363|0|null|2.568473052083643|0|null|false|0|false
57.65|(2016.75,.08)|(1.00,-.09)|2015.745618266643|24.586499776486363|2015|0|0|(2026.75,.00)|(2115.09,.00)|(2034.80,.00)|0.29|1.00|0.00|(2036.75,.00)|(1.00,.00)|2035.745618266643|24.586499776486363|0|null|2.5218057352359793|0|null|false|0|false
57.70|(2018.69,-.09)|(1.00,-.09)|2017.6934139525817|24.586499776486363|2017|0|0|(2028.69,.00)|(2117.04,.00)|(2036.75,.00)|0.29|1.00|0.00|(2038.69,.00)|(1.00,.00)|2037.6934139525817|24.586499776486363|0|null|2.4765531105427376|0|null|false|0|false
57.75|(2020.64,-.25)|(1.00,-.09)|2019.6417845886456|24.586499776486363|2019|0|0|(2030.64,.00)|(2118.99,.00)|(2038.69,.00)|0.29|1.00|0.00|(2040.64,.00)|(1.00,.00)|2039.6417845886456|24.586499776486363|0|null|2.4327573169319936|0|null|false|0|false
57.80|(2022.59,-.39)|(1.00,-.08)|2021.5912566206139|24.586499776486363|2021|0|0|(2032.59,.00)|(2120.94,.00)|(2040.64,.00)|0.52|1.00|0.00|(2042.59,.00)|(1.00,.00)|2041.5912566206139|24.586499776486363|0|null|2.394471107004558|0|null|false|0|false
57.85|(2024.54,-.52)|(1.00,-.08)|2023.5416183116317|24.586499776486363|2023|0|0|(2034.54,.00)|(2122.89,.00)|(2042.59,.00)|0.52|1.00|0.00|(2044.54,.00)|(1.00,.00)|2043.5416183116317|24.586499776486363|0|null|2.359083136664777|0|null|false|0|false
57.90|(2026.49,-.63)|(1.00,-.07)|2025.4928111448623|24.586499776486363|2025|0|0|(2036.49,.00)|(2124.84,.00)|(2044.54,.00)|0.52|1.00|0.00|(2046.49,.00)|(1.00,.00)|2045.4928111448623|24.586499776486363|0|null|2.326631936770598|0|null|false|0|false
57.95|(2028.44,-.74)|(1.00,-.07)|2027.4447735749754|24.586499776486363|2027|0|0|(2038.44,.00)|(2126.79,.00)|(2046.49,.00)|0.52|1.00|0.00|(2048.44,.00)|(1.00,.00)|2047.4447735749754|24.586499776486363|0|null|2.2971496183759204|0|null|false|0|false
58.00|(2030.40,-.84)|(1.00,-.07)|2029.397441606846|24.586499776486363|2029|0|0|(2040.40,.00)|(2128.74,.00)|(2048.44,.00)|0.52|1.00|0.00|(2050.40,.00)|(1.00,.00)|2049.397441606846|24.586499776486363|0|null|2.270662470634238|0|null|false|0|false
58.05|(2032.35,-.91)|(1.00,-.06)|2031.3507397933538|24.586499776486363|2031|0|0|(2042.35,.00)|(2130.70,.00)|(2050.40,.00)|0.70|1.00|0.00|(2052.35,.00)|(1.00,.00)|2051.3507397933536|24.586499776486363|0|null|2.25020226706431|0|null|false|0|false
58.10|(2034.30,-.97)|(1.00,-.05)|2033.3046962682547|24.586499776486363|2033|0|0|(2044.30,.00)|(2132.65,.00)|(2052.35,.00)|0.70|1.00|0.00|(2054.30,.00)|(1.00,.00)|2053.3046962682547|24.586499776486363|0|null|2.233807174614382|0|null|false|0|false
58.15|(2036.26,-1.02)|(1.00,-.05)|2035.2591905845006|24.586499776486363|2035|0|0|(2046.26,.00)|(2134.61,.00)|(2054.30,.00)|0.70|1.00|0.00|(2056.26,.00)|(1.00,.00)|2055.2591905845006|24.586499776486363|0|null|2.2215000036693366|0|null|false|0|false
58.20|(2038.21,-1.05)|(1.00,-.04)|2037.2140467711445|24.586499776486363|2037|0|0|(2048.21,.00)|(2136.56,.00)|(2056.26,.00)|0.73|1.00|0.00|(2058.21,.00)|(1.00,.00)|2057.2140467711442|24.586499776486363|0|null|2.213849070123195|0|null|false|0|false
58.25|(2040.17,-1.06)|(1.00,-.03)|2039.169189555414|24.586499776486363|2039|0|0|(2050.17,.00)|(2138.52,.00)|(2058.21,.00)|0.73|1.00|0.00|(2060.17,.00)|(1.00,.00)|2059.169189555414|24.586499776486363|0|null|2.2105074478186872|0|null|false|0|false
58.30|(2042.12,-1.06)|(1.00,-.02)|2041.1244840176826|24.586499776486363|2041|0|0|(2052.12,.00)|(2140.47,.00)|(2060.17,.00)|0.73|1.00|0.00|(2062.12,.00)|(1.00,.00)|2061.1244840176823|24.586499776486363|0|null|2.211488114609597|0|null|false|0|false
58.35|(2044.08,-1.04)|(1.00,-.02)|2043.079794791888|24.586499776486363|2043|0|0|(2054.08,.00)|(2142.43,.00)|(2062.12,.00)|0.73|1.00|0.00|(2064.08,.00)|(1.00,.00)|2063.079794791888|24.586499776486363|0|null|2.2168012226698774|0|null|false|0|false
58.40|(2046.04,-1.01)|(1.00,-.01)|2045.035307750751|24.586499776486363|2045|0|0|(2056.04,.00)|(2144.38,.00)|(2064.08,.00)|0.63|1.00|0.00|(2066.04,.00)|(1.00,.00)|2065.0353077507507|24.586499776486363|0|null|2.2246252290340554|0|null|false|0|false
58.45|(2047.99,-.97)|(1.00,-.00)|2046.9906613502737|24.586499776486363|2046|0|0|(2057.99,.00)|(2146.34,.00)|(2066.04,.00)|0.63|1.00|0.00|(2067.99,.00)|(1.00,.00)|2066.9906613502735|24.586499776486363|0|null|2.236167986858721|0|null|false|0|false
58.50|(2049.95,-.91)|(1.00,.01)|2048.945756374228|24.586499776486363|2048|0|0|(2059.95,.00)|(2148.29,.00)|(2067.99,.00)|0.63|1.00|0.00|(2069.95,.00)|(1.00,.00)|2068.945756374228|24.586499776486363|0|null|2.25142895256176|0|null|false|0|false
58.55|(2051.90,-.85)|(1.00,.01)|2050.9010158710034|24.586499776486363|2050|0|0|(2061.90,.00)|(2150.25,.00)|(2069.95,.00)|0.47|1.00|0.00|(2071.90,.00)|(1.00,.00)|2070.9010158710034|24.586499776486363|0|null|2.2676890330531854|0|null|false|0|false
58.60|(2053.86,-.78)|(1.00,.02)|2052.8560072212717|24.586499776486363|2052|0|0|(2063.86,.00)|(2152.20,.00)|(2071.90,.00)|0.47|1.00|0.00|(2073.86,.00)|(1.00,.00)|2072.8560072212717|24.586499776486363|0|null|2.2867338063902203|0|null|false|0|false
58.65|(2055.81,-.70)|(1.00,.02)|2054.8106758009517|24.586499776486363|2054|0|0|(2065.81,.00)|(2154.16,.00)|(2073.86,.00)|0.47|1.00|0.00|(2075.81,.00)|(1.00,.00)|2074.8106758009517|24.586499776486363|0|null|2.308555554757759|0|null|false|0|false
58.70|(2057.76,-.61)|(1.00,.03)|2056.7649673984456|24.586499776486363|2056|0|0|(2067.76,.00)|(2156.11,.00)|(2075.81,.00)|0.47|1.00|0.00|(2077.76,.00)|(1.00,.00)|2076.7649673984456|24.586499776486363|0|null|2.333148522220447|0|null|false|0|false
58.75|(2059.72,-.52)|(1.00,.03)|2058.7195736751987|24.586499776486363|2058|0|0|(2069.72,.00)|(2158.07,.00)|(2077.76,.00)|0.24|1.00|0.00|(2079.72,.00)|(1.00,.00)|2078.7195736751987|24.586499776486363|0|null|2.3566072715165034|0|null|false|0|false
58.80|(2061.67,-.43)|(1.00,.03)|2060.6740084162625|24.586499776486363|2060|0|0|(2071.67,.00)|(2160.02,.00)|(2079.72,.00)|0.24|1.00|0.00|(2081.67,.00)|(1.00,.00)|2080.6740084162625|24.586499776486363|0|null|2.3814936030543894|0|null|false|0|false
58.85|(2063.63,-.34)|(1.00,.04)|2062.6282579174913|24.586499776486363|2062|0|0|(2073.63,.00)|(2161.97,.00)|(2081.67,.00)|0.24|1.00|0.00|(2083.63,.00)|(1.00,.00)|2082.6282579174913|24.586499776486363|0|null|2.40779603122264|0|null|false|0|false
58.90|(2065.58,-.25)|(1.00,.04)|2064.582789931855|24.586499776486363|2064|0|0|(2075.58,.00)|(2163.93,.00)|(2083.63,.00)|0.05|1.00|0.00|(2085.58,.00)|(1.00,.00)|2084.582789931855|24.586499776486363|0|null|2.432299856326465|0|null|false|0|false
58.95|(2067.54,-.16)|(1.00,.04)|2066.5373433528566|24.586499776486363|2066|0|0|(2077.54,.00)|(2165.88,.00)|(2085.58,.00)|0.05|1.00|0.00|(2087.54,.00)|(1.00,.00)|2086.5373433528566|24.586499776486363|0|null|2.457107226917989|0|null|false|0|false
59.00|(2069.49,-.07)|(1.00,.04)|2068.491917339982|24.586499776486363|2068|0|0|(2079.49,.00)|(2167.84,.00)|(2087.54,.00)|0.05|1.00|0.00|(2089.49,.00)|(1.00,.00)|2088.491917339982|24.586499776486363|0|null|2.482206179683125|0|null|false|0|false
59.05|(2071.45,.02)|(1.00,.04)|2070.4467826376863|24.586499776486363|2070|0|0|(2081.45,.00)|(2169.79,.00)|(2089.49,.00)|-0.10|1.00|0.00|(2091.45,.00)|(1.00,.00)|2090.4467826376863|24.586499776486363|0|null|2.5049932688014436|0|null|false|0|false
59.10|(2073.40,.10)|(1.00,.04)|2072.401822936877|24.586499776486363|2072|0|0|(2083.40,.00)|(2171.75,.00)|(2091.45,.00)|-0.10|1.00|0.00|(2093.40,.00)|(1.00,.00)|2092.401822936877|24.586499776486363|0|null|2.5271690695762223|0|null|false|0|false
59.15|(2075.36,.18)|(1.00,.04)|2074.3570340656966|24.586499776486363|2074|0|0|(2085.36,.00)|(2173.70,.00)|(2093.40,.00)|-0.10|1.00|0.00|(2095.36,.00)|(1.00,.00)|2094.3570340656966|24.586499776486363|0|null|2.5487235318933306|0|null|false|0|false
59.20|(2077.31,.25)|(1.00,.04)|2076.312411353007|24.586499776486363|2076|0|0|(2087.31,.00)|(2175.66,.00)|(2095.36,.00)|-0.10|1.00|0.00|(2097.31,.00)|(1.00,.00)|2096.312411353007|24.586499776486363|0|null|2.569650144950172|0|null|false|0|false
59.25|(2079.27,.33)|(1.00,.04)|2078.2679497501367|24.586499776486363|2078|0|0|(2089.27,.00)|(2177.61,.00)|(2097.31,.00)|-0.10|1.00|0.00|(2099.27,.00)|(1.00,.00)|2098.2679497501367|24.586499776486363|0|null|2.589945445555971|0|null|false|0|false
59.30|(2081.22,.39)|(1.00,.04)|2080.2237680017142|24.586499776486363|2080|0|0|(2091.22,.00)|(2179.57,.00)|(2099.27,.00)|-0.24|1.00|0.00|(2101.22,.00)|(1.00,.00)|2100.2237680017142|24.586499776486363|0|null|2.607159077817502|0|null|false|0|false
59.35|(2083.18,.45)|(1.00,.04)|2082.179833952459|24.586499776486363|2082|0|0|(2093.18,.00)|(2181.53,.00)|(2101.22,.00)|-0.24|1.00|0.00|(2103.18,.00)|(1.00,.00)|2102.179833952459|24.586499776486363|0|null|2.6229012880338525|0|null|false|0|false
59.40|(2085.14,.50)|(1.00,.03)|2084.13612958416|24.586499776486363|2084|0|0|(2095.14,.00)|(2183.48,.00)|(2103.18,.00)|-0.24|1.00|0.00|(2105.14,.00)|(1.00,.00)|2104.13612958416|24.586499776486363|0|null|2.637166736786844|0|null|false|0|false
59.45|(2087.09,.54)|(1.00,.03)|2086.092627525989|24.586499776486363|2086|0|0|(2097.09,.00)|(2185.44,.00)|(2105.14,.00)|-0.34|1.00|0.00|(2107.09,.00)|(1.00,.00)|2106.092627525989|24.586499776486363|0|null|2.6483135404320373|0|null|false|0|false
59.50|(2089.05,.58)|(1.00,.03)|2088.0493484977496|24.586499776486363|2088|0|0|(2099.05,.00)|(2187.40,.00)|(2107.09,.00)|-0.34|1.00|0.00|(2109.05,.00)|(1.00,.00)|2108.0493484977496|24.586499776486363|0|null|2.657416131330105|0|null|false|0|false
59.55|(2091.01,.60)|(1.00,.03)|2090.0062602385246|24.586499776486363|2090|0|0|(2101.01,.00)|(2189.35,.00)|(2109.05,.00)|-0.34|1.00|0.00|(2111.01,.00)|(1.00,.00)|2110.0062602385246|24.586499776486363|0|null|2.6644683492312504|0|null|false|0|false
59.60|(2092.96,.62)|(1.00,.02)|2091.9633225942657|24.586499776486363|2091|0|0|(2102.96,.00)|(2191.31,.00)|(2111.01,.00)|-0.35|1.00|0.00|(2112.96,.00)|(1.00,.00)|2111.9633225942657|24.586499776486363|0|null|2.6693100238381366|0|null|false|0|false
59.65|(2094.92,.63)|(1.00,.02)|2093.920510868831|24.586499776486363|2093|0|0|(2104.92,.00)|(2193.27,.00)|(2112.96,.00)|-0.35|1.00|0.00|(2114.92,.00)|(1.00,.00)|2113.920510868831|24.586499776486363|0|null|2.672039055777723|0|null|false|0|false
59.70|(2096.88,.63)|(1.00,.01)|2095.8777913447107|24.586499776486363|2095|0|0|(2106.88,.00)|(2195.22,.00)|(2114.92,.00)|-0.35|1.00|0.00|(2116.88,.00)|(1.00,.00)|2115.8777913447107|24.586499776486363|0|null|2.6726513701659407|0|null|false|0|false
59.75|(2098.84,.63)|(1.00,.01)|2097.8351304117555|24.586499776486363|2097|0|0|(2108.84,.00)|(2197.18,.00)|(2116.88,.00)|-0.35|1.00|0.00|(2118.84,.00)|(1.00,.00)|2117.8351304117555|24.586499776486363|0|null|2.6711431497773166|0|null|false|0|false
59.80|(2100.79,.61)|(1.00,.01)|2099.7924945673335|24.586499776486363|2099|0|0|(2110.79,.00)|(2199.14,.00)|(2118.84,.00)|-0.35|1.00|0.00|(2120.79,.00)|(1.00,.00)|2119.7924945673335|24.586499776486363|0|null|2.667510590267054|0|null|false|0|false
59.85|(2102.75,.59)|(1.00,.00)|2101.749850397549|24.586499776486363|2101|0|0|(2112.75,.00)|(2201.10,.00)|(2120.79,.00)|-0.35|1.00|0.00|(2122.75,.00)|(1.00,.00)|2121.749850397549|24.586499776486363|0|null|2.6617497112932242|0|null|false|0|false
59.90|(2104.71,.56)|(1.00,-.00)|2103.707164544804|24.586499776486363|2103|0|0|(2114.71,.00)|(2203.05,.00)|(2122.75,.00)|-0.35|1.00|0.00|(2124.71,.00)|(1.00,.00)|2123.707164544804|24.586499776486363|0|null|2.65385622329386|0|null|false|0|false
59.95|(2106.66,.53)|(1.00,-.01)|2105.6644036670173|24.586499776486363|2105|0|0|(2116.66,.00)|(2205.01,.00)|(2124.71,.00)|-0.35|1.00|0.00|(2126.66,.00)|(1.00,.00)|2125.6644036670173|24.586499776486363|0|null|2.6438254486232733|0|null|false|0|false
60.00|(2108.62,.48)|(1.00,-.01)|2107.6215343936583|24.586499776486363|2107|0|0|(2118.62,.00)|(2206.97,.00)|(2126.66,.00)|-0.35|1.00|0.00|(2128.62,.00)|(1.00,.00)|2127.6215343936583|24.586499776486363|0|null|2.631652294738949|0|null|false|0|false
60.05|(2110.58,.43)|(1.00,-.01)|2109.578523283468|24.586499776486363|2109|0|0|(2120.58,.00)|(2208.92,.00)|(2128.62,.00)|-0.35|1.00|0.00|(2130.58,.00)|(1.00,.00)|2129.578523283468|24.586499776486363|0|null|2.6173312761743945|0|null|false|0|false
60.10|(2112.54,.37)|(1.00,-.02)|2111.5353367882763|24.586499776486363|2111|0|0|(2122.54,.00)|(2210.88,.00)|(2130.58,.00)|-0.35|1.00|0.00|(2132.54,.00)|(1.00,.00)|2131.5353367882763|24.586499776486363|0|null|2.600856581152921|0|null|false|0|false
60.15|(2114.49,.30)|(1.00,-.02)|2113.4919412267914|24.586499776486363|2113|0|0|(2124.49,.00)|(2212.84,.00)|(2132.54,.00)|-0.35|1.00|0.00|(2134.49,.00)|(1.00,.00)|2133.4919412267914|24.586499776486363|0|null|2.5822221779096592|0|null|false|0|false
60.20|(2116.45,.22)|(1.00,-.03)|2115.4483027715623|24.586499776486363|2115|0|0|(2126.45,.00)|(2214.79,.00)|(2134.49,.00)|-0.35|1.00|0.00|(2136.45,.00)|(1.00,.00)|2135.4483027715623|24.586499776486363|0|null|2.561421955109731|0|null|false|0|false
60.25|(2118.40,.14)|(1.00,-.03)|2117.404387451602|24.586499776486363|2117|0|0|(2128.40,.00)|(2216.75,.00)|(2136.45,.00)|-0.35|1.00|0.00|(2138.40,.00)|(1.00,.00)|2137.404387451602|24.586499776486363|0|null|2.5384498901927306|0|null|false|0|false
60.30|(2120.36,.05)|(1.00,-.03)|2119.360161172369|24.586499776486363|2119|0|0|(2130.36,.00)|(2218.71,.00)|(2138.40,.00)|-0.35|1.00|0.00|(2140.36,.00)|(1.00,.00)|2139.360161172369|24.586499776486363|0|null|2.513300239048594|0|null|false|0|false
60.35|(2122.32,-.05)|(1.00,-.04)|2121.315589753992|24.586499776486363|2121|0|0|(2132.32,.00)|(2220.66,.00)|(2140.36,.00)|-0.35|1.00|0.00|(2142.32,.00)|(1.00,.00)|2141.315589753992|24.586499776486363|0|null|2.4859677401458224|0|null|false|0|false
60.40|(2124.27,-.16)|(1.00,-.04)|2123.2706389877885|24.586499776486363|2123|0|0|(2134.27,.00)|(2222.62,.00)|(2142.32,.00)|-0.35|1.00|0.00|(2144.27,.00)|(1.00,.00)|2143.2706389877885|24.586499776486363|0|null|2.456447826095359|0|null|false|0|false
60.45|(2126.23,-.28)|(1.00,-.05)|2125.225274710323|24.586499776486363|2125|0|0|(2136.23,.00)|(2224.57,.00)|(2144.27,.00)|-0.35|1.00|0.00|(2146.23,.00)|(1.00,.00)|2145.225274710323|24.586499776486363|0|null|2.4247368356445307|0|null|false|0|false
60.50|(2128.18,-.37)|(1.00,-.05)|2127.1810087041245|24.586499776486363|2127|0|0|(2138.18,.00)|(2226.53,.00)|(2146.23,.00)|0.14|1.00|0.00|(2148.18,.00)|(1.00,.00)|2147.1810087041245|24.586499776486363|0|null|2.39909431640216|0|null|false|0|false
60.55|(2130.14,-.46)|(1.00,-.05)|2129.136920859517|24.586499776486363|2129|0|0|(2140.14,.00)|(2228.48,.00)|(2148.18,.00)|0.14|1.00|0.00|(2150.14,.00)|(1.00,.00)|2149.136920859517|24.586499776486363|0|null|2.374091184885371|0|null|false|0|false
60.60|(2132.09,-.55)|(1.00,-.05)|2131.0930102433067|24.586499776486363|2131|0|0|(2142.09,.00)|(2230.44,.00)|(2150.14,.00)|0.14|1.00|0.00|(2152.09,.00)|(1.00,.00)|2151.0930102433067|24.586499776486363|0|null|2.3497539879370537|0|null|false|0|false
60.65|(2134.05,-.64)|(1.00,-.05)|2133.049275523392|24.586499776486363|2133|0|0|(2144.05,.00)|(2232.40,.00)|(2152.09,.00)|0.14|1.00|0.00|(2154.05,.00)|(1.00,.00)|2153.049275523392|24.586499776486363|0|null|2.326108064738828|0|null|false|0|false
60.70|(2136.01,-.70)|(1.00,-.04)|2135.0059601984967|24.586499776486363|2135|0|0|(2146.01,.00)|(2234.35,.00)|(2154.05,.00)|0.48|1.00|0.00|(2156.01,.00)|(1.00,.00)|2155.0059601984967|24.586499776486363|0|null|2.3090881319016856|0|null|false|0|false
60.75|(2137.96,-.75)|(1.00,-.04)|2136.963034817882|24.586499776486363|2136|0|0|(2147.96,.00)|(2236.31,.00)|(2156.01,.00)|0.48|1.00|0.00|(2157.96,.00)|(1.00,.00)|2156.963034817882|24.586499776486363|0|null|2.294835302472028|0|null|false|0|false
60.80|(2139.92,-.79)|(1.00,-.03)|2138.9204451050487|24.586499776486363|2138|0|0|(2149.92,.00)|(2238.27,.00)|(2157.96,.00)|0.48|1.00|0.00|(2159.92,.00)|(1.00,.00)|2158.9204451050487|24.586499776486363|0|null|2.283392753523841|0|null|false|0|false
60.85|(2141.88,-.82)|(1.00,-.03)|2140.8780624804053|24.586499776486363|2140|0|0|(2151.88,.00)|(2240.22,.00)|(2159.92,.00)|0.54|1.00|0.00|(2161.88,.00)|(1.00,.00)|2160.8780624804053|24.586499776486363|0|null|2.2758379758219154|0|null|false|0|false
60.90|(2143.84,-.84)|(1.00,-.02)|2142.8358979010877|24.586499776486363|2142|0|0|(2153.84,.00)|(2242.18,.00)|(2161.88,.00)|0.54|1.00|0.00|(2163.84,.00)|(1.00,.00)|2162.8358979010877|24.586499776486363|0|null|2.2715290133210617|0|null|false|0|false
60.95|(2145.79,-.84)|(1.00,-.02)|2144.793874779246|24.586499776486363|2144|0|0|(2155.79,.00)|(2244.14,.00)|(2163.84,.00)|0.54|1.00|0.00|(2165.79,.00)|(1.00,.00)|2164.793874779246|24.586499776486363|0|null|2.270506409974179|0|null|false|0|false
61.00|(2147.75,-.83)|(1.00,-.01)|2146.7519142228957|24.586499776486363|2146|0|0|(2157.75,.00)|(2246.10,.00)|(2165.79,.00)|0.54|1.00|0.00|(2167.75,.00)|(1.00,.00)|2166.7519142228957|24.586499776486363|0|null|2.2728087230001988|0|null|false|0|false
61.05|(2149.71,-.81)|(1.00,-.01)|2148.7099351644365|24.586499776486363|2148|0|0|(2159.71,.00)|(2248.06,.00)|(2167.75,.00)|0.54|1.00|0.00|(2169.71,.00)|(1.00,.00)|2168.7099351644365|24.586499776486363|0|null|2.2784726663971875|0|null|false|0|false
61.10|(2151.67,-.78)|(1.00,-.00)|2150.668006033366|24.586499776486363|2150|0|0|(2161.67,.00)|(2250.01,.00)|(2169.71,.00)|0.49|1.00|0.00|(2171.67,.00)|(1.00,.00)|2170.668006033366|24.586499776486363|0|null|2.2865947693556983|0|null|false|0|false
61.15|(2153.63,-.74)|(1.00,.00)|2152.625933098414|24.586499776486363|2152|0|0|(2163.63,.00)|(2251.97,.00)|(2171.67,.00)|0.49|1.00|0.00|(2173.63,.00)|(1.00,.00)|2172.625933098414|24.586499776486363|0|null|2.2978245848724863|0|null|false|0|false
61.20|(2155.58,-.69)|(1.00,.01)|2154.5836448742875|24.586499776486363|2154|0|0|(2165.58,.00)|(2253.93,.00)|(2173.63,.00)|0.49|1.00|0.00|(2175.58,.00)|(1.00,.00)|2174.5836448742875|24.586499776486363|0|null|2.3121907380278643|0|null|false|0|false
61.25|(2157.54,-.62)|(1.00,.01)|2156.541068467256|24.586499776486363|2156|0|0|(2167.54,.00)|(2255.89,.00)|(2175.58,.00)|0.49|1.00|0.00|(2177.54,.00)|(1.00,.00)|2176.541068467256|24.586499776486363|0|null|2.3297204692307507|0|null|false|0|false
61.30|(2159.50,-.56)|(1.00,.02)|2158.498795050329|24.586499776486363|2158|0|0|(2169.50,.00)|(2257.84,.00)|(2177.54,.00)|0.28|1.00|0.00|(2179.50,.00)|(1.00,.00)|2178.498795050329|24.586499776486363|0|null|2.3469512433582618|0|null|false|0|false
61.35|(2161.46,-.49)|(1.00,.02)|2160.4563177106006|24.586499776486363|2160|0|0|(2171.46,.00)|(2259.80,.00)|(2179.50,.00)|0.28|1.00|0.00|(2181.46,.00)|(1.00,.00)|2180.4563177106006|24.586499776486363|0|null|2.3661982352720248|0|null|false|0|false
61.40|(2163.41,-.41)|(1.00,.03)|2162.413605796846|24.586499776486363|2162|0|0|(2173.41,.00)|(2261.76,.00)|(2181.46,.00)|0.28|1.00|0.00|(2183.41,.00)|(1.00,.00)|2182.413605796846|24.586499776486363|0|null|2.3874731381427057|0|null|false|0|false
61.45|(2165.37,-.34)|(1.00,.03)|2164.3710934800606|24.586499776486363|2164|0|0|(2175.37,.00)|(2263.72,.00)|(2183.41,.00)|0.12|1.00|0.00|(2185.37,.00)|(1.00,.00)|2184.3710934800606|24.586499776486363|0|null|2.408001280678699|0|null|false|0|false
61.50|(2167.33,-.26)|(1.00,.03)|2166.3284709177224|24.586499776486363|2166|0|0|(2177.33,.00)|(2265.67,.00)|(2185.37,.00)|0.12|1.00|0.00|(2187.33,.00)|(1.00,.00)|2186.3284709177224|24.586499776486363|0|null|2.42962267120938|0|null|false|0|false
61.55|(2169.29,-.17)|(1.00,.03)|2168.285728848625|24.586499776486363|2168|0|0|(2179.29,.00)|(2267.63,.00)|(2187.33,.00)|0.12|1.00|0.00|(2189.29,.00)|(1.00,.00)|2188.285728848625|24.586499776486363|0|null|2.452337703809172|0|null|false|0|false
61.60|(2171.24,-.09)|(1.00,.04)|2170.24285815531|24.586499776486363|2170|0|0|(2181.24,.00)|(2269.59,.00)|(2189.29,.00)|0.12|1.00|0.00|(2191.24,.00)|(1.00,.00)|2190.24285815531|24.586499776486363|0|null|2.476146428448434|0|null|false|0|false
61.65|(2173.20,.00)|(1.00,.04)|2172.19984990577|24.586499776486363|2172|0|0|(2183.20,.00)|(2271.55,.00)|(2191.24,.00)|0.12|1.00|0.00|(2193.20,.00)|(1.00,.00)|2192.19984990577|24.586499776486363|0|null|2.5010482724046263|0|null|false|0|false
61.70|(2175.16,.09)|(1.00,.04)|2174.1571745265255|24.586499776486363|2174|0|0|(2185.16,.00)|(2273.50,.00)|(2193.20,.00)|-0.07|1.00|0.00|(2195.16,.00)|(1.00,.00)|2194.1571745265255|24.586499776486363|0|null|2.523730175411477|0|null|false|0|false
61.75|(2177.11,.17)|(1.00,.04)|2176.1145594661853|24.586499776486363|2176|0|0|(2187.11,.00)|(2275.46,.00)|(2195.16,.00)|-0.07|1.00|0.00|(2197.11,.00)|(1.00,.00)|2196.1145594661853|24.586499776486363|0|null|2.5463649465271176|0|null|false|0|false
61.80|(2179.07,.25)|(1.00,.04)|2178.072005243686|24.586499776486363|2178|0|0|(2189.07,.00)|(2277.42,.00)|(2197.11,.00)|-0.07|1.00|0.00|(2199.07,.00)|(1.00,.00)|2198.072005243686|24.586499776486363|0|null|2.568938110712105|0|null|false|0|false
61.85|(2181.03,.32)|(1.00,.04)|2180.0297756623886|24.586499776486363|2180|0|0|(2191.03,.00)|(2279.38,.00)|(2199.07,.00)|-0.25|1.00|0.00|(2201.03,.00)|(1.00,.00)|2200.0297756623886|24.586499776486363|0|null|2.588425261211917|0|null|false|0|false
61.90|(2182.99,.39)|(1.00,.04)|2181.9877530162594|24.586499776486363|2181|0|0|(2192.99,.00)|(2281.33,.00)|(2201.03,.00)|-0.25|1.00|0.00|(2202.99,.00)|(1.00,.00)|2201.9877530162594|24.586499776486363|0|null|2.6067880909346517|0|null|false|0|false
61.95|(2184.95,.45)|(1.00,.04)|2183.9459290005507|24.586499776486363|2183|0|0|(2194.95,.00)|(2283.29,.00)|(2202.99,.00)|-0.25|1.00|0.00|(2204.95,.00)|(1.00,.00)|2203.9459290005507|24.586499776486363|0|null|2.6240008149612866|0|null|false|0|false
62.00|(2186.90,.51)|(1.00,.03)|2185.904338854777|24.586499776486363|2185|0|0|(2196.90,.00)|(2285.25,.00)|(2204.95,.00)|-0.34|1.00|0.00|(2206.90,.00)|(1.00,.00)|2205.904338854777|24.586499776486363|0|null|2.638454101026719|0|null|false|0|false
62.05|(2188.86,.55)|(1.00,.03)|2187.862972377695|24.586499776486363|2187|0|0|(2198.86,.00)|(2287.21,.00)|(2206.90,.00)|-0.34|1.00|0.00|(2208.86,.00)|(1.00,.00)|2207.862972377695|24.586499776486363|0|null|2.651162968799556|0|null|false|0|false
62.10|(2190.82,.59)|(1.00,.03)|2189.8218081843843|24.586499776486363|2189|0|0|(2200.82,.00)|(2289.17,.00)|(2208.86,.00)|-0.34|1.00|0.00|(2210.82,.00)|(1.00,.00)|2209.8218081843843|24.586499776486363|0|null|2.662097011660273|0|null|false|0|false
62.15|(2192.78,.63)|(1.00,.03)|2191.780823997887|24.586499776486363|2191|0|0|(2202.78,.00)|(2291.13,.00)|(2210.82,.00)|-0.34|1.00|0.00|(2212.78,.00)|(1.00,.00)|2211.780823997887|24.586499776486363|0|null|2.6712264697766894|0|null|false|0|false
62.20|(2194.74,.65)|(1.00,.02)|2193.7399966546864|24.586499776486363|2193|0|0|(2204.74,.00)|(2293.09,.00)|(2212.78,.00)|-0.34|1.00|0.00|(2214.74,.00)|(1.00,.00)|2213.7399966546864|24.586499776486363|0|null|2.6785222161538274|0|null|false|0|false
62.25|(2196.70,.67)|(1.00,.02)|2195.699266852968|24.586499776486363|2195|0|0|(2206.70,.00)|(2295.05,.00)|(2214.74,.00)|-0.39|1.00|0.00|(2216.70,.00)|(1.00,.00)|2215.699266852968|24.586499776486363|0|null|2.683113917123581|0|null|false|0|false
62.30|(2198.66,.68)|(1.00,.02)|2197.6586423611407|24.586499776486363|2197|0|0|(2208.66,.00)|(2297.00,.00)|(2216.70,.00)|-0.39|1.00|0.00|(2218.66,.00)|(1.00,.00)|2217.6586423611407|24.586499776486363|0|null|2.685526720893913|0|null|false|0|false
62.35|(2200.62,.68)|(1.00,.01)|2199.618088774387|24.586499776486363|2199|0|0|(2210.62,.00)|(2298.96,.00)|(2218.66,.00)|-0.39|1.00|0.00|(2220.62,.00)|(1.00,.00)|2219.618088774387|24.586499776486363|0|null|2.6857309810343613|0|null|false|0|false
62.40|(2202.58,.67)|(1.00,.01)|2201.5775705867445|24.586499776486363|2201|0|0|(2212.58,.00)|(2300.92,.00)|(2220.62,.00)|-0.39|1.00|0.00|(2222.58,.00)|(1.00,.00)|2221.5775705867445|24.586499776486363|0|null|2.6836983020008995|0|null|false|0|false
62.45|(2204.54,.66)|(1.00,.01)|2203.53711427587|24.586499776486363|2203|0|0|(2214.54,.00)|(2302.88,.00)|(2222.58,.00)|-0.35|1.00|0.00|(2224.54,.00)|(1.00,.00)|2223.53711427587|24.586499776486363|0|null|2.68008596435549|0|null|false|0|false
62.50|(2206.50,.64)|(1.00,.00)|2205.4966374711607|24.586499776486363|2205|0|0|(2216.50,.00)|(2304.84,.00)|(2224.54,.00)|-0.35|1.00|0.00|(2226.50,.00)|(1.00,.00)|2225.4966374711607|24.586499776486363|0|null|2.6744190790766194|0|null|false|0|false
62.55|(2208.46,.61)|(1.00,-.00)|2207.4561091189075|24.586499776486363|2207|0|0|(2218.46,.00)|(2306.80,.00)|(2226.50,.00)|-0.35|1.00|0.00|(2228.46,.00)|(1.00,.00)|2227.4561091189075|24.586499776486363|0|null|2.6666759900326165|0|null|false|0|false
62.60|(2210.42,.57)|(1.00,-.01)|2209.415497486085|24.586499776486363|2209|0|0|(2220.42,.00)|(2308.76,.00)|(2228.46,.00)|-0.35|1.00|0.00|(2230.42,.00)|(1.00,.00)|2229.415497486085|24.586499776486363|0|null|2.6568366080224672|0|null|false|0|false
62.65|(2212.37,.54)|(1.00,-.01)|2211.3749847306244|24.586499776486363|2211|0|0|(2222.37,.00)|(2310.72,.00)|(2230.42,.00)|-0.24|1.00|0.00|(2232.37,.00)|(1.00,.00)|2231.3749847306244|24.586499776486363|0|null|2.6467370664471135|0|null|false|0|false
62.70|(2214.33,.49)|(1.00,-.01)|2213.334400813205|24.586499776486363|2213|0|0|(2224.33,.00)|(2312.68,.00)|(2232.37,.00)|-0.24|1.00|0.00|(2234.33,.00)|(1.00,.00)|2233.334400813205|24.586499776486363|0|null|2.635142984448129|0|null|false|0|false
62.75|(2216.29,.45)|(1.00,-.01)|2215.2937291671974|24.586499776486363|2215|0|0|(2226.29,.00)|(2314.64,.00)|(2234.33,.00)|-0.24|1.00|0.00|(2236.29,.00)|(1.00,.00)|2235.2937291671974|24.586499776486363|0|null|2.622045749010078|0|null|false|0|false
62.80|(2218.25,.39)|(1.00,-.02)|2217.25295317164|24.586499776486363|2217|0|0|(2228.25,.00)|(2316.60,.00)|(2236.29,.00)|-0.24|1.00|0.00|(2238.25,.00)|(1.00,.00)|2237.25295317164|24.586499776486363|0|null|2.6074382012793453|0|null|false|0|false
62.85|(2220.21,.34)|(1.00,-.02)|2219.212241453482|24.586499776486363|2219|0|0|(2230.21,.00)|(2318.56,.00)|(2238.25,.00)|-0.15|1.00|0.00|(2240.21,.00)|(1.00,.00)|2239.212241453482|24.586499776486363|0|null|2.5928685345695768|0|null|false|0|false
62.90|(2222.17,.28)|(1.00,-.02)|2221.171467099769|24.586499776486363|2221|0|0|(2232.17,.00)|(2320.52,.00)|(2240.21,.00)|-0.15|1.00|0.00|(2242.17,.00)|(1.00,.00)|2241.171467099769|24.586499776486363|0|null|2.577312381992191|0|null|false|0|false
62.95|(2224.13,.22)|(1.00,-.02)|2223.1306232680868|24.586499776486363|2223|0|0|(2234.13,.00)|(2322.48,.00)|(2242.17,.00)|-0.15|1.00|0.00|(2244.13,.00)|(1.00,.00)|2243.1306232680868|24.586499776486363|0|null|2.5607724869001145|0|null|false|0|false
63.00|(2226.09,.16)|(1.00,-.03)|2225.0897033585406|24.586499776486363|2225|0|0|(2236.09,.00)|(2324.44,.00)|(2244.13,.00)|-0.15|1.00|0.00|(2246.09,.00)|(1.00,.00)|2245.0897033585406|24.586499776486363|0|null|2.54325278888404|0|null|false|0|false
63.05|(2228.05,.10)|(1.00,-.03)|2227.0490174764973|24.586499776486363|2227|0|0|(2238.05,.00)|(2326.40,.00)|(2246.09,.00)|0.03|1.00|0.00|(2248.05,.00)|(1.00,.00)|2247.0490174764973|24.586499776486363|0|null|2.5279365703774617|0|null|false|0|false
63.10|(2230.01,.05)|(1.00,-.03)|2229.0083882312897|24.586499776486363|2229|0|0|(2240.01,.00)|(2328.35,.00)|(2248.05,.00)|0.03|1.00|0.00|(2250.01,.00)|(1.00,.00)|2249.0083882312897|24.586499776486363|0|null|2.5127428193784893|0|null|false|0|false
63.15|(2231.97,-.01)|(1.00,-.03)|2230.9678162187706|24.586499776486363|2230|0|0|(2241.97,.00)|(2330.31,.00)|(2250.01,.00)|0.03|1.00|0.00|(2251.97,.00)|(1.00,.00)|2250.9678162187706|24.586499776486363|0|null|2.4976892111602984|0|null|false|0|false
63.20|(2233.93,-.06)|(1.00,-.03)|2232.9273812495103|24.586499776486363|2232|0|0|(2243.93,.00)|(2332.27,.00)|(2251.97,.00)|0.12|1.00|0.00|(2253.93,.00)|(1.00,.00)|2252.9273812495103|24.586499776486363|0|null|2.484210771175239|0|null|false|0|false
63.25|(2235.89,-.10)|(1.00,-.03)|2234.8870509167127|24.586499776486363|2234|0|0|(2245.89,.00)|(2334.23,.00)|(2253.93,.00)|0.12|1.00|0.00|(2255.89,.00)|(1.00,.00)|2254.8870509167127|24.586499776486363|0|null|2.471394028069548|0|null|false|0|false
63.30|(2237.85,-.15)|(1.00,-.03)|2236.846822743489|24.586499776486363|2236|0|0|(2247.85,.00)|(2336.19,.00)|(2255.89,.00)|0.12|1.00|0.00|(2257.85,.00)|(1.00,.00)|2256.846822743489|24.586499776486363|0|null|2.4592608095502517|0|null|false|0|false
63.35|(2239.81,-.19)|(1.00,-.02)|2238.8067196657985|24.586499776486363|2238|0|0|(2249.81,.00)|(2338.15,.00)|(2257.85,.00)|0.18|1.00|0.00|(2259.81,.00)|(1.00,.00)|2258.8067196657985|24.586499776486363|0|null|2.4490023495441173|0|null|false|0|false
63.40|(2241.77,-.22)|(1.00,-.02)|2240.7667367744143|24.586499776486363|2240|0|0|(2251.77,.00)|(2340.11,.00)|(2259.81,.00)|0.18|1.00|0.00|(2261.77,.00)|(1.00,.00)|2260.7667367744143|24.586499776486363|0|null|2.4398700649144645|0|null|false|0|false
63.45|(2243.73,-.25)|(1.00,-.02)|2242.726865321028|24.586499776486363|2242|0|0|(2253.73,.00)|(2342.07,.00)|(2261.77,.00)|0.18|1.00|0.00|(2263.73,.00)|(1.00,.00)|2262.726865321028|24.586499776486363|0|null|2.4318866274334185|0|null|false|0|false
63.50|(2245.69,-.27)|(1.00,-.02)|2244.6870960801207|24.586499776486363|2244|0|0|(2255.69,.00)|(2344.03,.00)|(2263.73,.00)|0.18|1.00|0.00|(2265.69,.00)|(1.00,.00)|2264.6870960801207|24.586499776486363|0|null|2.425073012410845|0|null|false|0|false
63.55|(2247.65,-.29)|(1.00,-.02)|2246.647409637188|24.586499776486363|2246|0|0|(2257.65,.00)|(2345.99,.00)|(2265.69,.00)|0.22|1.00|0.00|(2267.65,.00)|(1.00,.00)|2266.647409637188|24.586499776486363|0|null|2.4199939634784164|0|null|false|0|false
63.60|(2249.61,-.31)|(1.00,-.01)|2248.607807654908|24.586499776486363|2248|0|0|(2259.61,.00)|(2347.95,.00)|(2267.65,.00)|0.22|1.00|0.00|(2269.61,.00)|(1.00,.00)|2268.607807654908|24.586499776486363|0|null|2.416308311347338|0|null|false|0|false
63.65|(2251.57,-.31)|(1.00,-.01)|2250.5682761558287|24.586499776486363|2250|0|0|(2261.57,.00)|(2349.91,.00)|(2269.61,.00)|0.22|1.00|0.00|(2271.57,.00)|(1.00,.00)|2270.5682761558287|24.586499776486363|0|null|2.414032820016856|0|null|false|0|false
63.70|(2253.53,-.32)|(1.00,-.01)|2252.5288007724694|24.586499776486363|2252|0|0|(2263.53,.00)|(2351.87,.00)|(2271.57,.00)|0.22|1.00|0.00|(2273.53,.00)|(1.00,.00)|2272.5288007724694|24.586499776486363|0|null|2.4131817759024297|0|null|false|0|false
63.75|(2255.49,-.32)|(1.00,-.01)|2254.48936682795|24.586499776486363|2254|0|0|(2265.49,.00)|(2353.84,.00)|(2273.53,.00)|0.22|1.00|0.00|(2275.49,.00)|(1.00,.00)|2274.48936682795|24.586499776486363|0|null|2.4137668709203015|0|null|false|0|false
63.80|(2257.45,-.31)|(1.00,-.00)|2256.44998062206|24.586499776486363|2256|0|0|(2267.45,.00)|(2355.80,.00)|(2275.49,.00)|0.19|1.00|0.00|(2277.45,.00)|(1.00,.00)|2276.44998062206|24.586499776486363|0|null|2.415424400532748|0|null|false|0|false
63.85|(2259.41,-.30)|(1.00,-.00)|2258.41061148792|24.586499776486363|2258|0|0|(2269.41,.00)|(2357.76,.00)|(2277.45,.00)|0.19|1.00|0.00|(2279.41,.00)|(1.00,.00)|2278.41061148792|24.586499776486363|0|null|2.418405342411641|0|null|false|0|false
63.90|(2261.37,-.28)|(1.00,-.00)|2260.371246898468|24.586499776486363|2260|0|0|(2271.37,.00)|(2359.72,.00)|(2279.41,.00)|0.19|1.00|0.00|(2281.37,.00)|(1.00,.00)|2280.371246898468|24.586499776486363|0|null|2.422711913242079|0|null|false|0|false
63.95|(2263.33,-.26)|(1.00,.00)|2262.3318744199514|24.586499776486363|2262|0|0|(2273.33,.00)|(2361.68,.00)|(2281.37,.00)|0.19|1.00|0.00|(2283.33,.00)|(1.00,.00)|2282.3318744199514|24.586499776486363|0|null|2.4283436289111813|0|null|false|0|false
64.00|(2265.29,-.24)|(1.00,.00)|2264.292481800157|24.586499776486363|2264|0|0|(2275.29,.00)|(2363.64,.00)|(2283.33,.00)|0.19|1.00|0.00|(2285.29,.00)|(1.00,.00)|2284.292481800157|24.586499776486363|0|null|2.4352973148787123|0|null|false|0|false
64.05|(2267.25,-.21)|(1.00,.01)|2266.2530570546337|24.586499776486363|2266|0|0|(2277.25,.00)|(2365.60,.00)|(2285.29,.00)|0.19|1.00|0.00|(2287.25,.00)|(1.00,.00)|2286.2530570546337|24.586499776486363|0|null|2.443567153621173|0|null|false|0|false
64.10|(2269.21,-.17)|(1.00,.01)|2268.213588548439|24.586499776486363|2268|0|0|(2279.21,.00)|(2367.56,.00)|(2287.25,.00)|0.19|1.00|0.00|(2289.21,.00)|(1.00,.00)|2288.213588548439|24.586499776486363|0|null|2.453144770329517|0|null|false|0|false
64.15|(2271.17,-.13)|(1.00,.01)|2270.1740650709776|24.586499776486363|2270|0|0|(2281.17,.00)|(2369.52,.00)|(2289.21,.00)|0.19|1.00|0.00|(2291.17,.00)|(1.00,.00)|2290.1740650709776|24.586499776486363|0|null|2.464019357087056|0|null|false|0|false
64.20|(2273.13,-.09)|(1.00,.01)|2272.134475901638|24.586499776486363|2272|0|0|(2283.13,.00)|(2371.48,.00)|(2291.17,.00)|0.19|1.00|0.00|(2293.13,.00)|(1.00,.00)|2292.134475901638|24.586499776486363|0|null|2.4761778347971073|0|null|false|0|false
64.25|(2275.09,-.04)|(1.00,.02)|2274.0948108641696|24.586499776486363|2274|0|0|(2285.09,.00)|(2373.44,.00)|(2293.13,.00)|0.19|1.00|0.00|(2295.09,.00)|(1.00,.00)|2294.0948108641696|24.586499776486363|0|null|2.4896050511912122|0|null|false|0|false
64.30|(2277.06,.02)|(1.00,.02)|2276.055060368055|24.586499776486363|2276|0|0|(2287.06,.00)|(2375.40,.00)|(2295.09,.00)|0.19|1.00|0.00|(2297.06,.00)|(1.00,.00)|2296.055060368055|24.586499776486363|0|null|2.5042840123495482|0|null|false|0|false
64.35|(2279.02,.07)|(1.00,.02)|2278.0152154355283|24.586499776486363|2278|0|0|(2289.02,.00)|(2377.36,.00)|(2297.06,.00)|0.19|1.00|0.00|(2299.02,.00)|(1.00,.00)|2298.0152154355283|24.586499776486363|0|null|2.520196144325625|0|null|false|0|false
64.40|(2280.98,.14)|(1.00,.02)|2279.975267713328|24.586499776486363|2279|0|0|(2290.98,.00)|(2379.32,.00)|(2299.02,.00)|0.19|1.00|0.00|(2300.98,.00)|(1.00,.00)|2299.975267713328|24.586499776486363|0|null|2.5373215807062257|0|null|false|0|false
64.45|(2282.94,.20)|(1.00,.03)|2281.935209468742|24.586499776486363|2281|0|0|(2292.94,.00)|(2381.28,.00)|(2300.98,.00)|0.19|1.00|0.00|(2302.94,.00)|(1.00,.00)|2301.935209468742|24.586499776486363|0|null|2.555639471271611|0|null|false|0|false
64.50|(2284.90,.27)|(1.00,.03)|2283.895033569998|24.586499776486363|2283|0|0|(2294.90,.00)|(2383.24,.00)|(2302.94,.00)|0.19|1.00|0.00|(2304.90,.00)|(1.00,.00)|2303.895033569998|24.586499776486363|0|null|2.575128306364981|0|null|false|0|false
64.55|(2286.85,.35)|(1.00,.03)|2285.8547334515124|24.586499776486363|2285|0|0|(2296.85,.00)|(2385.20,.00)|(2304.90,.00)|0.19|1.00|0.00|(2306.85,.00)|(1.00,.00)|2305.8547334515124|24.586499776486363|0|null|2.5957662511461033|0|null|false|0|false
64.60|(2288.81,.43)|(1.00,.03)|2287.8143030649835|24.586499776486363|2287|0|0|(2298.81,.00)|(2387.16,.00)|(2306.85,.00)|0.19|1.00|0.00|(2308.81,.00)|(1.00,.00)|2307.8143030649835|24.586499776486363|0|null|2.617531483601298|0|null|false|0|false
64.65|(2290.77,.51)|(1.00,.04)|2289.773736817702|24.586499776486363|2289|0|0|(2300.77,.00)|(2389.12,.00)|(2308.81,.00)|0.19|1.00|0.00|(2310.77,.00)|(1.00,.00)|2309.773736817702|24.586499776486363|0|null|2.640402530017041|0|null|false|0|false
64.70|(2292.73,.58)|(1.00,.03)|2291.733786232934|24.586499776486363|2291|0|0|(2302.73,.00)|(2391.08,.00)|(2310.77,.00)|-0.21|1.00|0.00|(2312.73,.00)|(1.00,.00)|2311.733786232934|24.586499776486363|0|null|2.6574543888451427|0|null|false|0|false
64.75|(2294.69,.63)|(1.00,.03)|2293.694028016179|24.586499776486363|2293|0|0|(2304.69,.00)|(2393.04,.00)|(2312.73,.00)|-0.21|1.00|0.00|(2314.69,.00)|(1.00,.00)|2313.694028016179|24.586499776486363|0|null|2.6732018296276543|0|null|false|0|false
64.80|(2296.65,.69)|(1.00,.03)|2295.65445325032|24.586499776486363|2295|0|0|(2306.65,.00)|(2395.00,.00)|(2314.69,.00)|-0.21|1.00|0.00|(2316.65,.00)|(1.00,.00)|2315.65445325032|24.586499776486363|0|null|2.6876039608868925|0|null|false|0|false
64.85|(2298.61,.72)|(1.00,.03)|2297.6149996109702|24.586499776486363|2297|0|0|(2308.61,.00)|(2396.96,.00)|(2316.65,.00)|-0.43|1.00|0.00|(2318.61,.00)|(1.00,.00)|2317.6149996109702|24.586499776486363|0|null|2.6968717046134634|0|null|false|0|false
64.90|(2300.58,.74)|(1.00,.02)|2299.575752600986|24.586499776486363|2299|0|0|(2310.58,.00)|(2398.92,.00)|(2318.61,.00)|-0.43|1.00|0.00|(2320.58,.00)|(1.00,.00)|2319.575752600986|24.586499776486363|0|null|2.703436322876207|0|null|false|0|false
64.95|(2302.54,.76)|(1.00,.02)|2301.536661178089|24.586499776486363|2301|0|0|(2312.54,.00)|(2400.88,.00)|(2320.58,.00)|-0.43|1.00|0.00|(2322.54,.00)|(1.00,.00)|2321.536661178089|24.586499776486363|0|null|2.707256473864478|0|null|false|0|false
65.00|(2304.50,.76)|(1.00,.02)|2303.4976721346934|24.586499776486363|2303|0|0|(2314.50,.00)|(2402.84,.00)|(2322.54,.00)|-0.43|1.00|0.00|(2324.50,.00)|(1.00,.00)|2323.4976721346934|24.586499776486363|0|null|2.708296154877761|0|null|false|0|false
65.05|(2306.46,.76)|(1.00,.01)|2305.458742753145|24.586499776486363|2305|0|0|(2316.46,.00)|(2404.80,.00)|(2324.50,.00)|-0.42|1.00|0.00|(2326.46,.00)|(1.00,.00)|2325.458742753145|24.586499776486363|0|null|2.706635934394084|0|null|false|0|false
65.10|(2308.42,.74)|(1.00,.01)|2307.4198070061148|24.586499776486363|2307|0|0|(2318.42,.00)|(2406.77,.00)|(2326.46,.00)|-0.42|1.00|0.00|(2328.42,.00)|(1.00,.00)|2327.4198070061148|24.586499776486363|0|null|2.70217696607813|0|null|false|0|false
65.15|(2310.38,.71)|(1.00,.00)|2309.3808088103133|24.586499776486363|2309|0|0|(2320.38,.00)|(2408.73,.00)|(2328.42,.00)|-0.42|1.00|0.00|(2330.38,.00)|(1.00,.00)|2329.3808088103133|24.586499776486363|0|null|2.6948987542016125|0|null|false|0|false
65.20|(2312.34,.68)|(1.00,-.00)|2311.341691310453|24.586499776486363|2311|0|0|(2322.34,.00)|(2410.69,.00)|(2330.38,.00)|-0.42|1.00|0.00|(2332.34,.00)|(1.00,.00)|2331.341691310453|24.586499776486363|0|null|2.684785405262642|0|null|false|0|false
65.25|(2314.30,.63)|(1.00,-.01)|2313.302397189068|24.586499776486363|2313|0|0|(2324.30,.00)|(2412.65,.00)|(2332.34,.00)|-0.42|1.00|0.00|(2334.30,.00)|(1.00,.00)|2333.302397189068|24.586499776486363|0|null|2.6718253684103135|0|null|false|0|false
65.30|(2316.26,.57)|(1.00,-.01)|2315.2628689539024|24.586499776486363|2315|0|0|(2326.26,.00)|(2414.61,.00)|(2334.30,.00)|-0.42|1.00|0.00|(2336.26,.00)|(1.00,.00)|2335.2628689539024|24.586499776486363|0|null|2.656011142812587|0|null|false|0|false
65.35|(2318.22,.50)|(1.00,-.02)|2317.2230491976266|24.586499776486363|2317|0|0|(2328.22,.00)|(2416.57,.00)|(2336.26,.00)|-0.42|1.00|0.00|(2338.22,.00)|(1.00,.00)|2337.2230491976266|24.586499776486363|0|null|2.6373389546318613|0|null|false|0|false
65.40|(2320.18,.42)|(1.00,-.02)|2319.182880825404|24.586499776486363|2319|0|0|(2330.18,.00)|(2418.53,.00)|(2338.22,.00)|-0.42|1.00|0.00|(2340.18,.00)|(1.00,.00)|2339.182880825404|24.586499776486363|0|null|2.61580840706954|0|null|false|0|false
65.45|(2322.14,.33)|(1.00,-.03)|2321.142307246699|24.586499776486363|2321|0|0|(2332.14,.00)|(2420.49,.00)|(2340.18,.00)|-0.42|1.00|0.00|(2342.14,.00)|(1.00,.00)|2341.142307246699|24.586499776486363|0|null|2.591422107671608|0|null|false|0|false
65.50|(2324.10,.23)|(1.00,-.03)|2323.101272528674|24.586499776486363|2323|0|0|(2334.10,.00)|(2422.45,.00)|(2342.14,.00)|-0.42|1.00|0.00|(2344.10,.00)|(1.00,.00)|2343.101272528674|24.586499776486363|0|null|2.5641852777324976|0|null|false|0|false
65.55|(2326.06,.12)|(1.00,-.04)|2325.059721509536|24.586499776486363|2325|0|0|(2336.06,.00)|(2424.41,.00)|(2344.10,.00)|-0.42|1.00|0.00|(2346.06,.00)|(1.00,.00)|2345.059721509536|24.586499776486363|0|null|2.534105349177454|0|null|false|0|false
65.60|(2328.02,.00)|(1.00,-.04)|2327.017599871254|24.586499776486363|2327|0|0|(2338.02,.00)|(2426.36,.00)|(2346.06,.00)|-0.42|1.00|0.00|(2348.02,.00)|(1.00,.00)|2347.017599871254|24.586499776486363|0|null|2.501191554730064|0|null|false|0|false
65.65|(2329.97,-.13)|(1.00,-.05)|2328.974854172133|24.586499776486363|2328|0|0|(2339.97,.00)|(2428.32,.00)|(2348.02,.00)|-0.42|1.00|0.00|(2349.97,.00)|(1.00,.00)|2348.974854172133|24.586499776486363|0|null|2.4654545174705165|0|null|false|0|false
65.70|(2331.93,-.27)|(1.00,-.06)|2330.931431840749|24.586499776486363|2330|0|0|(2341.93,.00)|(2430.28,.00)|(2349.97,.00)|-0.42|1.00|0.00|(2351.93,.00)|(1.00,.00)|2350.931431840749|24.586499776486363|0|null|2.426905846053545|0|null|false|0|false
65.75|(2333.89,-.42)|(1.00,-.06)|2332.887281133764|24.586499776486363|2332|0|0|(2343.89,.00)|(2432.23,.00)|(2351.93,.00)|-0.42|1.00|0.00|(2353.89,.00)|(1.00,.00)|2352.887281133764|24.586499776486363|0|null|2.3855577418783493|0|null|false|0|false
65.80|(2335.84,-.58)|(1.00,-.07)|2334.842351061016|24.586499776486363|2334|0|0|(2345.84,.00)|(2434.19,.00)|(2353.89,.00)|-0.42|1.00|0.00|(2355.84,.00)|(1.00,.00)|2354.842351061016|24.586499776486363|0|null|2.341422624384826|0|null|false|0|false
65.85|(2337.80,-.75)|(1.00,-.07)|2336.7965912821005|24.586499776486363|2336|0|0|(2347.80,.00)|(2436.14,.00)|(2355.84,.00)|-0.42|1.00|0.00|(2357.80,.00)|(1.00,.00)|2356.7965912821005|24.586499776486363|0|null|2.2945127803932905|0|null|false|0|false
65.90|(2339.75,-.93)|(1.00,-.08)|2338.7499519793296|24.586499776486363|2338|0|0|(2349.75,.00)|(2438.10,.00)|(2357.80,.00)|-0.42|1.00|0.00|(2359.75,.00)|(1.00,.00)|2358.7499519793296|24.586499776486363|0|null|2.244840043013781|0|null|false|0|false
65.95|(2341.71,-1.08)|(1.00,-.08)|2340.7060982395674|24.586499776486363|2340|0|0|(2351.71,.00)|(2440.05,.00)|(2359.75,.00)|0.39|1.00|0.00|(2361.71,.00)|(1.00,.00)|2360.7060982395674|24.586499776486363|0|null|2.2062580935872442|0|null|false|0|false
66.00|(2343.66,-1.21)|(1.00,-.07)|2342.662850325741|24.586499776486363|2342|0|0|(2353.66,.00)|(2442.01,.00)|(2361.71,.00)|0.39|1.00|0.00|(2363.66,.00)|(1.00,.00)|2362.662850325741|24.586499776486363|0|null|2.16967995960941|0|null|false|0|false
66.05|(2345.62,-1.34)|(1.00,-.07)|2344.6201880104004|24.586499776486363|2344|0|0|(2355.62,.00)|(2443.97,.00)|(2363.66,.00)|0.39|1.00|0.00|(2365.62,.00)|(1.00,.00)|2364.6201880104004|24.586499776486363|0|null|2.1351586155079545|0|null|false|0|false
66.10|(2347.58,-1.45)|(1.00,-.07)|2346.5780879215213|24.586499776486363|2346|0|0|(2357.58,.00)|(2445.92,.00)|(2365.62,.00)|0.39|1.00|0.00|(2367.58,.00)|(1.00,.00)|2366.5780879215213|24.586499776486363|0|null|2.1027408927709113|0|null|false|0|false
66.15|(2349.54,-1.53)|(1.00,-.06)|2348.5366074229814|24.586499776486363|2348|0|0|(2359.54,.00)|(2447.88,.00)|(2367.58,.00)|0.91|1.00|0.00|(2369.54,.00)|(1.00,.00)|2368.5366074229814|24.586499776486363|0|null|2.081389971219133|0|null|false|0|false
66.20|(2351.50,-1.59)|(1.00,-.05)|2350.495956647077|24.586499776486363|2350|0|0|(2361.50,.00)|(2449.84,.00)|(2369.54,.00)|0.91|1.00|0.00|(2371.50,.00)|(1.00,.00)|2370.495956647077|24.586499776486363|0|null|2.065277770986844|0|null|false|0|false
66.25|(2353.46,-1.63)|(1.00,-.05)|2352.4559419027105|24.586499776486363|2352|0|0|(2363.46,.00)|(2451.80,.00)|(2371.50,.00)|0.91|1.00|0.00|(2373.46,.00)|(1.00,.00)|2372.4559419027105|24.586499776486363|0|null|2.0544647300892875|0|null|false|0|false
66.30|(2355.42,-1.65)|(1.00,-.04)|2354.4163634675915|24.586499776486363|2354|0|0|(2365.42,.00)|(2453.76,.00)|(2373.46,.00)|0.91|1.00|0.00|(2375.42,.00)|(1.00,.00)|2374.4163634675915|24.586499776486363|0|null|2.049002634125259|0|null|false|0|false
66.35|(2357.38,-1.65)|(1.00,-.03)|2356.3770292611116|24.586499776486363|2356|0|0|(2367.38,.00)|(2455.72,.00)|(2375.42,.00)|0.90|1.00|0.00|(2377.38,.00)|(1.00,.00)|2376.3770292611116|24.586499776486363|0|null|2.0488692259361363|0|null|false|0|false
66.40|(2359.34,-1.63)|(1.00,-.02)|2358.337720730385|24.586499776486363|2358|0|0|(2369.34,.00)|(2457.68,.00)|(2377.38,.00)|0.90|1.00|0.00|(2379.34,.00)|(1.00,.00)|2378.337720730385|24.586499776486363|0|null|2.0541439918748887|0|null|false|0|false
66.45|(2361.30,-1.59)|(1.00,-.01)|2360.298228091813|24.586499776486363|2360|0|0|(2371.30,.00)|(2459.64,.00)|(2379.34,.00)|0.90|1.00|0.00|(2381.30,.00)|(1.00,.00)|2380.298228091813|24.586499776486363|0|null|2.06485598958366|0|null|false|0|false
66.50|(2363.26,-1.54)|(1.00,-.00)|2362.258935480565|24.586499776486363|2362|0|0|(2373.26,.00)|(2461.60,.00)|(2381.30,.00)|0.77|1.00|0.00|(2383.26,.00)|(1.00,.00)|2382.258935480565|24.586499776486363|0|null|2.078708941565834|0|null|false|0|false
66.55|(2365.22,-1.47)|(1.00,.01)|2364.2192066072876|24.586499776486363|2364|0|0|(2375.22,.00)|(2463.57,.00)|(2383.26,.00)|0.77|1.00|0.00|(2385.22,.00)|(1.00,.00)|2384.2192066072876|24.586499776486363|0|null|2.0972429680007574|0|null|false|0|false
66.60|(2367.18,-1.39)|(1.00,.02)|2366.1788856513176|24.586499776486363|2366|0|0|(2377.18,.00)|(2465.52,.00)|(2385.22,.00)|0.77|1.00|0.00|(2387.18,.00)|(1.00,.00)|2386.1788856513176|24.586499776486363|0|null|2.120463513339309|0|null|false|0|false
66.65|(2369.14,-1.30)|(1.00,.02)|2368.138757866952|24.586499776486363|2368|0|0|(2379.14,.00)|(2467.48,.00)|(2387.18,.00)|0.57|1.00|0.00|(2389.14,.00)|(1.00,.00)|2388.138757866952|24.586499776486363|0|null|2.145009028285412|0|null|false|0|false
66.70|(2371.10,-1.20)|(1.00,.03)|2370.0980490507905|24.586499776486363|2370|0|0|(2381.10,.00)|(2469.44,.00)|(2389.14,.00)|0.57|1.00|0.00|(2391.10,.00)|(1.00,.00)|2390.0980490507905|24.586499776486363|0|null|2.1730880247703444|0|null|false|0|false
66.75|(2373.06,-1.08)|(1.00,.04)|2372.0566733543737|24.586499776486363|2372|0|0|(2383.06,.00)|(2471.40,.00)|(2391.10,.00)|0.57|1.00|0.00|(2393.06,.00)|(1.00,.00)|2392.0566733543737|24.586499776486363|0|null|2.2046880406419618|0|null|false|0|false
66.80|(2375.02,-.97)|(1.00,.04)|2374.015582071198|24.586499776486363|2374|0|0|(2385.02,.00)|(2473.36,.00)|(2393.06,.00)|0.35|1.00|0.00|(2395.02,.00)|(1.00,.00)|2394.015582071198|24.586499776486363|0|null|2.2359518000959775|0|null|false|0|false
66.85|(2376.97,-.84)|(1.00,.05)|2375.9740542350237|24.586499776486363|2375|0|0|(2386.97,.00)|(2475.32,.00)|(2395.02,.00)|0.35|1.00|0.00|(2396.97,.00)|(1.00,.00)|2395.9740542350237|24.586499776486363|0|null|2.2693921658609835|0|null|false|0|false
66.90|(2378.93,-.71)|(1.00,.05)|2377.9320610002687|24.586499776486363|2377|0|0|(2388.93,.00)|(2477.28,.00)|(2396.97,.00)|0.35|1.00|0.00|(2398.93,.00)|(1.00,.00)|2397.9320610002687|24.586499776486363|0|null|2.304985683325438|0|null|false|0|false
66.95|(2380.89,-.58)|(1.00,.06)|2379.8895742089585|24.586499776486363|2379|0|0|(2390.89,.00)|(2479.24,.00)|(2398.93,.00)|0.35|1.00|0.00|(2400.89,.00)|(1.00,.00)|2399.8895742089585|24.586499776486363|0|null|2.3427111888232792|0|null|false|0|false
67.00|(2382.85,-.43)|(1.00,.06)|2381.8465661388886|24.586499776486363|2381|0|0|(2392.85,.00)|(2481.19,.00)|(2400.89,.00)|0.35|1.00|0.00|(2402.85,.00)|(1.00,.00)|2401.8465661388886|24.586499776486363|0|null|2.382550029703821|0|null|false|0|false
67.05|(2384.80,-.30)|(1.00,.06)|2383.804564582975|24.586499776486363|2383|0|0|(2394.80,.00)|(2483.15,.00)|(2402.85,.00)|-0.04|1.00|0.00|(2404.80,.00)|(1.00,.00)|2403.804564582975|24.586499776486363|0|null|2.4177899088474804|0|null|false|0|false
67.10|(2386.76,-.17)|(1.00,.06)|2385.762677910742|24.586499776486363|2385|0|0|(2396.76,.00)|(2485.11,.00)|(2404.80,.00)|-0.04|1.00|0.00|(2406.76,.00)|(1.00,.00)|2405.762677910742|24.586499776486363|0|null|2.4528179907064613|0|null|false|0|false
67.15|(2388.72,-.05)|(1.00,.06)|2387.7209100249715|24.586499776486363|2387|0|0|(2398.72,.00)|(2487.07,.00)|(2406.76,.00)|-0.04|1.00|0.00|(2408.72,.00)|(1.00,.00)|2407.7209100249715|24.586499776486363|0|null|2.48760304145141|0|null|false|0|false
67.20|(2390.68,.07)|(1.00,.06)|2389.679758638109|24.586499776486363|2389|0|0|(2400.68,.00)|(2489.03,.00)|(2408.72,.00)|-0.26|1.00|0.00|(2410.68,.00)|(1.00,.00)|2409.679758638109|24.586499776486363|0|null|2.5184158304340056|0|null|false|0|false
67.25|(2392.64,.17)|(1.00,.06)|2391.639008233416|24.586499776486363|2391|0|0|(2402.64,.00)|(2490.99,.00)|(2410.68,.00)|-0.26|1.00|0.00|(2412.64,.00)|(1.00,.00)|2411.639008233416|24.586499776486363|0|null|2.5476689832997863|0|null|false|0|false
67.30|(2394.60,.28)|(1.00,.06)|2393.598642942893|24.586499776486363|2393|0|0|(2404.60,.00)|(2492.94,.00)|(2412.64,.00)|-0.26|1.00|0.00|(2414.60,.00)|(1.00,.00)|2413.598642942893|24.586499776486363|0|null|2.5753342538106665|0|null|false|0|false
67.35|(2396.56,.37)|(1.00,.06)|2395.558645215088|24.586499776486363|2395|0|0|(2406.56,.00)|(2494.90,.00)|(2414.60,.00)|-0.26|1.00|0.00|(2416.56,.00)|(1.00,.00)|2415.558645215088|24.586499776486363|0|null|2.6013893363797322|0|null|false|0|false
67.40|(2398.52,.45)|(1.00,.05)|2397.5191072482457|24.586499776486363|2397|0|0|(2408.52,.00)|(2496.87,.00)|(2416.56,.00)|-0.39|1.00|0.00|(2418.52,.00)|(1.00,.00)|2417.5191072482457|24.586499776486363|0|null|2.623540205924824|0|null|false|0|false
67.45|(2400.48,.52)|(1.00,.05)|2399.479997187935|24.586499776486363|2399|0|0|(2410.48,.00)|(2498.83,.00)|(2418.52,.00)|-0.39|1.00|0.00|(2420.48,.00)|(1.00,.00)|2419.479997187935|24.586499776486363|0|null|2.643271357064678|0|null|false|0|false
67.50|(2402.44,.59)|(1.00,.05)|2401.4412717791242|24.586499776486363|2401|0|0|(2412.44,.00)|(2500.79,.00)|(2420.48,.00)|-0.39|1.00|0.00|(2422.44,.00)|(1.00,.00)|2421.4412717791242|24.586499776486363|0|null|2.6605683365105506|0|null|false|0|false
67.55|(2404.40,.64)|(1.00,.04)|2403.402851817748|24.586499776486363|2403|0|0|(2414.40,.00)|(2502.75,.00)|(2422.44,.00)|-0.48|1.00|0.00|(2424.40,.00)|(1.00,.00)|2423.402851817748|24.586499776486363|0|null|2.673818735233604|0|null|false|0|false
67.60|(2406.36,.67)|(1.00,.04)|2405.3647525169085|24.586499776486363|2405|0|0|(2416.36,.00)|(2504.71,.00)|(2424.40,.00)|-0.48|1.00|0.00|(2426.36,.00)|(1.00,.00)|2425.3647525169085|24.586499776486363|0|null|2.684070663723172|0|null|false|0|false
67.65|(2408.33,.70)|(1.00,.03)|2407.3269077128525|24.586499776486363|2407|0|0|(2418.33,.00)|(2506.67,.00)|(2426.36,.00)|-0.48|1.00|0.00|(2428.33,.00)|(1.00,.00)|2427.3269077128525|24.586499776486363|0|null|2.691318052842191|0|null|false|0|false
67.70|(2410.29,.72)|(1.00,.03)|2409.2892494214243|24.586499776486363|2409|0|0|(2420.29,.00)|(2508.64,.00)|(2428.33,.00)|-0.48|1.00|0.00|(2430.29,.00)|(1.00,.00)|2429.2892494214243|24.586499776486363|0|null|2.6955384103685494|0|null|false|0|false
67.75|(2412.25,.72)|(1.00,.02)|2411.2517129162684|24.586499776486363|2411|0|0|(2422.25,.00)|(2510.60,.00)|(2430.29,.00)|-0.48|1.00|0.00|(2432.25,.00)|(1.00,.00)|2431.2517129162684|24.586499776486363|0|null|2.6967466548146506|0|null|false|0|false
67.80|(2414.21,.71)|(1.00,.01)|2413.2142321761376|24.586499776486363|2413|0|0|(2424.21,.00)|(2512.56,.00)|(2432.25,.00)|-0.48|1.00|0.00|(2434.21,.00)|(1.00,.00)|2433.2142321761376|24.586499776486363|0|null|2.6949470738108405|0|null|false|0|false
67.85|(2416.18,.70)|(1.00,.01)|2415.176741823379|24.586499776486363|2415|0|0|(2426.18,.00)|(2514.52,.00)|(2434.21,.00)|-0.48|1.00|0.00|(2436.18,.00)|(1.00,.00)|2435.176741823379|24.586499776486363|0|null|2.690146282162921|0|null|false|0|false
67.90|(2418.14,.67)|(1.00,.00)|2417.139177274355|24.586499776486363|2417|0|0|(2428.14,.00)|(2516.49,.00)|(2436.18,.00)|-0.48|1.00|0.00|(2438.14,.00)|(1.00,.00)|2437.139177274355|24.586499776486363|0|null|2.6823526738268093|0|null|false|0|false
67.95|(2420.10,.63)|(1.00,-.00)|2419.1014748331727|24.586499776486363|2419|0|0|(2430.10,.00)|(2518.45,.00)|(2438.14,.00)|-0.48|1.00|0.00|(2440.10,.00)|(1.00,.00)|2439.1014748331727|24.586499776486363|0|null|2.671575901648735|0|null|false|0|false
68.00|(2422.06,.58)|(1.00,-.01)|2421.063571732782|24.586499776486363|2421|0|0|(2432.06,.00)|(2520.41,.00)|(2440.10,.00)|-0.48|1.00|0.00|(2442.06,.00)|(1.00,.00)|2441.063571732782|24.586499776486363|0|null|2.6578263909201487|0|null|false|0|false
68.05|(2424.03,.52)|(1.00,-.01)|2423.0254061285627|24.586499776486363|2423|0|0|(2434.03,.00)|(2522.37,.00)|(2442.06,.00)|-0.48|1.00|0.00|(2444.03,.00)|(1.00,.00)|2443.0254061285627|24.586499776486363|0|null|2.64111489227559|0|null|false|0|false
68.10|(2425.99,.44)|(1.00,-.02)|2424.98691705039|24.586499776486363|2424|0|0|(2435.99,.00)|(2524.33,.00)|(2444.03,.00)|-0.48|1.00|0.00|(2445.99,.00)|(1.00,.00)|2444.98691705039|24.586499776486363|0|null|2.6214520788270446|0|null|false|0|false
68.15|(2427.95,.36)|(1.00,-.02)|2426.94804431981|24.586499776486363|2426|0|0|(2437.95,.00)|(2526.29,.00)|(2445.99,.00)|-0.48|1.00|0.00|(2447.95,.00)|(1.00,.00)|2446.94804431981|24.586499776486363|0|null|2.5988481916914496|0|null|false|0|false
68.20|(2429.91,.27)|(1.00,-.03)|2428.9087284394136|24.586499776486363|2428|0|0|(2439.91,.00)|(2528.25,.00)|(2447.95,.00)|-0.48|1.00|0.00|(2449.91,.00)|(1.00,.00)|2448.9087284394136|24.586499776486363|0|null|2.573312737243031|0|null|false|0|false
68.25|(2431.87,.16)|(1.00,-.04)|2430.8689104617356|24.586499776486363|2430|0|0|(2441.87,.00)|(2530.21,.00)|(2449.91,.00)|-0.48|1.00|0.00|(2451.87,.00)|(1.00,.00)|2450.8689104617356|24.586499776486363|0|null|2.544854238525303|0|null|false|0|false
68.30|(2433.83,.05)|(1.00,-.04)|2432.8285318450667|24.586499776486363|2432|0|0|(2443.83,.00)|(2532.17,.00)|(2451.87,.00)|-0.48|1.00|0.00|(2453.83,.00)|(1.00,.00)|2452.8285318450667|24.586499776486363|0|null|2.5134800423068233|0|null|false|0|false
68.35|(2435.79,-.08)|(1.00,-.05)|2434.7875343034434|24.586499776486363|2434|0|0|(2445.79,.00)|(2534.13,.00)|(2453.83,.00)|-0.48|1.00|0.00|(2455.79,.00)|(1.00,.00)|2454.7875343034434|24.586499776486363|0|null|2.479196182279441|0|null|false|0|false
68.40|(2437.75,-.21)|(1.00,-.05)|2436.745859657788|24.586499776486363|2436|0|0|(2447.75,.00)|(2536.09,.00)|(2455.79,.00)|-0.48|1.00|0.00|(2457.75,.00)|(1.00,.00)|2456.745859657788|24.586499776486363|0|null|2.442007297898099|0|null|false|0|false
68.45|(2439.70,-.36)|(1.00,-.06)|2438.70344969473|24.586499776486363|2438|0|0|(2449.70,.00)|(2538.05,.00)|(2457.75,.00)|-0.48|1.00|0.00|(2459.70,.00)|(1.00,.00)|2458.70344969473|24.586499776486363|0|null|2.401916607367909|0|null|false|0|false
68.50|(2441.66,-.52)|(1.00,-.06)|2440.660246039054|24.586499776486363|2440|0|0|(2451.66,.00)|(2540.01,.00)|(2459.70,.00)|-0.48|1.00|0.00|(2461.66,.00)|(1.00,.00)|2460.660246039054|24.586499776486363|0|null|2.3589259323179714|0|null|false|0|false
68.55|(2443.62,-.68)|(1.00,-.07)|2442.6161900450215|24.586499776486363|2442|0|0|(2453.62,.00)|(2541.96,.00)|(2461.66,.00)|-0.48|1.00|0.00|(2463.62,.00)|(1.00,.00)|2462.6161900450215|24.586499776486363|0|null|2.3130357707826077|0|null|false|0|false
68.60|(2445.57,-.86)|(1.00,-.07)|2444.5712227109984|24.586499776486363|2444|0|0|(2455.57,.00)|(2543.92,.00)|(2463.62,.00)|-0.48|1.00|0.00|(2465.57,.00)|(1.00,.00)|2464.5712227109984|24.586499776486363|0|null|2.264245414258755|0|null|false|0|false
68.65|(2447.53,-1.00)|(1.00,-.07)|2446.5289323376887|24.586499776486363|2446|0|0|(2457.53,.00)|(2545.87,.00)|(2465.57,.00)|0.34|1.00|0.00|(2467.53,.00)|(1.00,.00)|2466.5289323376887|24.586499776486363|0|null|2.2266882039054865|0|null|false|0|false
68.70|(2449.49,-1.13)|(1.00,-.07)|2448.4872267704786|24.586499776486363|2448|0|0|(2459.49,.00)|(2547.83,.00)|(2467.53,.00)|0.34|1.00|0.00|(2469.49,.00)|(1.00,.00)|2468.4872267704786|24.586499776486363|0|null|2.191071615319772|0|null|false|0|false
68.75|(2451.45,-1.25)|(1.00,-.07)|2450.446083257069|24.586499776486363|2450|0|0|(2461.45,.00)|(2549.79,.00)|(2469.49,.00)|0.34|1.00|0.00|(2471.45,.00)|(1.00,.00)|2470.446083257069|24.586499776486363|0|null|2.157437094039878|0|null|false|0|false
68.80|(2453.41,-1.34)|(1.00,-.06)|2452.405638263641|24.586499776486363|2452|0|0|(2463.41,.00)|(2551.75,.00)|(2471.45,.00)|0.80|1.00|0.00|(2473.41,.00)|(1.00,.00)|2472.405638263641|24.586499776486363|0|null|2.13379441078173|0|null|false|0|false
68.85|(2455.37,-1.41)|(1.00,-.06)|2454.3660531574706|24.586499776486363|2454|0|0|(2465.37,.00)|(2553.71,.00)|(2473.41,.00)|0.80|1.00|0.00|(2475.37,.00)|(1.00,.00)|2474.3660531574706|24.586499776486363|0|null|2.114934652645696|0|null|false|0|false
68.90|(2457.33,-1.46)|(1.00,-.05)|2456.3271644172387|24.586499776486363|2456|0|0|(2467.33,.00)|(2555.67,.00)|(2475.37,.00)|0.80|1.00|0.00|(2477.33,.00)|(1.00,.00)|2476.3271644172387|24.586499776486363|0|null|2.1009124516746835|0|null|false|0|false
68.95|(2459.29,-1.49)|(1.00,-.04)|2458.2888035535984|24.586499776486363|2458|0|0|(2469.29,.00)|(2557.63,.00)|(2477.33,.00)|0.80|1.00|0.00|(2479.29,.00)|(1.00,.00)|2478.2888035535984|24.586499776486363|0|null|2.091775698731743|0|null|false|0|false
69.00|(2461.25,-1.51)|(1.00,-.03)|2460.250712232367|24.586499776486363|2460|0|0|(2471.25,.00)|(2559.60,.00)|(2479.29,.00)|0.83|1.00|0.00|(2481.25,.00)|(1.00,.00)|2480.250712232367|24.586499776486363|0|null|2.0880902810644875|0|null|false|0|false
69.05|(2463.21,-1.50)|(1.00,-.02)|2462.21278616192|24.586499776486363|2462|0|0|(2473.21,.00)|(2561.56,.00)|(2481.25,.00)|0.83|1.00|0.00|(2483.21,.00)|(1.00,.00)|2482.21278616192|24.586499776486363|0|null|2.0895486270028223|0|null|false|0|false
69.10|(2465.17,-1.48)|(1.00,-.02)|2464.1748332822644|24.586499776486363|2464|0|0|(2475.17,.00)|(2563.52,.00)|(2483.21,.00)|0.83|1.00|0.00|(2485.17,.00)|(1.00,.00)|2484.1748332822644|24.586499776486363|0|null|2.096184372094034|0|null|false|0|false
69.15|(2467.14,-1.44)|(1.00,-.01)|2466.137076011805|24.586499776486363|2466|0|0|(2477.14,.00)|(2565.48,.00)|(2485.17,.00)|0.73|1.00|0.00|(2487.14,.00)|(1.00,.00)|2486.137076011805|24.586499776486363|0|null|2.1062493741755155|0|null|false|0|false
69.20|(2469.10,-1.39)|(1.00,.00)|2468.099012395084|24.586499776486363|2468|0|0|(2479.10,.00)|(2567.45,.00)|(2487.14,.00)|0.73|1.00|0.00|(2489.10,.00)|(1.00,.00)|2488.099012395084|24.586499776486363|0|null|2.120936645531967|0|null|false|0|false
69.25|(2471.06,-1.32)|(1.00,.01)|2470.0604875710446|24.586499776486363|2470|0|0|(2481.06,.00)|(2569.41,.00)|(2489.10,.00)|0.73|1.00|0.00|(2491.06,.00)|(1.00,.00)|2490.0604875710446|24.586499776486363|0|null|2.1402635537444357|0|null|false|0|false
69.30|(2473.02,-1.23)|(1.00,.02)|2472.0213458220273|24.586499776486363|2472|0|0|(2483.02,.00)|(2571.37,.00)|(2491.06,.00)|0.73|1.00|0.00|(2493.02,.00)|(1.00,.00)|2492.0213458220273|24.586499776486363|0|null|2.164245607795446|0|null|false|0|false
69.35|(2474.98,-1.14)|(1.00,.02)|2473.9825926436138|24.586499776486363|2473|0|0|(2484.98,.00)|(2573.33,.00)|(2493.02,.00)|0.49|1.00|0.00|(2494.98,.00)|(1.00,.00)|2493.9825926436138|24.586499776486363|0|null|2.188732156839225|0|null|false|0|false
69.40|(2476.94,-1.04)|(1.00,.03)|2475.943305515392|24.586499776486363|2475|0|0|(2486.94,.00)|(2575.29,.00)|(2494.98,.00)|0.49|1.00|0.00|(2496.94,.00)|(1.00,.00)|2495.943305515392|24.586499776486363|0|null|2.216471105167862|0|null|false|0|false
69.45|(2478.90,-.92)|(1.00,.04)|2477.903408993855|24.586499776486363|2477|0|0|(2488.90,.00)|(2577.25,.00)|(2496.94,.00)|0.49|1.00|0.00|(2498.90,.00)|(1.00,.00)|2497.903408993855|24.586499776486363|0|null|2.247462378258846|0|null|false|0|false
69.50|(2480.86,-.81)|(1.00,.04)|2479.863791310653|24.586499776486363|2479|0|0|(2490.86,.00)|(2579.21,.00)|(2498.90,.00)|0.27|1.00|0.00|(2500.86,.00)|(1.00,.00)|2499.863791310653|24.586499776486363|0|null|2.277978252534635|0|null|false|0|false
69.55|(2482.82,-.69)|(1.00,.05)|2481.823787150525|24.586499776486363|2481|0|0|(2492.82,.00)|(2581.17,.00)|(2500.86,.00)|0.27|1.00|0.00|(2502.82,.00)|(1.00,.00)|2501.823787150525|24.586499776486363|0|null|2.310469688157707|0|null|false|0|false
69.60|(2484.78,-.57)|(1.00,.05)|2483.7833698072536|24.586499776486363|2483|0|0|(2494.78,.00)|(2583.13,.00)|(2502.82,.00)|0.27|1.00|0.00|(2504.78,.00)|(1.00,.00)|2503.7833698072536|24.586499776486363|0|null|2.3449282305436174|0|null|false|0|false
69.65|(2486.74,-.43)|(1.00,.05)|2485.742512613795|24.586499776486363|2485|0|0|(2496.74,.00)|(2585.09,.00)|(2504.78,.00)|0.27|1.00|0.00|(2506.74,.00)|(1.00,.00)|2505.742512613795|24.586499776486363|0|null|2.3813475740419983|0|null|false|0|false
69.70|(2488.70,-.31)|(1.00,.06)|2487.7023279228574|24.586499776486363|2487|0|0|(2498.70,.00)|(2587.05,.00)|(2506.74,.00)|-0.03|1.00|0.00|(2508.70,.00)|(1.00,.00)|2507.7023279228574|24.586499776486363|0|null|2.414582267113088|0|null|false|0|false
69.75|(2490.66,-.19)|(1.00,.06)|2489.6621515643515|24.586499776486363|2489|0|0|(2500.66,.00)|(2589.01,.00)|(2508.70,.00)|-0.03|1.00|0.00|(2510.66,.00)|(1.00,.00)|2509.6621515643515|24.586499776486363|0|null|2.448007445998792|0|null|false|0|false
69.80|(2492.62,-.07)|(1.00,.06)|2491.621984478178|24.586499776486363|2491|0|0|(2502.62,.00)|(2590.97,.00)|(2510.66,.00)|-0.03|1.00|0.00|(2512.62,.00)|(1.00,.00)|2511.621984478178|24.586499776486363|0|null|2.481605695487882|0|null|false|0|false
69.85|(2494.58,.04)|(1.00,.06)|2493.5823374004485|24.586499776486363|2493|0|0|(2504.58,.00)|(2592.93,.00)|(2512.62,.00)|-0.23|1.00|0.00|(2514.58,.00)|(1.00,.00)|2513.5823374004485|24.586499776486363|0|null|2.5119042131433|0|null|false|0|false
69.90|(2496.54,.15)|(1.00,.06)|2495.5429669835175|24.586499776486363|2495|0|0|(2506.54,.00)|(2594.89,.00)|(2514.58,.00)|-0.23|1.00|0.00|(2516.54,.00)|(1.00,.00)|2515.5429669835175|24.586499776486363|0|null|2.5411630194630748|0|null|false|0|false
69.95|(2498.50,.25)|(1.00,.06)|2497.5038658128656|24.586499776486363|2497|0|0|(2508.50,.00)|(2596.85,.00)|(2516.54,.00)|-0.23|1.00|0.00|(2518.50,.00)|(1.00,.00)|2517.5038658128656|24.586499776486363|0|null|2.569360540173531|0|null|false|0|false
70.00|(2500.47,.35)|(1.00,.05)|2499.46502574928|24.586499776486363|2499|0|0|(2510.47,.00)|(2598.81,.00)|(2518.50,.00)|-0.23|1.00|0.00|(2520.47,.00)|(1.00,.00)|2519.46502574928|24.586499776486363|0|null|2.59647787572637|0|null|false|0|false
70.05|(2502.43,.44)|(1.00,.05)|2501.426624034065|24.586499776486363|2501|0|0|(2512.43,.00)|(2600.77,.00)|(2520.47,.00)|-0.38|1.00|0.00|(2522.43,.00)|(1.00,.00)|2521.426624034065|24.586499776486363|0|null|2.620018606128367|0|null|false|0|false
70.10|(2504.39,.52)|(1.00,.05)|2503.388591521691|24.586499776486363|2503|0|0|(2514.39,.00)|(2602.73,.00)|(2522.43,.00)|-0.38|1.00|0.00|(2524.39,.00)|(1.00,.00)|2523.388591521691|24.586499776486363|0|null|2.6415966134280557|0|null|false|0|false
70.15|(2506.35,.59)|(1.00,.05)|2505.3509000317404|24.586499776486363|2505|0|0|(2516.35,.00)|(2604.70,.00)|(2524.39,.00)|-0.38|1.00|0.00|(2526.35,.00)|(1.00,.00)|2525.3509000317404|24.586499776486363|0|null|2.6611897752365286|0|null|false|0|false
70.20|(2508.31,.65)|(1.00,.04)|2507.313520619475|24.586499776486363|2507|0|0|(2518.31,.00)|(2606.66,.00)|(2526.35,.00)|-0.38|1.00|0.00|(2528.31,.00)|(1.00,.00)|2527.313520619475|24.586499776486363|0|null|2.678777607459359|0|null|false|0|false
70.25|(2510.28,.70)|(1.00,.04)|2509.276405379787|24.586499776486363|2509|0|0|(2520.28,.00)|(2608.62,.00)|(2528.31,.00)|-0.51|1.00|0.00|(2530.28,.00)|(1.00,.00)|2529.276405379787|24.586499776486363|0|null|2.69195414581745|0|null|false|0|false
70.30|(2512.24,.74)|(1.00,.03)|2511.239584798984|24.586499776486363|2511|0|0|(2522.24,.00)|(2610.59,.00)|(2530.28,.00)|-0.51|1.00|0.00|(2532.24,.00)|(1.00,.00)|2531.239584798984|24.586499776486363|0|null|2.702268405731833|0|null|false|0|false
70.35|(2514.20,.77)|(1.00,.03)|2513.2029992898706|24.586499776486363|2513|0|0|(2524.20,.00)|(2612.55,.00)|(2532.24,.00)|-0.51|1.00|0.00|(2534.20,.00)|(1.00,.00)|2533.2029992898706|24.586499776486363|0|null|2.7096944711552275|0|null|false|0|false
70.40|(2516.17,.78)|(1.00,.02)|2515.166582423641|24.586499776486363|2515|0|0|(2526.17,.00)|(2614.51,.00)|(2534.20,.00)|-0.52|1.00|0.00|(2536.17,.00)|(1.00,.00)|2535.166582423641|24.586499776486363|0|null|2.7141312804414803|0|null|false|0|false
70.45|(2518.13,.79)|(1.00,.02)|2517.1302772744616|24.586499776486363|2517|0|0|(2528.13,.00)|(2616.48,.00)|(2536.17,.00)|-0.52|1.00|0.00|(2538.13,.00)|(1.00,.00)|2537.1302772744616|24.586499776486363|0|null|2.7156046760932755|0|null|false|0|false
70.50|(2520.09,.78)|(1.00,.01)|2519.094019873026|24.586499776486363|2519|0|0|(2530.09,.00)|(2618.44,.00)|(2538.13,.00)|-0.52|1.00|0.00|(2540.09,.00)|(1.00,.00)|2539.094019873026|24.586499776486363|0|null|2.714090725799621|0|null|false|0|false
70.55|(2522.06,.77)|(1.00,.01)|2521.057745178212|24.586499776486363|2521|0|0|(2532.06,.00)|(2620.40,.00)|(2540.09,.00)|-0.52|1.00|0.00|(2542.06,.00)|(1.00,.00)|2541.057745178212|24.586499776486363|0|null|2.709565835432879|0|null|false|0|false
70.60|(2524.02,.74)|(1.00,.00)|2523.0213870630596|24.586499776486363|2523|0|0|(2534.02,.00)|(2622.37,.00)|(2542.06,.00)|-0.52|1.00|0.00|(2544.02,.00)|(1.00,.00)|2543.0213870630596|24.586499776486363|0|null|2.702006628316795|0|null|false|0|false
70.65|(2525.98,.70)|(1.00,-.00)|2524.9848782895046|24.586499776486363|2524|0|0|(2535.98,.00)|(2624.33,.00)|(2544.02,.00)|-0.52|1.00|0.00|(2545.98,.00)|(1.00,.00)|2544.9848782895046|24.586499776486363|0|null|2.691389880380184|0|null|false|0|false
70.70|(2527.95,.65)|(1.00,-.01)|2526.9481504790174|24.586499776486363|2526|0|0|(2537.95,.00)|(2626.29,.00)|(2545.98,.00)|-0.52|1.00|0.00|(2547.95,.00)|(1.00,.00)|2546.9481504790174|24.586499776486363|0|null|2.6776925078580676|0|null|false|0|false
70.75|(2529.91,.59)|(1.00,-.01)|2528.9111340859185|24.586499776486363|2528|0|0|(2539.91,.00)|(2628.26,.00)|(2547.95,.00)|-0.52|1.00|0.00|(2549.91,.00)|(1.00,.00)|2548.9111340859185|24.586499776486363|0|null|2.6608916032679844|0|null|false|0|false
70.80|(2531.87,.52)|(1.00,-.02)|2530.873758379553|24.586499776486363|2530|0|0|(2541.87,.00)|(2630.22,.00)|(2549.91,.00)|-0.52|1.00|0.00|(2551.87,.00)|(1.00,.00)|2550.873758379553|24.586499776486363|0|null|2.6409645145572105|0|null|false|0|false
70.85|(2533.84,.43)|(1.00,-.02)|2532.8359514407084|24.586499776486363|2532|0|0|(2543.84,.00)|(2632.18,.00)|(2551.87,.00)|-0.52|1.00|0.00|(2553.84,.00)|(1.00,.00)|2552.8359514407084|24.586499776486363|0|null|2.61788896160217|0|null|false|0|false
70.90|(2535.80,.34)|(1.00,-.03)|2534.7976401767364|24.586499776486363|2534|0|0|(2545.80,.00)|(2634.14,.00)|(2553.84,.00)|-0.52|1.00|0.00|(2555.80,.00)|(1.00,.00)|2554.7976401767364|24.586499776486363|0|null|2.5916431836576934|0|null|false|0|false
70.95|(2537.76,.23)|(1.00,-.04)|2536.7587503587592|24.586499776486363|2536|0|0|(2547.76,.00)|(2636.10,.00)|(2555.80,.00)|-0.52|1.00|0.00|(2557.76,.00)|(1.00,.00)|2556.7587503587592|24.586499776486363|0|null|2.56220611091172|0|null|false|0|false
71.00|(2539.72,.11)|(1.00,-.04)|2538.719206683222|24.586499776486363|2538|0|0|(2549.72,.00)|(2638.07,.00)|(2557.76,.00)|-0.52|1.00|0.00|(2559.72,.00)|(1.00,.00)|2558.719206683222|24.586499776486363|0|null|2.5295575530087113|0|null|false|0|false
71.05|(2541.68,-.02)|(1.00,-.05)|2540.678932858845|24.586499776486363|2540|0|0|(2551.68,.00)|(2640.02,.00)|(2559.72,.00)|-0.52|1.00|0.00|(2561.68,.00)|(1.00,.00)|2560.678932858845|24.586499776486363|0|null|2.4936783972672645|0|null|false|0|false
71.10|(2543.64,-.17)|(1.00,-.05)|2542.6378517188346|24.586499776486363|2542|0|0|(2553.64,.00)|(2641.98,.00)|(2561.68,.00)|-0.52|1.00|0.00|(2563.64,.00)|(1.00,.00)|2562.6378517188346|24.586499776486363|0|null|2.4545508093362716|0|null|false|0|false
71.15|(2545.60,-.32)|(1.00,-.06)|2544.595885357038|24.586499776486363|2544|0|0|(2555.60,.00)|(2643.94,.00)|(2563.64,.00)|-0.52|1.00|0.00|(2565.60,.00)|(1.00,.00)|2564.595885357038|24.586499776486363|0|null|2.412158429207867|0|null|false|0|false
71.20|(2547.55,-.49)|(1.00,-.07)|2546.552955285603|24.586499776486363|2546|0|0|(2557.55,.00)|(2645.90,.00)|(2565.60,.00)|-0.52|1.00|0.00|(2567.55,.00)|(1.00,.00)|2566.552955285603|24.586499776486363|0|null|2.3664865558297605|0|null|false|0|false
71.25|(2549.51,-.67)|(1.00,-.07)|2548.5089826106832|24.586499776486363|2548|0|0|(2559.51,.00)|(2647.85,.00)|(2567.55,.00)|-0.52|1.00|0.00|(2569.51,.00)|(1.00,.00)|2568.5089826106832|24.586499776486363|0|null|2.3175223140263523|0|null|false|0|false
71.30|(2551.47,-.81)|(1.00,-.07)|2550.4675807129556|24.586499776486363|2550|0|0|(2561.47,.00)|(2649.81,.00)|(2569.51,.00)|0.23|1.00|0.00|(2571.47,.00)|(1.00,.00)|2570.4675807129556|24.586499776486363|0|null|2.2781797526421697|0|null|false|0|false
71.35|(2553.43,-.95)|(1.00,-.07)|2552.4265560898284|24.586499776486363|2552|0|0|(2563.43,.00)|(2651.77,.00)|(2571.47,.00)|0.23|1.00|0.00|(2573.43,.00)|(1.00,.00)|2572.4265560898284|24.586499776486363|0|null|2.239955865682033|0|null|false|0|false
71.40|(2555.39,-1.09)|(1.00,-.07)|2554.3859024443664|24.586499776486363|2554|0|0|(2565.39,.00)|(2653.73,.00)|(2573.43,.00)|0.23|1.00|0.00|(2575.39,.00)|(1.00,.00)|2574.3859024443664|24.586499776486363|0|null|2.2028838127177686|0|null|false|0|false
71.45|(2557.35,-1.22)|(1.00,-.07)|2556.3456125816174|24.586499776486363|2556|0|0|(2567.35,.00)|(2655.69,.00)|(2575.39,.00)|0.23|1.00|0.00|(2577.35,.00)|(1.00,.00)|2576.3456125816174|24.586499776486363|0|null|2.166994416789519|0|null|false|0|false
71.50|(2559.31,-1.31)|(1.00,-.06)|2558.306210859895|24.586499776486363|2558|0|0|(2569.31,.00)|(2657.65,.00)|(2577.35,.00)|0.77|1.00|0.00|(2579.31,.00)|(1.00,.00)|2578.306210859895|24.586499776486363|0|null|2.14144779183555|0|null|false|0|false
71.55|(2561.27,-1.39)|(1.00,-.06)|2560.2676529002256|24.586499776486363|2560|0|0|(2571.27,.00)|(2659.61,.00)|(2579.31,.00)|0.77|1.00|0.00|(2581.27,.00)|(1.00,.00)|2580.2676529002256|24.586499776486363|0|null|2.1202702996948775|0|null|false|0|false
71.60|(2563.23,-1.45)|(1.00,-.05)|2562.2298022926248|24.586499776486363|2562|0|0|(2573.23,.00)|(2661.58,.00)|(2581.27,.00)|0.77|1.00|0.00|(2583.23,.00)|(1.00,.00)|2582.2298022926248|24.586499776486363|0|null|2.1035187838841374|0|null|false|0|false
71.65|(2565.19,-1.50)|(1.00,-.04)|2564.192518167027|24.586499776486363|2564|0|0|(2575.19,.00)|(2663.54,.00)|(2583.23,.00)|0.77|1.00|0.00|(2585.19,.00)|(1.00,.00)|2584.192518167027|24.586499776486363|0|null|2.0912453056294287|0|null|false|0|false
71.70|(2567.16,-1.52)|(1.00,-.04)|2566.1555137780592|24.586499776486363|2566|0|0|(2577.16,.00)|(2665.50,.00)|(2585.19,.00)|0.83|1.00|0.00|(2587.16,.00)|(1.00,.00)|2586.1555137780592|24.586499776486363|0|null|2.0845712488468506|0|null|false|0|false
71.75|(2569.12,-1.53)|(1.00,-.03)|2568.118764747083|24.586499776486363|2568|0|0|(2579.12,.00)|(2667.46,.00)|(2587.16,.00)|0.83|1.00|0.00|(2589.12,.00)|(1.00,.00)|2588.118764747083|24.586499776486363|0|null|2.082834800218078|0|null|false|0|false
71.80|(2571.08,-1.51)|(1.00,-.02)|2570.0820941741576|24.586499776486363|2570|0|0|(2581.08,.00)|(2669.43,.00)|(2589.12,.00)|0.83|1.00|0.00|(2591.08,.00)|(1.00,.00)|2590.0820941741576|24.586499776486363|0|null|2.086078948947077|0|null|false|0|false
71.85|(2573.05,-1.49)|(1.00,-.01)|2572.045597056909|24.586499776486363|2572|0|0|(2583.05,.00)|(2671.39,.00)|(2591.08,.00)|0.75|1.00|0.00|(2593.05,.00)|(1.00,.00)|2592.045597056909|24.586499776486363|0|null|2.093033528880179|0|null|false|0|false
71.90|(2575.01,-1.45)|(1.00,-.00)|2574.0088864087243|24.586499776486363|2574|0|0|(2585.01,.00)|(2673.35,.00)|(2593.05,.00)|0.75|1.00|0.00|(2595.01,.00)|(1.00,.00)|2594.0088864087243|24.586499776486363|0|null|2.104592825086538|0|null|false|0|false
71.95|(2576.97,-1.39)|(1.00,.00)|2575.971808351706|24.586499776486363|2575|0|0|(2586.97,.00)|(2675.32,.00)|(2595.01,.00)|0.75|1.00|0.00|(2596.97,.00)|(1.00,.00)|2595.971808351706|24.586499776486363|0|null|2.12078370552116|0|null|false|0|false
72.00|(2578.93,-1.32)|(1.00,.01)|2577.934864445547|24.586499776486363|2577|0|0|(2588.93,.00)|(2677.28,.00)|(2596.97,.00)|0.60|1.00|0.00|(2598.93,.00)|(1.00,.00)|2597.934864445547|24.586499776486363|0|null|2.138985589448531|0|null|false|0|false
72.05|(2580.90,-1.24)|(1.00,.02)|2579.897452292952|24.586499776486363|2579|0|0|(2590.90,.00)|(2679.24,.00)|(2598.93,.00)|0.60|1.00|0.00|(2600.90,.00)|(1.00,.00)|2599.897452292952|24.586499776486363|0|null|2.1609552342513094|0|null|false|0|false
72.10|(2582.86,-1.15)|(1.00,.02)|2581.85946990446|24.586499776486363|2581|0|0|(2592.86,.00)|(2681.21,.00)|(2600.90,.00)|0.60|1.00|0.00|(2602.86,.00)|(1.00,.00)|2601.85946990446|24.586499776486363|0|null|2.186702093272687|0|null|false|0|false
72.15|(2584.82,-1.05)|(1.00,.03)|2583.8216651447706|24.586499776486363|2583|0|0|(2594.82,.00)|(2683.17,.00)|(2602.86,.00)|0.40|1.00|0.00|(2604.82,.00)|(1.00,.00)|2603.8216651447706|24.586499776486363|0|null|2.2128961850211293|0|null|false|0|false
72.20|(2586.78,-.95)|(1.00,.04)|2585.7833982917155|24.586499776486363|2585|0|0|(2596.78,.00)|(2685.13,.00)|(2604.82,.00)|0.40|1.00|0.00|(2606.78,.00)|(1.00,.00)|2605.7833982917155|24.586499776486363|0|null|2.2417344930435803|0|null|false|0|false
72.25|(2588.74,-.83)|(1.00,.04)|2587.7446211315996|24.586499776486363|2587|0|0|(2598.74,.00)|(2687.09,.00)|(2606.78,.00)|0.40|1.00|0.00|(2608.74,.00)|(1.00,.00)|2607.7446211315996|24.586499776486363|0|null|2.2732100480318786|0|null|false|0|false
72.30|(2590.71,-.71)|(1.00,.05)|2589.705286312205|24.586499776486363|2589|0|0|(2600.71,.00)|(2689.05,.00)|(2608.74,.00)|0.40|1.00|0.00|(2610.71,.00)|(1.00,.00)|2609.705286312205|24.586499776486363|0|null|2.30731479476595|0|null|false|0|false
72.35|(2592.67,-.57)|(1.00,.05)|2591.66534740497|24.586499776486363|2591|0|0|(2602.67,.00)|(2691.01,.00)|(2610.71,.00)|0.40|1.00|0.00|(2612.67,.00)|(1.00,.00)|2611.66534740497|24.586499776486363|0|null|2.3440394558037045|0|null|false|0|false
72.40|(2594.63,-.44)|(1.00,.05)|2593.625996516585|24.586499776486363|2593|0|0|(2604.63,.00)|(2692.97,.00)|(2612.67,.00)|0.12|1.00|0.00|(2614.63,.00)|(1.00,.00)|2613.625996516585|24.586499776486363|0|null|2.378483727746669|0|null|false|0|false
72.45|(2596.59,-.32)|(1.00,.06)|2595.5864650273893|24.586499776486363|2595|0|0|(2606.59,.00)|(2694.93,.00)|(2614.63,.00)|0.12|1.00|0.00|(2616.59,.00)|(1.00,.00)|2615.5864650273893|24.586499776486363|0|null|2.4138480308186017|0|null|false|0|false
72.50|(2598.55,-.18)|(1.00,.06)|2597.546751935129|24.586499776486363|2597|0|0|(2608.55,.00)|(2696.89,.00)|(2616.59,.00)|0.12|1.00|0.00|(2618.55,.00)|(1.00,.00)|2617.546751935129|24.586499776486363|0|null|2.4501039867802414|0|null|false|0|false
72.55|(2600.51,-.07)|(1.00,.06)|2599.507789731395|24.586499776486363|2599|0|0|(2610.51,.00)|(2698.85,.00)|(2618.55,.00)|-0.19|1.00|0.00|(2620.51,.00)|(1.00,.00)|2619.507789731395|24.586499776486363|0|null|2.4818793157911267|0|null|false|0|false
72.60|(2602.47,.05)|(1.00,.06)|2601.4691010977776|24.586499776486363|2601|0|0|(2612.47,.00)|(2700.82,.00)|(2620.51,.00)|-0.19|1.00|0.00|(2622.47,.00)|(1.00,.00)|2621.4691010977776|24.586499776486363|0|null|2.51265734001188|0|null|false|0|false
72.65|(2604.43,.16)|(1.00,.06)|2603.4306839807455|24.586499776486363|2603|0|0|(2614.43,.00)|(2702.78,.00)|(2622.47,.00)|-0.19|1.00|0.00|(2624.43,.00)|(1.00,.00)|2623.4306839807455|24.586499776486363|0|null|2.542392762535627|0|null|false|0|false
72.70|(2606.39,.25)|(1.00,.06)|2605.392770552136|24.586499776486363|2605|0|0|(2616.39,.00)|(2704.74,.00)|(2624.43,.00)|-0.36|1.00|0.00|(2626.39,.00)|(1.00,.00)|2625.392770552136|24.586499776486363|0|null|2.568211080123712|0|null|false|0|false
72.75|(2608.36,.34)|(1.00,.05)|2607.3552796919034|24.586499776486363|2607|0|0|(2618.36,.00)|(2706.70,.00)|(2626.39,.00)|-0.36|1.00|0.00|(2628.36,.00)|(1.00,.00)|2627.3552796919034|24.586499776486363|0|null|2.591930551814343|0|null|false|0|false
72.80|(2610.32,.42)|(1.00,.05)|2609.318183344626|24.586499776486363|2609|0|0|(2620.32,.00)|(2708.66,.00)|(2628.36,.00)|-0.36|1.00|0.00|(2630.32,.00)|(1.00,.00)|2629.318183344626|24.586499776486363|0|null|2.6135017080409706|0|null|false|0|false
72.85|(2612.28,.49)|(1.00,.05)|2611.2814514021184|24.586499776486363|2611|0|0|(2622.28,.00)|(2710.63,.00)|(2630.32,.00)|-0.36|1.00|0.00|(2632.28,.00)|(1.00,.00)|2631.2814514021184|24.586499776486363|0|null|2.63287773192849|0|null|false|0|false
72.90|(2614.25,.54)|(1.00,.04)|2613.245040196975|24.586499776486363|2613|0|0|(2624.25,.00)|(2712.59,.00)|(2632.28,.00)|-0.47|1.00|0.00|(2634.25,.00)|(1.00,.00)|2633.245040196975|24.586499776486363|0|null|2.648081432231335|0|null|false|0|false
72.95|(2616.21,.59)|(1.00,.04)|2615.2089672497864|24.586499776486363|2615|0|0|(2626.21,.00)|(2714.55,.00)|(2634.25,.00)|-0.47|1.00|0.00|(2636.21,.00)|(1.00,.00)|2635.2089672497864|24.586499776486363|0|null|2.660340798266885|0|null|false|0|false
73.00|(2618.17,.62)|(1.00,.03)|2617.1731716029117|24.586499776486363|2617|0|0|(2628.17,.00)|(2716.52,.00)|(2636.21,.00)|-0.47|1.00|0.00|(2638.17,.00)|(1.00,.00)|2637.1731716029117|24.586499776486363|0|null|2.6696104469098767|0|null|false|0|false
73.05|(2620.14,.64)|(1.00,.03)|2619.137589868417|24.586499776486363|2619|0|0|(2630.14,.00)|(2718.48,.00)|(2638.17,.00)|-0.47|1.00|0.00|(2640.14,.00)|(1.00,.00)|2639.137589868417|24.586499776486363|0|null|2.6758483742336185|0|null|false|0|false
73.10|(2622.10,.65)|(1.00,.02)|2621.1021289615883|24.586499776486363|2621|0|0|(2632.10,.00)|(2720.45,.00)|(2640.14,.00)|-0.49|1.00|0.00|(2642.10,.00)|(1.00,.00)|2641.1021289615883|24.586499776486363|0|null|2.6787134683327105|0|null|false|0|false
73.15|(2624.07,.65)|(1.00,.02)|2623.066743801174|24.586499776486363|2623|0|0|(2634.07,.00)|(2722.41,.00)|(2642.10,.00)|-0.49|1.00|0.00|(2644.07,.00)|(1.00,.00)|2643.066743801174|24.586499776486363|0|null|2.678369230269066|0|null|false|0|false
73.20|(2626.03,.64)|(1.00,.01)|2625.0313602533047|24.586499776486363|2625|0|0|(2636.03,.00)|(2724.38,.00)|(2644.07,.00)|-0.49|1.00|0.00|(2646.03,.00)|(1.00,.00)|2645.0313602533047|24.586499776486363|0|null|2.6747830400367083|0|null|false|0|false
73.25|(2628.00,.61)|(1.00,.01)|2626.9959025493513|24.586499776486363|2626|0|0|(2638.00,.00)|(2726.34,.00)|(2646.03,.00)|-0.49|1.00|0.00|(2648.00,.00)|(1.00,.00)|2646.9959025493513|24.586499776486363|0|null|2.6679259464346874|0|null|false|0|false
73.30|(2629.96,.58)|(1.00,.00)|2628.960293557194|24.586499776486363|2628|0|0|(2639.96,.00)|(2728.31,.00)|(2648.00,.00)|-0.49|1.00|0.00|(2649.96,.00)|(1.00,.00)|2648.960293557194|24.586499776486363|0|null|2.6577727119822265|0|null|false|0|false
73.35|(2631.92,.53)|(1.00,-.01)|2630.924455063113|24.586499776486363|2630|0|0|(2641.92,.00)|(2730.27,.00)|(2649.96,.00)|-0.49|1.00|0.00|(2651.92,.00)|(1.00,.00)|2650.924455063113|24.586499776486363|0|null|2.6443018487781806|0|null|false|0|false
73.40|(2633.89,.47)|(1.00,-.01)|2632.888308062205|24.586499776486363|2632|0|0|(2643.89,.00)|(2732.23,.00)|(2651.92,.00)|-0.49|1.00|0.00|(2653.89,.00)|(1.00,.00)|2652.888308062205|24.586499776486363|0|null|2.6274956395083997|0|null|false|0|false
73.45|(2635.85,.39)|(1.00,-.02)|2634.8517730542894|24.586499776486363|2634|0|0|(2645.85,.00)|(2734.20,.00)|(2653.89,.00)|-0.49|1.00|0.00|(2655.85,.00)|(1.00,.00)|2654.8517730542894|24.586499776486363|0|null|2.607340138350865|0|null|false|0|false
73.50|(2637.81,.31)|(1.00,-.02)|2636.8147703414434|24.586499776486363|2636|0|0|(2647.81,.00)|(2736.16,.00)|(2655.85,.00)|-0.49|1.00|0.00|(2657.81,.00)|(1.00,.00)|2656.8147703414434|24.586499776486363|0|null|2.5838251472008666|0|null|false|0|false
73.55|(2639.78,.21)|(1.00,-.03)|2638.777220322598|24.586499776486363|2638|0|0|(2649.78,.00)|(2738.12,.00)|(2657.81,.00)|-0.49|1.00|0.00|(2659.78,.00)|(1.00,.00)|2658.777220322598|24.586499776486363|0|null|2.5569441634185477|0|null|false|0|false
73.60|(2641.74,.10)|(1.00,-.04)|2640.7390437801105|24.586499776486363|2640|0|0|(2651.74,.00)|(2740.09,.00)|(2659.78,.00)|-0.49|1.00|0.00|(2661.74,.00)|(1.00,.00)|2660.7390437801105|24.586499776486363|0|null|2.5266942961683747|0|null|false|0|false
73.65|(2643.70,-.03)|(1.00,-.04)|2642.7001621528975|24.586499776486363|2642|0|0|(2653.70,.00)|(2742.05,.00)|(2661.74,.00)|-0.49|1.00|0.00|(2663.70,.00)|(1.00,.00)|2662.7001621528975|24.586499776486363|0|null|2.4930761493522304|0|null|false|0|false
73.70|(2645.66,-.16)|(1.00,-.05)|2644.660497790621|24.586499776486363|2644|0|0|(2655.66,.00)|(2744.01,.00)|(2663.70,.00)|-0.49|1.00|0.00|(2665.66,.00)|(1.00,.00)|2664.660497790621|24.586499776486363|0|null|2.4560936701115956|0|null|false|0|false
73.75|(2647.62,-.31)|(1.00,-.06)|2646.619974183522|24.586499776486363|2646|0|0|(2657.62,.00)|(2745.97,.00)|(2665.66,.00)|-0.49|1.00|0.00|(2667.62,.00)|(1.00,.00)|2666.619974183522|24.586499776486363|0|null|2.415753962865639|0|null|false|0|false
73.80|(2649.58,-.47)|(1.00,-.06)|2648.5785161628532|24.586499776486363|2648|0|0|(2659.58,.00)|(2747.92,.00)|(2667.62,.00)|-0.49|1.00|0.00|(2669.58,.00)|(1.00,.00)|2668.5785161628532|24.586499776486363|0|null|2.37206706983708|0|null|false|0|false
73.85|(2651.54,-.64)|(1.00,-.07)|2650.5360500673883|24.586499776486363|2650|0|0|(2661.54,.00)|(2749.88,.00)|(2669.58,.00)|-0.49|1.00|0.00|(2671.54,.00)|(1.00,.00)|2670.5360500673883|24.586499776486363|0|null|2.325045719972789|0|null|false|0|false
73.90|(2653.49,-.82)|(1.00,-.07)|2652.4925038722363|24.586499776486363|2652|0|0|(2663.49,.00)|(2751.84,.00)|(2671.54,.00)|-0.49|1.00|0.00|(2673.49,.00)|(1.00,.00)|2672.4925038722363|24.586499776486363|0|null|2.274705049068909|0|null|false|0|false
73.95|(2655.45,-1.02)|(1.00,-.08)|2654.447807277059|24.586499776486363|2654|0|0|(2665.45,.00)|(2753.79,.00)|(2673.49,.00)|-0.49|1.00|0.00|(2675.45,.00)|(1.00,.00)|2674.447807277059|24.586499776486363|0|null|2.2210622947398395|0|null|false|0|false
74.00|(2657.40,-1.23)|(1.00,-.09)|2656.4018917518147|24.586499776486363|2656|0|0|(2667.40,.00)|(2755.75,.00)|(2675.45,.00)|-0.49|1.00|0.00|(2677.40,.00)|(1.00,.00)|2676.4018917518147|24.586499776486363|0|null|2.1641364706078257|0|null|false|0|false
74.05|(2659.35,-1.45)|(1.00,-.09)|2658.3546905392436|24.586499776486363|2658|0|0|(2669.35,.00)|(2757.70,.00)|(2677.40,.00)|-0.49|1.00|0.00|(2679.35,.00)|(1.00,.00)|2678.3546905392436|24.586499776486363|0|null|2.1039480247186626|0|null|false|0|false
74.10|(2661.31,-1.68)|(.99,-.10)|2660.3061386144586|24.586499776486363|2660|0|0|(2671.31,.00)|(2759.65,.00)|(2679.35,.00)|-0.49|1.00|0.00|(2681.31,.00)|(1.00,.00)|2680.3061386144586|24.586499776486363|0|null|2.0405184876953597|0|null|false|0|false
74.15|(2663.26,-1.93)|(.99,-.11)|2662.256172603158|24.586499776486363|2662|0|0|(2673.26,.00)|(2761.60,.00)|(2681.31,.00)|-0.49|1.00|0.00|(2683.26,.00)|(1.00,.00)|2682.256172603158|24.586499776486363|0|null|1.9738701165147199|0|null|false|0|false
74.20|(2665.20,-2.18)|(.99,-.11)|2664.2047306611057|24.586499776486363|2664|0|0|(2675.20,.00)|(2763.55,.00)|(2683.26,.00)|-0.49|1.00|0.00|(2685.20,.00)|(1.00,.00)|2684.2047306611057|24.586499776486363|0|null|1.904025540024078|0|null|false|0|false
74.25|(2667.15,-2.45)|(.99,-.12)|2666.151752318567|24.586499776486363|2666|0|0|(2677.15,.00)|(2765.50,.00)|(2685.20,.00)|-0.49|1.00|0.00|(2687.15,.00)|(1.00,.00)|2686.151752318567|24.586499776486363|0|null|1.8310074124025233|0|null|false|0|false
74.30|(2669.11,-2.64)|(.99,-.11)|2668.1051274991282|24.586499776486363|2668|0|0|(2679.11,.00)|(2767.45,.00)|(2687.15,.00)|0.93|1.00|0.00|(2689.11,.00)|(1.00,.00)|2688.1051274991282|24.586499776486363|0|null|1.7790473562317546|0|null|false|0|false
74.35|(2671.06,-2.81)|(.99,-.11)|2670.0604652590478|24.586499776486363|2670|0|0|(2681.06,.00)|(2769.41,.00)|(2689.11,.00)|0.93|1.00|0.00|(2691.06,.00)|(1.00,.00)|2690.0604652590478|24.586499776486363|0|null|1.7322419755075398|0|null|false|0|false
74.40|(2673.02,-2.96)|(1.00,-.10)|2672.017593762482|24.586499776486363|2672|0|0|(2683.02,.00)|(2771.36,.00)|(2691.06,.00)|0.93|1.00|0.00|(2693.02,.00)|(1.00,.00)|2692.017593762482|24.586499776486363|0|null|1.6906934153157036|0|null|false|0|false
74.45|(2674.98,-3.09)|(1.00,-.09)|2673.976329600092|24.586499776486363|2673|0|0|(2684.98,.00)|(2773.32,.00)|(2693.02,.00)|0.93|1.00|0.00|(2694.98,.00)|(1.00,.00)|2693.976329600092|24.586499776486363|0|null|1.6544938342212998|0|null|false|0|false
74.50|(2676.94,-3.21)|(1.00,-.08)|2675.9364789521314|24.586499776486363|2675|0|0|(2686.94,.00)|(2775.28,.00)|(2694.98,.00)|0.93|1.00|0.00|(2696.94,.00)|(1.00,.00)|2695.9364789521314|24.586499776486363|0|null|1.6237257235837927|0|null|false|0|false
74.55|(2678.90,-3.25)|(1.00,-.07)|2677.8955759008645|24.586499776486363|2677|0|0|(2688.90,.00)|(2777.24,.00)|(2696.94,.00)|1.69|1.00|0.00|(2698.90,.00)|(1.00,.00)|2697.8955759008645|24.586499776486363|0|null|1.6116865319632465|0|null|false|0|false
74.60|(2680.86,-3.26)|(1.00,-.05)|2679.855508215565|24.586499776486363|2679|0|0|(2690.86,.00)|(2779.20,.00)|(2698.90,.00)|1.69|1.00|0.00|(2700.86,.00)|(1.00,.00)|2699.855508215565|24.586499776486363|0|null|1.6097468346058565|0|null|false|0|false
74.65|(2682.82,-3.23)|(1.00,-.04)|2681.8155457246835|24.586499776486363|2681|0|0|(2692.82,.00)|(2781.16,.00)|(2700.86,.00)|1.69|1.00|0.00|(2702.82,.00)|(1.00,.00)|2701.8155457246835|24.586499776486363|0|null|1.6180060803807894|0|null|false|0|false
74.70|(2684.78,-3.17)|(1.00,-.02)|2683.776033507754|24.586499776486363|2683|0|0|(2694.78,.00)|(2783.12,.00)|(2702.82,.00)|1.55|1.00|0.00|(2704.78,.00)|(1.00,.00)|2703.776033507754|24.586499776486363|0|null|1.6340929058420004|0|null|false|0|false
74.75|(2686.74,-3.08)|(1.00,-.00)|2685.7354054830757|24.586499776486363|2685|0|0|(2696.74,.00)|(2785.08,.00)|(2704.78,.00)|1.55|1.00|0.00|(2706.74,.00)|(1.00,.00)|2705.7354054830757|24.586499776486363|0|null|1.659687407144406|0|null|false|0|false
74.80|(2688.69,-2.95)|(1.00,.01)|2687.6930124314713|24.586499776486363|2687|0|0|(2698.69,.00)|(2787.04,.00)|(2706.74,.00)|1.55|1.00|0.00|(2708.69,.00)|(1.00,.00)|2707.6930124314713|24.586499776486363|0|null|1.6948368063793715|0|null|false|0|false
74.85|(2690.65,-2.81)|(1.00,.03)|2689.651360891311|24.586499776486363|2689|0|0|(2700.65,.00)|(2789.00,.00)|(2708.69,.00)|1.20|1.00|0.00|(2710.65,.00)|(1.00,.00)|2709.651360891311|24.586499776486363|0|null|1.7335560565877786|0|null|false|0|false
74.90|(2692.61,-2.64)|(1.00,.04)|2691.6076412014418|24.586499776486363|2691|0|0|(2702.61,.00)|(2790.95,.00)|(2710.65,.00)|1.20|1.00|0.00|(2712.61,.00)|(1.00,.00)|2711.6076412014418|24.586499776486363|0|null|1.7798231228055155|0|null|false|0|false
74.95|(2694.56,-2.44)|(1.00,.06)|2693.5614497824863|24.586499776486363|2693|0|0|(2704.56,.00)|(2792.91,.00)|(2712.61,.00)|1.20|1.00|0.00|(2714.56,.00)|(1.00,.00)|2713.5614497824863|24.586499776486363|0|null|1.8336395096651832|0|null|false|0|false
75.00|(2696.51,-2.21)|(1.00,.07)|2695.5123848486114|24.586499776486363|2695|0|0|(2706.51,.00)|(2794.86,.00)|(2714.56,.00)|1.20|1.00|0.00|(2716.51,.00)|(1.00,.00)|2715.5123848486114|24.586499776486363|0|null|1.8950007329702654|0|null|false|0|false
75.05|(2698.47,-2.00)|(1.00,.08)|2697.46536684058|24.586499776486363|2697|0|0|(2708.47,.00)|(2796.81,.00)|(2716.51,.00)|0.62|1.00|0.00|(2718.47,.00)|(1.00,.00)|2717.46536684058|24.586499776486363|0|null|1.9541354428220417|0|null|false|0|false
75.10|(2700.42,-1.77)|(1.00,.09)|2699.416668664402|24.586499776486363|2699|0|0|(2710.42,.00)|(2798.76,.00)|(2718.47,.00)|0.62|1.00|0.00|(2720.42,.00)|(1.00,.00)|2719.416668664402|24.586499776486363|0|null|2.0174467572304766|0|null|false|0|false
75.15|(2702.37,-1.52)|(1.00,.10)|2701.3661808263246|24.586499776486363|2701|0|0|(2712.37,.00)|(2800.71,.00)|(2720.42,.00)|0.62|1.00|0.00|(2722.37,.00)|(1.00,.00)|2721.3661808263246|24.586499776486363|0|null|2.0848957490840063|0|null|false|0|false
75.20|(2704.32,-1.28)|(.99,.10)|2703.3171649574965|24.586499776486363|2703|0|0|(2714.32,.00)|(2802.66,.00)|(2722.37,.00)|0.19|1.00|0.00|(2724.32,.00)|(1.00,.00)|2723.3171649574965|24.586499776486363|0|null|2.1489889198129246|0|null|false|0|false
75.25|(2706.27,-1.04)|(.99,.11)|2705.2675688558465|24.586499776486363|2705|0|0|(2716.27,.00)|(2804.61,.00)|(2724.32,.00)|0.19|1.00|0.00|(2726.27,.00)|(1.00,.00)|2725.2675688558465|24.586499776486363|0|null|2.214595129972731|0|null|false|0|false
75.30|(2708.22,-.80)|(.99,.11)|2707.217394367271|24.586499776486363|2707|0|0|(2718.22,.00)|(2806.56,.00)|(2726.27,.00)|0.19|1.00|0.00|(2728.22,.00)|(1.00,.00)|2727.217394367271|24.586499776486363|0|null|2.2816593659098627|0|null|false|0|false
75.35|(2710.17,-.57)|(.99,.11)|2709.1689873703326|24.586499776486363|2709|0|0|(2720.17,.00)|(2808.51,.00)|(2728.22,.00)|-0.21|1.00|0.00|(2730.17,.00)|(1.00,.00)|2729.1689873703326|24.586499776486363|0|null|2.3433335902744927|0|null|false|0|false
75.40|(2712.12,-.35)|(.99,.11)|2711.1211203979324|24.586499776486363|2711|0|0|(2722.12,.00)|(2810.47,.00)|(2730.17,.00)|-0.21|1.00|0.00|(2732.12,.00)|(1.00,.00)|2731.1211203979324|24.586499776486363|0|null|2.4040458666599855|0|null|false|0|false
75.45|(2714.07,-.13)|(.99,.11)|2713.073801721715|24.586499776486363|2713|0|0|(2724.07,.00)|(2812.42,.00)|(2732.12,.00)|-0.21|1.00|0.00|(2734.07,.00)|(1.00,.00)|2733.073801721715|24.586499776486363|0|null|2.4637333717591474|0|null|false|0|false
75.50|(2716.03,.08)|(.99,.11)|2715.0270363846066|24.586499776486363|2715|0|0|(2726.03,.00)|(2814.37,.00)|(2734.07,.00)|-0.21|1.00|0.00|(2736.03,.00)|(1.00,.00)|2735.0270363846066|24.586499776486363|0|null|2.5223403809760847|0|null|false|0|false
75.55|(2717.98,.27)|(.99,.11)|2716.9822232769525|24.586499776486363|2716|0|0|(2727.98,.00)|(2816.33,.00)|(2736.03,.00)|-0.61|1.00|0.00|(2737.98,.00)|(1.00,.00)|2736.9822232769525|24.586499776486363|0|null|2.572846696728118|0|null|false|0|false
75.60|(2719.94,.44)|(.99,.10)|2718.938779514895|24.586499776486363|2718|0|0|(2729.94,.00)|(2818.28,.00)|(2737.98,.00)|-0.61|1.00|0.00|(2739.94,.00)|(1.00,.00)|2738.938779514895|24.586499776486363|0|null|2.6197965898579483|0|null|false|0|false
75.65|(2721.90,.60)|(1.00,.10)|2720.8966207720155|24.586499776486363|2720|0|0|(2731.90,.00)|(2820.24,.00)|(2739.94,.00)|-0.61|1.00|0.00|(2741.90,.00)|(1.00,.00)|2740.8966207720155|24.586499776486363|0|null|2.663129532595235|0|null|false|0|false
75.70|(2723.86,.74)|(1.00,.09)|2722.8556571334925|24.586499776486363|2722|0|0|(2733.86,.00)|(2822.20,.00)|(2741.90,.00)|-0.61|1.00|0.00|(2743.86,.00)|(1.00,.00)|2742.8556571334925|24.586499776486363|0|null|2.7027937975149525|0|null|false|0|false
75.75|(2725.82,.86)|(1.00,.08)|2724.815902888578|24.586499776486363|2724|0|0|(2735.82,.00)|(2824.16,.00)|(2743.86,.00)|-0.85|1.00|0.00|(2745.82,.00)|(1.00,.00)|2744.815902888578|24.586499776486363|0|null|2.7346481412950543|0|null|false|0|false
75.80|(2727.78,.96)|(1.00,.08)|2726.777361529057|24.586499776486363|2726|0|0|(2737.78,.00)|(2826.12,.00)|(2745.82,.00)|-0.85|1.00|0.00|(2747.78,.00)|(1.00,.00)|2746.777361529057|24.586499776486363|0|null|2.761350809839544|0|null|false|0|false
75.85|(2729.74,1.04)|(1.00,.07)|2728.739842411217|24.586499776486363|2728|0|0|(2739.74,.00)|(2828.09,.00)|(2747.78,.00)|-0.85|1.00|0.00|(2749.74,.00)|(1.00,.00)|2748.739842411217|24.586499776486363|0|null|2.782859168930224|0|null|false|0|false
75.90|(2731.70,1.09)|(1.00,.06)|2730.7030697772166|24.586499776486363|2730|0|0|(2741.70,.00)|(2830.05,.00)|(2749.74,.00)|-0.90|1.00|0.00|(2751.70,.00)|(1.00,.00)|2750.7030697772166|24.586499776486363|0|null|2.798309351298106|0|null|false|0|false
75.95|(2733.67,1.13)|(1.00,.05)|2732.6669267740212|24.586499776486363|2732|0|0|(2743.67,.00)|(2832.01,.00)|(2751.70,.00)|-0.90|1.00|0.00|(2753.67,.00)|(1.00,.00)|2752.6669267740212|24.586499776486363|0|null|2.808220486394472|0|null|false|0|false
76.00|(2735.63,1.14)|(1.00,.04)|2734.631192004905|24.586499776486363|2734|0|0|(2745.63,.00)|(2833.98,.00)|(2753.67,.00)|-0.90|1.00|0.00|(2755.63,.00)|(1.00,.00)|2754.631192004905|24.586499776486363|0|null|2.812571089671402|0|null|false|0|false
76.05|(2737.60,1.14)|(1.00,.03)|2736.5958567713164|24.586499776486363|2736|0|0|(2747.60,.00)|(2835.94,.00)|(2755.63,.00)|-0.83|1.00|0.00|(2757.60,.00)|(1.00,.00)|2756.5958567713164|24.586499776486363|0|null|2.8125414310306747|0|null|false|0|false
76.10|(2739.56,1.12)|(1.00,.02)|2738.5605335067853|24.586499776486363|2738|0|0|(2749.56,.00)|(2837.91,.00)|(2757.60,.00)|-0.83|1.00|0.00|(2759.56,.00)|(1.00,.00)|2758.5605335067853|24.586499776486363|0|null|2.807338754985383|0|null|false|0|false
76.15|(2741.53,1.09)|(1.00,.01)|2740.5250309209637|24.586499776486363|2740|0|0|(2751.53,.00)|(2839.87,.00)|(2759.56,.00)|-0.83|1.00|0.00|(2761.53,.00)|(1.00,.00)|2760.5250309209637|24.586499776486363|0|null|2.7969641942909584|0|null|false|0|false
76.20|(2743.49,1.03)|(1.00,.00)|2742.489159053933|24.586499776486363|2742|0|0|(2753.49,.00)|(2841.84,.00)|(2761.53,.00)|-0.83|1.00|0.00|(2763.49,.00)|(1.00,.00)|2762.489159053933|24.586499776486363|0|null|2.7814232465965016|0|null|false|0|false
76.25|(2745.45,.97)|(1.00,-.00)|2744.4535955506694|24.586499776486363|2744|0|0|(2755.45,.00)|(2843.80,.00)|(2763.49,.00)|-0.62|1.00|0.00|(2765.45,.00)|(1.00,.00)|2764.4535955506694|24.586499776486363|0|null|2.7643172993054264|0|null|false|0|false
76.30|(2747.42,.89)|(1.00,-.01)|2746.4175791180824|24.586499776486363|2746|0|0|(2757.42,.00)|(2845.76,.00)|(2765.45,.00)|-0.62|1.00|0.00|(2767.42,.00)|(1.00,.00)|2766.4175791180824|24.586499776486363|0|null|2.743299563833684|0|null|false|0|false
76.35|(2749.38,.80)|(1.00,-.02)|2748.381004842145|24.586499776486363|2748|0|0|(2759.38,.00)|(2847.73,.00)|(2767.42,.00)|-0.62|1.00|0.00|(2769.38,.00)|(1.00,.00)|2768.381004842145|24.586499776486363|0|null|2.718395087578897|0|null|false|0|false
76.40|(2751.34,.69)|(1.00,-.03)|2750.343770335464|24.586499776486363|2750|0|0|(2761.34,.00)|(2849.69,.00)|(2769.38,.00)|-0.62|1.00|0.00|(2771.34,.00)|(1.00,.00)|2770.343770335464|24.586499776486363|0|null|2.6896292482683126|0|null|false|0|false
76.45|(2753.31,.59)|(1.00,-.03)|2752.306717807752|24.586499776486363|2752|0|0|(2763.31,.00)|(2851.65,.00)|(2771.34,.00)|-0.40|1.00|0.00|(2773.31,.00)|(1.00,.00)|2772.306717807752|24.586499776486363|0|null|2.6607288825763797|0|null|false|0|false
76.50|(2755.27,.47)|(1.00,-.04)|2754.2691803788484|24.586499776486363|2754|0|0|(2765.27,.00)|(2853.62,.00)|(2773.31,.00)|-0.40|1.00|0.00|(2775.27,.00)|(1.00,.00)|2774.2691803788484|24.586499776486363|0|null|2.629287098464002|0|null|false|0|false
76.55|(2757.23,.35)|(1.00,-.05)|2756.231119113237|24.586499776486363|2756|0|0|(2767.23,.00)|(2855.58,.00)|(2775.27,.00)|-0.40|1.00|0.00|(2777.23,.00)|(1.00,.00)|2776.231119113237|24.586499776486363|0|null|2.5953383825219927|0|null|false|0|false
76.60|(2759.19,.24)|(1.00,-.05)|2758.1936342191043|24.586499776486363|2758|0|0|(2769.19,.00)|(2857.54,.00)|(2777.23,.00)|-0.09|1.00|0.00|(2779.19,.00)|(1.00,.00)|2778.1936342191043|24.586499776486363|0|null|2.564308721409457|0|null|false|0|false
76.65|(2761.16,.12)|(1.00,-.05)|2760.1560709073406|24.586499776486363|2760|0|0|(2771.16,.00)|(2859.50,.00)|(2779.19,.00)|-0.09|1.00|0.00|(2781.16,.00)|(1.00,.00)|2780.1560709073406|24.586499776486363|0|null|2.532682833531846|0|null|false|0|false
76.70|(2763.12,.00)|(1.00,-.05)|2762.1184328814825|24.586499776486363|2762|0|0|(2773.12,.00)|(2861.46,.00)|(2781.16,.00)|-0.09|1.00|0.00|(2783.12,.00)|(1.00,.00)|2782.1184328814825|24.586499776486363|0|null|2.500503167736748|0|null|false|0|false
76.75|(2765.08,-.10)|(1.00,-.05)|2764.081223655515|24.586499776486363|2764|0|0|(2775.08,.00)|(2863.43,.00)|(2783.12,.00)|0.12|1.00|0.00|(2785.08,.00)|(1.00,.00)|2784.081223655515|24.586499776486363|0|null|2.4714517926871524|0|null|false|0|false
76.80|(2767.04,-.21)|(1.00,-.05)|2766.0442273615517|24.586499776486363|2766|0|0|(2777.04,.00)|(2865.39,.00)|(2785.08,.00)|0.12|1.00|0.00|(2787.04,.00)|(1.00,.00)|2786.0442273615517|24.586499776486363|0|null|2.443166441159579|0|null|false|0|false
76.85|(2769.01,-.31)|(1.00,-.05)|2768.007443244774|24.586499776486363|2768|0|0|(2779.01,.00)|(2867.35,.00)|(2787.04,.00)|0.12|1.00|0.00|(2789.01,.00)|(1.00,.00)|2788.007443244774|24.586499776486363|0|null|2.4156865834734655|0|null|false|0|false
76.90|(2770.97,-.41)|(1.00,-.05)|2769.9708691351157|24.586499776486363|2769|0|0|(2780.97,.00)|(2869.32,.00)|(2789.01,.00)|0.12|1.00|0.00|(2790.97,.00)|(1.00,.00)|2789.9708691351157|24.586499776486363|0|null|2.3890457919863612|0|null|false|0|false
76.95|(2772.93,-.50)|(1.00,-.05)|2771.934501558985|24.586499776486363|2771|0|0|(2782.93,.00)|(2871.28,.00)|(2790.97,.00)|0.12|1.00|0.00|(2792.93,.00)|(1.00,.00)|2791.934501558985|24.586499776486363|0|null|2.3632720400275713|0|null|false|0|false
77.00|(2774.90,-.58)|(1.00,-.05)|2773.898530497035|24.586499776486363|2773|0|0|(2784.90,.00)|(2873.24,.00)|(2792.93,.00)|0.33|1.00|0.00|(2794.90,.00)|(1.00,.00)|2793.898530497035|24.586499776486363|0|null|2.341940358281361|0|null|false|0|false
77.05|(2776.86,-.65)|(1.00,-.05)|2775.862925141682|24.586499776486363|2775|0|0|(2786.86,.00)|(2875.21,.00)|(2794.90,.00)|0.33|1.00|0.00|(2796.86,.00)|(1.00,.00)|2795.862925141682|24.586499776486363|0|null|2.3227350169071537|0|null|false|0|false
77.10|(2778.83,-.71)|(1.00,-.04)|2777.827652424408|24.586499776486363|2777|0|0|(2788.83,.00)|(2877.17,.00)|(2796.86,.00)|0.33|1.00|0.00|(2798.83,.00)|(1.00,.00)|2797.827652424408|24.586499776486363|0|null|2.305681083738075|0|null|false|0|false
77.15|(2780.79,-.76)|(1.00,-.04)|2779.792631230358|24.586499776486363|2779|0|0|(2790.79,.00)|(2879.14,.00)|(2798.83,.00)|0.43|1.00|0.00|(2800.79,.00)|(1.00,.00)|2799.792631230358|24.586499776486363|0|null|2.2926480978849666|0|null|false|0|false
77.20|(2782.76,-.80)|(1.00,-.03)|2781.7579056633595|24.586499776486363|2781|0|0|(2792.76,.00)|(2881.10,.00)|(2800.79,.00)|0.43|1.00|0.00|(2802.76,.00)|(1.00,.00)|2801.7579056633595|24.586499776486363|0|null|2.2824361068859735|0|null|false|0|false
77.25|(2784.72,-.82)|(1.00,-.03)|2783.7234168609534|24.586499776486363|2783|0|0|(2794.72,.00)|(2883.07,.00)|(2802.76,.00)|0.43|1.00|0.00|(2804.72,.00)|(1.00,.00)|2803.7234168609534|24.586499776486363|0|null|2.275061876287632|0|null|false|0|false
77.30|(2786.69,-.84)|(1.00,-.02)|2785.689086142462|24.586499776486363|2785|0|0|(2796.69,.00)|(2885.04,.00)|(2804.72,.00)|0.45|1.00|0.00|(2806.69,.00)|(1.00,.00)|2805.689086142462|24.586499776486363|0|null|2.270760729918979|0|null|false|0|false
77.35|(2788.65,-.84)|(1.00,-.02)|2787.6548705161267|24.586499776486363|2787|0|0|(2798.65,.00)|(2887.00,.00)|(2806.69,.00)|0.45|1.00|0.00|(2808.65,.00)|(1.00,.00)|2807.6548705161267|24.586499776486363|0|null|2.2693948347062762|0|null|false|0|false
77.40|(2790.62,-.84)|(1.00,-.01)|2789.6207066263937|24.586499776486363|2789|0|0|(2800.62,.00)|(2888.97,.00)|(2808.65,.00)|0.45|1.00|0.00|(2810.62,.00)|(1.00,.00)|2809.6207066263937|24.586499776486363|0|null|2.2709702509866183|0|null|false|0|false
77.45|(2792.59,-.82)|(1.00,-.01)|2791.5865311698385|24.586499776486363|2791|0|0|(2802.59,.00)|(2890.93,.00)|(2810.62,.00)|0.45|1.00|0.00|(2812.59,.00)|(1.00,.00)|2811.5865311698385|24.586499776486363|0|null|2.2754902939822177|0|null|false|0|false
77.50|(2794.55,-.79)|(1.00,-.00)|2793.552281077408|24.586499776486363|2793|0|0|(2804.55,.00)|(2892.90,.00)|(2812.59,.00)|0.45|1.00|0.00|(2814.55,.00)|(1.00,.00)|2813.552281077408|24.586499776486363|0|null|2.282956078694153|0|null|false|0|false
77.55|(2796.52,-.76)|(1.00,.00)|2795.5178936427214|24.586499776486363|2795|0|0|(2806.52,.00)|(2894.86,.00)|(2814.55,.00)|0.45|1.00|0.00|(2816.52,.00)|(1.00,.00)|2815.5178936427214|24.586499776486363|0|null|2.29336703467433|0|null|false|0|false
77.60|(2798.48,-.71)|(1.00,.01)|2797.4833065999264|24.586499776486363|2797|0|0|(2808.48,.00)|(2896.83,.00)|(2816.52,.00)|0.45|1.00|0.00|(2818.48,.00)|(1.00,.00)|2817.4833065999264|24.586499776486363|0|null|2.3067213847442125|0|null|false|0|false
77.65|(2800.45,-.65)|(1.00,.01)|2799.4484581558036|24.586499776486363|2799|0|0|(2810.45,.00)|(2898.79,.00)|(2818.48,.00)|0.45|1.00|0.00|(2820.45,.00)|(1.00,.00)|2819.4484581558036|24.586499776486363|0|null|2.323016582312117|0|null|false|0|false
77.70|(2802.41,-.58)|(1.00,.02)|2801.413286981771|24.586499776486363|2801|0|0|(2812.41,.00)|(2900.76,.00)|(2820.45,.00)|0.45|1.00|0.00|(2822.41,.00)|(1.00,.00)|2821.413286981771|24.586499776486363|0|null|2.3422497026324014|0|null|false|0|false
77.75|(2804.38,-.50)|(1.00,.02)|2803.3777321721723|24.586499776486363|2803|0|0|(2814.38,.00)|(2902.72,.00)|(2822.41,.00)|0.45|1.00|0.00|(2824.38,.00)|(1.00,.00)|2823.3777321721723|24.586499776486363|0|null|2.3644177841373715|0|null|false|0|false
77.80|(2806.34,-.40)|(1.00,.03)|2805.341733175752|24.586499776486363|2805|0|0|(2816.34,.00)|(2904.69,.00)|(2824.38,.00)|0.45|1.00|0.00|(2826.34,.00)|(1.00,.00)|2825.341733175752|24.586499776486363|0|null|2.3895181168412205|0|null|false|0|false
77.85|(2808.31,-.30)|(1.00,.03)|2807.3052297075074|24.586499776486363|2807|0|0|(2818.31,.00)|(2906.65,.00)|(2826.34,.00)|0.45|1.00|0.00|(2828.31,.00)|(1.00,.00)|2827.3052297075074|24.586499776486363|0|null|2.41754847574789|0|null|false|0|false
77.90|(2810.27,-.19)|(1.00,.04)|2809.268161648219|24.586499776486363|2809|0|0|(2820.27,.00)|(2908.61,.00)|(2828.31,.00)|0.45|1.00|0.00|(2830.27,.00)|(1.00,.00)|2829.268161648219|24.586499776486363|0|null|2.4485072981728226|0|null|false|0|false
77.95|(2812.23,-.06)|(1.00,.05)|2811.2304689388443|24.586499776486363|2811|0|0|(2822.23,.00)|(2910.58,.00)|(2830.27,.00)|0.45|1.00|0.00|(2832.23,.00)|(1.00,.00)|2831.2304689388443|24.586499776486363|0|null|2.482393804892381|0|null|false|0|false
78.00|(2814.19,.07)|(1.00,.05)|2813.192091476693|24.586499776486363|2813|0|0|(2824.19,.00)|(2912.54,.00)|(2832.23,.00)|0.45|1.00|0.00|(2834.19,.00)|(1.00,.00)|2833.192091476693|24.586499776486363|0|null|2.5192080660436655|0|null|false|0|false
78.05|(2816.15,.22)|(1.00,.06)|2815.1529690198595|24.586499776486363|2815|0|0|(2826.15,.00)|(2914.50,.00)|(2834.19,.00)|0.45|1.00|0.00|(2836.15,.00)|(1.00,.00)|2835.1529690198595|24.586499776486363|0|null|2.5589510136907454|0|null|false|0|false
78.10|(2818.11,.37)|(1.00,.06)|2817.1130411057857|24.586499776486363|2817|0|0|(2828.11,.00)|(2916.46,.00)|(2836.15,.00)|0.45|1.00|0.00|(2838.11,.00)|(1.00,.00)|2837.1130411057857|24.586499776486363|0|null|2.6016244039301255|0|null|false|0|false
78.15|(2820.07,.54)|(1.00,.07)|2819.072246989111|24.586499776486363|2819|0|0|(2830.07,.00)|(2918.42,.00)|(2838.11,.00)|0.45|1.00|0.00|(2840.07,.00)|(1.00,.00)|2839.072246989111|24.586499776486363|0|null|2.647230732308552|0|null|false|0|false
78.20|(2822.03,.67)|(1.00,.07)|2821.0336915982916|24.586499776486363|2821|0|0|(2832.03,.00)|(2920.38,.00)|(2840.07,.00)|-0.26|1.00|0.00|(2842.03,.00)|(1.00,.00)|2841.0336915982916|24.586499776486363|0|null|2.683631317031332|0|null|false|0|false
78.25|(2824.00,.80)|(1.00,.07)|2822.9955003538353|24.586499776486363|2822|0|0|(2834.00,.00)|(2922.34,.00)|(2842.03,.00)|-0.26|1.00|0.00|(2844.00,.00)|(1.00,.00)|2842.9955003538353|24.586499776486363|0|null|2.7188077491218685|0|null|false|0|false
78.30|(2825.96,.92)|(1.00,.07)|2824.957666220179|24.586499776486363|2824|0|0|(2835.96,.00)|(2924.30,.00)|(2844.00,.00)|-0.26|1.00|0.00|(2845.96,.00)|(1.00,.00)|2844.957666220179|24.586499776486363|0|null|2.7527261119450914|0|null|false|0|false
78.35|(2827.92,1.04)|(1.00,.06)|2826.9201806346546|24.586499776486363|2826|0|0|(2837.92,.00)|(2926.27,.00)|(2845.96,.00)|-0.26|1.00|0.00|(2847.92,.00)|(1.00,.00)|2846.9201806346546|24.586499776486363|0|null|2.7853567721144348|0|null|false|0|false
78.40|(2829.88,1.13)|(1.00,.06)|2828.8833937398804|24.586499776486363|2828|0|0|(2839.88,.00)|(2928.23,.00)|(2847.92,.00)|-0.76|1.00|0.00|(2849.88,.00)|(1.00,.00)|2848.8833937398804|24.586499776486363|0|null|2.808061606767665|0|null|false|0|false
78.45|(2831.85,1.19)|(1.00,.05)|2830.8473354785974|24.586499776486363|2830|0|0|(2841.85,.00)|(2930.19,.00)|(2849.88,.00)|-0.76|1.00|0.00|(2851.85,.00)|(1.00,.00)|2850.8473354785974|24.586499776486363|0|null|2.8264766345911645|0|null|false|0|false
78.50|(2833.81,1.25)|(1.00,.05)|2832.811874660061|24.586499776486363|2832|0|0|(2843.81,.00)|(2932.16,.00)|(2851.85,.00)|-0.76|1.00|0.00|(2853.81,.00)|(1.00,.00)|2852.811874660061|24.586499776486363|0|null|2.8405527070311356|0|null|false|0|false
78.55|(2835.78,1.28)|(1.00,.04)|2834.776750891907|24.586499776486363|2834|0|0|(2845.78,.00)|(2934.12,.00)|(2853.81,.00)|-0.82|1.00|0.00|(2855.78,.00)|(1.00,.00)|2854.776750891907|24.586499776486363|0|null|2.849188653711801|0|null|false|0|false
78.60|(2837.74,1.29)|(1.00,.03)|2836.7419397610774|24.586499776486363|2836|0|0|(2847.74,.00)|(2936.09,.00)|(2855.78,.00)|-0.82|1.00|0.00|(2857.74,.00)|(1.00,.00)|2856.7419397610774|24.586499776486363|0|null|2.8530400727622633|0|null|false|0|false
78.65|(2839.71,1.29)|(1.00,.02)|2838.7072756280363|24.586499776486363|2838|0|0|(2849.71,.00)|(2938.05,.00)|(2857.74,.00)|-0.82|1.00|0.00|(2859.71,.00)|(1.00,.00)|2858.7072756280363|24.586499776486363|0|null|2.852068657203019|0|null|false|0|false
78.70|(2841.67,1.27)|(1.00,.02)|2840.6725898979676|24.586499776486363|2840|0|0|(2851.67,.00)|(2940.02,.00)|(2859.71,.00)|-0.82|1.00|0.00|(2861.67,.00)|(1.00,.00)|2860.6725898979676|24.586499776486363|0|null|2.846240020173711|0|null|false|0|false
78.75|(2843.64,1.23)|(1.00,.01)|2842.638110193743|24.586499776486363|2842|0|0|(2853.64,.00)|(2941.98,.00)|(2861.67,.00)|-0.71|1.00|0.00|(2863.64,.00)|(1.00,.00)|2862.638110193743|24.586499776486363|0|null|2.8373815785968826|0|null|false|0|false
78.80|(2845.60,1.19)|(1.00,.00)|2844.603371600672|24.586499776486363|2844|0|0|(2855.60,.00)|(2943.95,.00)|(2863.64,.00)|-0.71|1.00|0.00|(2865.60,.00)|(1.00,.00)|2864.603371600672|24.586499776486363|0|null|2.8242447244911073|0|null|false|0|false
78.85|(2847.57,1.12)|(1.00,-.01)|2846.5682412430583|24.586499776486363|2846|0|0|(2857.57,.00)|(2945.91,.00)|(2865.60,.00)|-0.71|1.00|0.00|(2867.57,.00)|(1.00,.00)|2866.5682412430583|24.586499776486363|0|null|2.8068090251739823|0|null|false|0|false
78.90|(2849.53,1.05)|(1.00,-.01)|2848.5332314897387|24.586499776486363|2848|0|0|(2859.53,.00)|(2947.88,.00)|(2867.57,.00)|-0.56|1.00|0.00|(2869.53,.00)|(1.00,.00)|2868.5332314897387|24.586499776486363|0|null|2.7877305685481515|0|null|false|0|false
78.95|(2851.50,.97)|(1.00,-.02)|2850.497772811191|24.586499776486363|2850|0|0|(2861.50,.00)|(2949.84,.00)|(2869.53,.00)|-0.56|1.00|0.00|(2871.50,.00)|(1.00,.00)|2870.497772811191|24.586499776486363|0|null|2.7652339273986697|0|null|false|0|false
79.00|(2853.46,.88)|(1.00,-.03)|2852.461780507059|24.586499776486363|2852|0|0|(2863.46,.00)|(2951.81,.00)|(2871.50,.00)|-0.56|1.00|0.00|(2873.46,.00)|(1.00,.00)|2872.461780507059|24.586499776486363|0|null|2.7393088358563844|0|null|false|0|false
79.05|(2855.43,.77)|(1.00,-.03)|2854.425169314936|24.586499776486363|2854|0|0|(2865.43,.00)|(2953.77,.00)|(2873.46,.00)|-0.56|1.00|0.00|(2875.43,.00)|(1.00,.00)|2874.425169314936|24.586499776486363|0|null|2.709944276189678|0|null|false|0|false
79.10|(2857.39,.66)|(1.00,-.04)|2856.388713090662|24.586499776486363|2856|0|0|(2867.39,.00)|(2955.73,.00)|(2875.43,.00)|-0.37|1.00|0.00|(2877.39,.00)|(1.00,.00)|2876.388713090662|24.586499776486363|0|null|2.6804056327939723|0|null|false|0|false
79.15|(2859.35,.54)|(1.00,-.04)|2858.3517909169864|24.586499776486363|2858|0|0|(2869.35,.00)|(2957.70,.00)|(2877.39,.00)|-0.37|1.00|0.00|(2879.35,.00)|(1.00,.00)|2878.3517909169864|24.586499776486363|0|null|2.6485277740316384|0|null|false|0|false
79.20|(2861.31,.42)|(1.00,-.05)|2860.314362820731|24.586499776486363|2860|0|0|(2871.31,.00)|(2959.66,.00)|(2879.35,.00)|-0.37|1.00|0.00|(2881.31,.00)|(1.00,.00)|2880.314362820731|24.586499776486363|0|null|2.614306889548683|0|null|false|0|false
79.25|(2863.28,.28)|(1.00,-.05)|2862.2763883517396|24.586499776486363|2862|0|0|(2873.28,.00)|(2961.62,.00)|(2881.31,.00)|-0.37|1.00|0.00|(2883.28,.00)|(1.00,.00)|2882.2763883517396|24.586499776486363|0|null|2.5777372738621764|0|null|false|0|false
79.30|(2865.24,.17)|(1.00,-.05)|2864.2393218200104|24.586499776486363|2864|0|0|(2875.24,.00)|(2963.59,.00)|(2883.28,.00)|0.02|1.00|0.00|(2885.24,.00)|(1.00,.00)|2884.2393218200104|24.586499776486363|0|null|2.545425726359636|0|null|false|0|false
79.35|(2867.20,.05)|(1.00,-.06)|2866.202276987957|24.586499776486363|2866|0|0|(2877.20,.00)|(2965.55,.00)|(2885.24,.00)|0.02|1.00|0.00|(2887.20,.00)|(1.00,.00)|2886.202276987957|24.586499776486363|0|null|2.513018083630245|0|null|false|0|false
79.40|(2869.17,-.07)|(1.00,-.06)|2868.1652531657633|24.586499776486363|2868|0|0|(2879.17,.00)|(2967.51,.00)|(2887.20,.00)|0.02|1.00|0.00|(2889.17,.00)|(1.00,.00)|2888.1652531657633|24.586499776486363|0|null|2.480524843549243|0|null|false|0|false
79.45|(2871.13,-.18)|(1.00,-.06)|2870.128707634379|24.586499776486363|2870|0|0|(2881.13,.00)|(2969.47,.00)|(2889.17,.00)|0.21|1.00|0.00|(2891.13,.00)|(1.00,.00)|2890.128707634379|24.586499776486363|0|null|2.4512540267775664|0|null|false|0|false
79.50|(2873.09,-.28)|(1.00,-.06)|2872.09242538813|24.586499776486363|2872|0|0|(2883.09,.00)|(2971.44,.00)|(2891.13,.00)|0.21|1.00|0.00|(2893.09,.00)|(1.00,.00)|2892.09242538813|24.586499776486363|0|null|2.423041815133246|0|null|false|0|false
79.55|(2875.06,-.38)|(1.00,-.05)|2874.056396955745|24.586499776486363|2874|0|0|(2885.06,.00)|(2973.40,.00)|(2893.09,.00)|0.21|1.00|0.00|(2895.06,.00)|(1.00,.00)|2894.056396955745|24.586499776486363|0|null|2.395901452789932|0|null|false|0|false
79.60|(2877.02,-.48)|(1.00,-.05)|2876.020612311397|24.586499776486363|2876|0|0|(2887.02,.00)|(2975.37,.00)|(2895.06,.00)|0.21|1.00|0.00|(2897.02,.00)|(1.00,.00)|2896.020612311397|24.586499776486363|0|null|2.369843319922622|0|null|false|0|false
79.65|(2878.99,-.56)|(1.00,-.05)|2877.9852320045775|24.586499776486363|2877|0|0|(2888.99,.00)|(2977.33,.00)|(2897.02,.00)|0.35|1.00|0.00|(2898.99,.00)|(1.00,.00)|2897.9852320045775|24.586499776486363|0|null|2.347364761945818|0|null|false|0|false
79.70|(2880.95,-.63)|(1.00,-.05)|2879.950195316724|24.586499776486363|2879|0|0|(2890.95,.00)|(2979.30,.00)|(2898.99,.00)|0.35|1.00|0.00|(2900.95,.00)|(1.00,.00)|2899.950195316724|24.586499776486363|0|null|2.3268368762199056|0|null|false|0|false
79.75|(2882.92,-.70)|(1.00,-.04)|2881.915473032475|24.586499776486363|2881|0|0|(2892.92,.00)|(2981.26,.00)|(2900.95,.00)|0.35|1.00|0.00|(2902.92,.00)|(1.00,.00)|2901.915473032475|24.586499776486363|0|null|2.3082727692073375|0|null|false|0|false
79.80|(2884.88,-.76)|(1.00,-.04)|2883.881035552963|24.586499776486363|2883|0|0|(2894.88,.00)|(2983.23,.00)|(2902.92,.00)|0.35|1.00|0.00|(2904.88,.00)|(1.00,.00)|2903.881035552963|24.586499776486363|0|null|2.2916837641112418|0|null|false|0|false
79.85|(2886.85,-.81)|(1.00,-.04)|2885.8468285709946|24.586499776486363|2885|0|0|(2896.85,.00)|(2985.19,.00)|(2904.88,.00)|0.48|1.00|0.00|(2906.85,.00)|(1.00,.00)|2905.8468285709946|24.586499776486363|0|null|2.2793180115541727|0|null|false|0|false
79.90|(2888.81,-.84)|(1.00,-.03)|2887.812883356633|24.586499776486363|2887|0|0|(2898.81,.00)|(2987.16,.00)|(2906.85,.00)|0.48|1.00|0.00|(2908.81,.00)|(1.00,.00)|2907.812883356633|24.586499776486363|0|null|2.269714740404882|0|null|false|0|false
79.95|(2890.78,-.87)|(1.00,-.03)|2889.7791436841844|24.586499776486363|2889|0|0|(2900.78,.00)|(2989.13,.00)|(2908.81,.00)|0.48|1.00|0.00|(2910.78,.00)|(1.00,.00)|2909.7791436841844|24.586499776486363|0|null|2.2628897824320395|0|null|false|0|false
80.00|(2892.75,-.88)|(1.00,-.02)|2891.7455502803377|24.586499776486363|2891|0|0|(2902.75,.00)|(2991.09,.00)|(2910.78,.00)|0.49|1.00|0.00|(2912.75,.00)|(1.00,.00)|2911.7455502803377|24.586499776486363|0|null|2.258892586299673|0|null|false|0|false
80.05|(2894.71,-.89)|(1.00,-.02)|2893.7120481790516|24.586499776486363|2893|0|0|(2904.71,.00)|(2993.06,.00)|(2912.75,.00)|0.49|1.00|0.00|(2914.71,.00)|(1.00,.00)|2913.7120481790516|24.586499776486363|0|null|2.257714330307043|0|null|false|0|false
80.10|(2896.68,-.88)|(1.00,-.01)|2895.678579357231|24.586499776486363|2895|0|0|(2906.68,.00)|(2995.02,.00)|(2914.71,.00)|0.49|1.00|0.00|(2916.68,.00)|(1.00,.00)|2915.678579357231|24.586499776486363|0|null|2.2593685412293802|0|null|false|0|false
80.15|(2898.65,-.86)|(1.00,-.01)|2897.6450854050477|24.586499776486363|2897|0|0|(2908.65,.00)|(2996.99,.00)|(2916.68,.00)|0.49|1.00|0.00|(2918.65,.00)|(1.00,.00)|2917.6450854050477|24.586499776486363|0|null|2.263868363683528|0|null|false|0|false
80.20|(2900.61,-.84)|(1.00,-.00)|2899.611507521604|24.586499776486363|2899|0|0|(2910.61,.00)|(2998.96,.00)|(2918.65,.00)|0.49|1.00|0.00|(2920.61,.00)|(1.00,.00)|2919.611507521604|24.586499776486363|0|null|2.271226682043891|0|null|false|0|false
80.25|(2902.58,-.80)|(1.00,.00)|2901.5779353714174|24.586499776486363|2901|0|0|(2912.58,.00)|(3000.92,.00)|(2920.61,.00)|0.42|1.00|0.00|(2922.58,.00)|(1.00,.00)|2921.5779353714174|24.586499776486363|0|null|2.280376916867866|0|null|false|0|false
80.30|(2904.54,-.76)|(1.00,.01)|2903.54420838778|24.586499776486363|2903|0|0|(2914.54,.00)|(3002.89,.00)|(2922.58,.00)|0.42|1.00|0.00|(2924.54,.00)|(1.00,.00)|2923.54420838778|24.586499776486363|0|null|2.2920402470185284|0|null|false|0|false
80.35|(2906.51,-.71)|(1.00,.01)|2905.5102809251343|24.586499776486363|2905|0|0|(2916.51,.00)|(3004.86,.00)|(2924.54,.00)|0.42|1.00|0.00|(2926.51,.00)|(1.00,.00)|2925.5102809251343|24.586499776486363|0|null|2.3062256383432898|0|null|false|0|false
80.40|(2908.48,-.65)|(1.00,.02)|2907.476107085983|24.586499776486363|2907|0|0|(2918.48,.00)|(3006.82,.00)|(2926.51,.00)|0.42|1.00|0.00|(2928.48,.00)|(1.00,.00)|2927.476107085983|24.586499776486363|0|null|2.322942178150215|0|null|false|0|false
80.45|(2910.44,-.58)|(1.00,.02)|2909.4416406980145|24.586499776486363|2909|0|0|(2920.44,.00)|(3008.79,.00)|(2928.48,.00)|0.42|1.00|0.00|(2930.44,.00)|(1.00,.00)|2929.4416406980145|24.586499776486363|0|null|2.3421989419950973|0|null|false|0|false
80.50|(2912.41,-.50)|(1.00,.03)|2911.406835308456|24.586499776486363|2911|0|0|(2922.41,.00)|(3010.75,.00)|(2930.44,.00)|0.42|1.00|0.00|(2932.41,.00)|(1.00,.00)|2931.406835308456|24.586499776486363|0|null|2.3640048329747287|0|null|false|0|false
80.55|(2914.37,-.41)|(1.00,.03)|2913.371644197766|24.586499776486363|2913|0|0|(2924.37,.00)|(3012.72,.00)|(2932.41,.00)|0.42|1.00|0.00|(2934.37,.00)|(1.00,.00)|2933.371644197766|24.586499776486363|0|null|2.388368400515299|0|null|false|0|false
80.60|(2916.34,-.31)|(1.00,.04)|2915.336020413794|24.586499776486363|2915|0|0|(2926.34,.00)|(3014.68,.00)|(2934.37,.00)|0.42|1.00|0.00|(2936.34,.00)|(1.00,.00)|2935.336020413794|24.586499776486363|0|null|2.4152976458510547|0|null|false|0|false
80.65|(2918.30,-.20)|(1.00,.04)|2917.2999168265565|24.586499776486363|2917|0|0|(2928.30,.00)|(3016.65,.00)|(2936.34,.00)|0.42|1.00|0.00|(2938.30,.00)|(1.00,.00)|2937.2999168265565|24.586499776486363|0|null|2.444799821443465|0|null|false|0|false
80.70|(2920.26,-.08)|(1.00,.04)|2919.2632862028136|24.586499776486363|2919|0|0|(2930.26,.00)|(3018.61,.00)|(2938.30,.00)|0.42|1.00|0.00|(2940.26,.00)|(1.00,.00)|2939.2632862028136|24.586499776486363|0|null|2.4768812314947373|0|null|false|0|false
80.75|(2922.23,.04)|(1.00,.05)|2921.2260812987192|24.586499776486363|2921|0|0|(2932.23,.00)|(3020.57,.00)|(2940.26,.00)|0.42|1.00|0.00|(2942.23,.00)|(1.00,.00)|2941.2260812987192|24.586499776486363|0|null|2.5115470404641496|0|null|false|0|false
80.80|(2924.19,.18)|(1.00,.05)|2923.1882549679744|24.586499776486363|2923|0|0|(2934.19,.00)|(3022.53,.00)|(2942.23,.00)|0.42|1.00|0.00|(2944.19,.00)|(1.00,.00)|2943.1882549679744|24.586499776486363|0|null|2.5488010961072383|0|null|false|0|false
80.85|(2926.15,.32)|(1.00,.06)|2925.1497602821655|24.586499776486363|2925|0|0|(2936.15,.00)|(3024.50,.00)|(2944.19,.00)|0.42|1.00|0.00|(2946.15,.00)|(1.00,.00)|2945.1497602821655|24.586499776486363|0|null|2.588645773035222|0|null|false|0|false
80.90|(2928.11,.48)|(1.00,.06)|2927.1105506593535|24.586499776486363|2927|0|0|(2938.11,.00)|(3026.46,.00)|(2946.15,.00)|0.42|1.00|0.00|(2948.11,.00)|(1.00,.00)|2947.1105506593535|24.586499776486363|0|null|2.6310818421470294|0|null|false|0|false
80.95|(2930.07,.64)|(1.00,.07)|2929.0705799964826|24.586499776486363|2929|0|0|(2940.07,.00)|(3028.42,.00)|(2948.11,.00)|0.42|1.00|0.00|(2950.07,.00)|(1.00,.00)|2949.0705799964826|24.586499776486363|0|null|2.676108370533369|0|null|false|0|false
81.00|(2932.03,.82)|(1.00,.07)|2931.029802800853|24.586499776486363|2931|0|0|(2942.03,.00)|(3030.38,.00)|(2950.07,.00)|0.42|1.00|0.00|(2952.03,.00)|(1.00,.00)|2951.029802800853|24.586499776486363|0|null|2.7237226556082708|0|null|false|0|false
81.05|(2933.99,1.00)|(1.00,.08)|2932.9881743157252|24.586499776486363|2932|0|0|(2943.99,.00)|(3032.33,.00)|(2952.03,.00)|0.42|1.00|0.00|(2953.99,.00)|(1.00,.00)|2952.9881743157252|24.586499776486363|0|null|2.7739201963072473|0|null|false|0|false
81.10|(2935.95,1.20)|(1.00,.08)|2934.9456506351403|24.586499776486363|2934|0|0|(2945.95,.00)|(3034.29,.00)|(2953.99,.00)|0.42|1.00|0.00|(2955.95,.00)|(1.00,.00)|2954.9456506351403|24.586499776486363|0|null|2.8266947032229797|0|null|false|0|false
81.15|(2937.90,1.40)|(1.00,.09)|2936.902188803192|24.586499776486363|2936|0|0|(2947.90,.00)|(3036.25,.00)|(2955.95,.00)|0.42|1.00|0.00|(2957.90,.00)|(1.00,.00)|2956.902188803192|24.586499776486363|0|null|2.8820381485507007|0|null|false|0|false
81.20|(2939.86,1.61)|(1.00,.09)|2938.857746893351|24.586499776486363|2938|0|0|(2949.86,.00)|(3038.20,.00)|(2957.90,.00)|0.42|1.00|0.00|(2959.86,.00)|(1.00,.00)|2958.857746893351|24.586499776486363|0|null|2.939940855708163|0|null|false|0|false
81.25|(2941.81,1.83)|(1.00,.10)|2940.8122840639166|24.586499776486363|2940|0|0|(2951.81,.00)|(3040.16,.00)|(2959.86,.00)|0.42|1.00|0.00|(2961.81,.00)|(1.00,.00)|2960.8122840639166|24.586499776486363|0|null|3.000391627501419|0|null|false|0|false
81.30|(2943.77,2.06)|(.99,.10)|2942.7657605863196|24.586499776486363|2942|0|0|(2953.77,.00)|(3042.11,.00)|(2961.81,.00)|0.42|1.00|0.00|(2963.77,.00)|(1.00,.00)|2962.7657605863196|24.586499776486363|0|null|3.063377910749173|0|null|false|0|false
81.35|(2945.72,2.30)|(.99,.11)|2944.7181378437363|24.586499776486363|2944|0|0|(2955.72,.00)|(3044.06,.00)|(2963.77,.00)|0.42|1.00|0.00|(2965.72,.00)|(1.00,.00)|2964.7181378437363|24.586499776486363|0|null|3.128885994376036|0|null|false|0|false
81.40|(2947.67,2.55)|(.99,.11)|2946.6693782983334|24.586499776486363|2946|0|0|(2957.67,.00)|(3046.02,.00)|(2965.72,.00)|0.42|1.00|0.00|(2967.67,.00)|(1.00,.00)|2966.6693782983334|24.586499776486363|0|null|3.196901237157955|0|null|false|0|false
81.45|(2949.62,2.81)|(.99,.12)|2948.6194454263623|24.586499776486363|2948|0|0|(2959.62,.00)|(3047.97,.00)|(2967.67,.00)|0.42|1.00|0.00|(2969.62,.00)|(1.00,.00)|2968.6194454263623|24.586499776486363|0|null|3.267408320569031|0|null|false|0|false
81.50|(2951.58,2.98)|(.99,.11)|2950.57553549309|24.586499776486363|2950|0|0|(2961.58,.00)|(3049.92,.00)|(2969.62,.00)|-1.09|1.00|0.00|(2971.58,.00)|(1.00,.00)|2970.57553549309|24.586499776486363|0|null|3.3143298671331247|0|null|false|0|false
81.55|(2953.53,3.13)|(.99,.10)|2952.5338005158605|24.586499776486363|2952|0|0|(2963.53,.00)|(3051.88,.00)|(2971.58,.00)|-1.09|1.00|0.00|(2973.53,.00)|(1.00,.00)|2972.5338005158605|24.586499776486363|0|null|3.354790687990363|0|null|false|0|false
81.60|(2955.49,3.25)|(1.00,.09)|2954.493957245053|24.586499776486363|2954|0|0|(2965.49,.00)|(3053.84,.00)|(2973.53,.00)|-1.09|1.00|0.00|(2975.49,.00)|(1.00,.00)|2974.493957245053|24.586499776486363|0|null|3.388684924466593|0|null|false|0|false
81.65|(2957.46,3.35)|(1.00,.08)|2956.4557087709163|24.586499776486363|2956|0|0|(2967.46,.00)|(3055.80,.00)|(2975.49,.00)|-1.09|1.00|0.00|(2977.46,.00)|(1.00,.00)|2976.4557087709163|24.586499776486363|0|null|3.415917168360228|0|null|false|0|false
81.70|(2959.42,3.38)|(1.00,.06)|2958.4159591336675|24.586499776486363|2958|0|0|(2969.42,.00)|(3057.76,.00)|(2977.46,.00)|-1.80|1.00|0.00|(2979.42,.00)|(1.00,.00)|2978.4159591336675|24.586499776486363|0|null|3.424240439360628|0|null|false|0|false
81.75|(2961.38,3.37)|(1.00,.05)|2960.376797781225|24.586499776486363|2960|0|0|(2971.38,.00)|(3059.72,.00)|(2979.42,.00)|-1.80|1.00|0.00|(2981.38,.00)|(1.00,.00)|2980.376797781225|24.586499776486363|0|null|3.4215747645948116|0|null|false|0|false
81.80|(2963.34,3.32)|(1.00,.03)|2962.337359722532|24.586499776486363|2962|0|0|(2973.34,.00)|(3061.68,.00)|(2981.38,.00)|-1.80|1.00|0.00|(2983.34,.00)|(1.00,.00)|2982.337359722532|24.586499776486363|0|null|3.4078158589764476|0|null|false|0|false
81.85|(2965.30,3.23)|(1.00,.01)|2964.2967613166493|24.586499776486363|2964|0|0|(2975.30,.00)|(3063.64,.00)|(2983.34,.00)|-1.80|1.00|0.00|(2985.30,.00)|(1.00,.00)|2984.2967613166493|24.586499776486363|0|null|3.382877143231898|0|null|false|0|false
81.90|(2967.26,3.12)|(1.00,-.01)|2966.2570208874354|24.586499776486363|2966|0|0|(2977.26,.00)|(3065.60,.00)|(2985.30,.00)|-1.49|1.00|0.00|(2987.26,.00)|(1.00,.00)|2986.2570208874354|24.586499776486363|0|null|3.3520240544781004|0|null|false|0|false
81.95|(2969.22,2.97)|(1.00,-.02)|2968.2151695110206|24.586499776486363|2968|0|0|(2979.22,.00)|(3067.56,.00)|(2987.26,.00)|-1.49|1.00|0.00|(2989.22,.00)|(1.00,.00)|2988.2151695110206|24.586499776486363|0|null|3.3116996860061882|0|null|false|0|false
82.00|(2971.17,2.79)|(1.00,-.04)|2970.170565398058|24.586499776486363|2970|0|0|(2981.17,.00)|(3069.52,.00)|(2989.22,.00)|-1.49|1.00|0.00|(2991.17,.00)|(1.00,.00)|2990.170565398058|24.586499776486363|0|null|3.2618767727136246|0|null|false|0|false
82.05|(2973.13,2.60)|(1.00,-.05)|2972.126862103464|24.586499776486363|2972|0|0|(2983.13,.00)|(3071.47,.00)|(2991.17,.00)|-1.06|1.00|0.00|(2993.13,.00)|(1.00,.00)|2992.126862103464|24.586499776486363|0|null|3.209856806191601|0|null|false|0|false
82.10|(2975.08,2.38)|(1.00,-.07)|2974.080589243108|24.586499776486363|2974|0|0|(2985.08,.00)|(3073.43,.00)|(2993.13,.00)|-1.06|1.00|0.00|(2995.08,.00)|(1.00,.00)|2994.080589243108|24.586499776486363|0|null|3.1508261978363494|0|null|false|0|false
82.15|(2977.03,2.14)|(1.00,-.08)|2976.0314054731034|24.586499776486363|2976|0|0|(2987.03,.00)|(3075.38,.00)|(2995.08,.00)|-1.06|1.00|0.00|(2997.03,.00)|(1.00,.00)|2996.0314054731034|24.586499776486363|0|null|3.0848018687513217|0|null|false|0|false
82.20|(2978.98,1.87)|(1.00,-.09)|2977.97897392904|24.586499776486363|2977|0|0|(2988.98,.00)|(3077.32,.00)|(2997.03,.00)|-1.06|1.00|0.00|(2998.98,.00)|(1.00,.00)|2997.97897392904|24.586499776486363|0|null|3.0118058298840227|0|null|false|0|false
82.25|(2980.93,1.62)|(.99,-.10)|2979.929212873576|24.586499776486363|2979|0|0|(2990.93,.00)|(3079.28,.00)|(2998.98,.00)|-0.42|1.00|0.00|(3000.93,.00)|(1.00,.00)|2999.929212873576|24.586499776486363|0|null|2.942776643217967|0|null|false|0|false
82.30|(2982.88,1.36)|(.99,-.11)|2981.8779916181147|24.586499776486363|2981|0|0|(2992.88,.00)|(3081.22,.00)|(3000.93,.00)|-0.42|1.00|0.00|(3002.88,.00)|(1.00,.00)|3001.8779916181147|24.586499776486363|0|null|2.870566690696074|0|null|false|0|false
82.35|(2984.83,1.08)|(.99,-.12)|2983.8252620726366|24.586499776486363|2983|0|0|(2994.83,.00)|(3083.17,.00)|(3002.88,.00)|-0.42|1.00|0.00|(3004.83,.00)|(1.00,.00)|3003.8252620726366|24.586499776486363|0|null|2.795234121341104|0|null|false|0|false
82.40|(2986.77,.82)|(.99,-.12)|2985.774612791843|24.586499776486363|2985|0|0|(2996.77,.00)|(3085.12,.00)|(3004.83,.00)|0.06|1.00|0.00|(3006.77,.00)|(1.00,.00)|3005.774612791843|24.586499776486363|0|null|2.724983829976192|0|null|false|0|false
82.45|(2988.72,.57)|(.99,-.12)|2987.723979363077|24.586499776486363|2987|0|0|(2998.72,.00)|(3087.07,.00)|(3006.77,.00)|0.06|1.00|0.00|(3008.72,.00)|(1.00,.00)|3007.723979363077|24.586499776486363|0|null|2.654507471191723|0|null|false|0|false
82.50|(2990.67,.31)|(.99,-.12)|2989.6733879949875|24.586499776486363|2989|0|0|(3000.67,.00)|(3089.02,.00)|(3008.72,.00)|0.06|1.00|0.00|(3010.67,.00)|(1.00,.00)|3009.6733879949875|24.586499776486363|0|null|2.583883184967135|0|null|false|0|false
82.55|(2992.62,.05)|(.99,-.13)|2991.622864098684|24.586499776486363|2991|0|0|(3002.62,.00)|(3090.97,.00)|(3010.67,.00)|0.06|1.00|0.00|(3012.62,.00)|(1.00,.00)|3011.622864098684|24.586499776486363|0|null|2.5131846956317334|0|null|false|0|false
82.60|(2994.57,-.19)|(.99,-.12)|2993.574588415611|24.586499776486363|2993|0|0|(3004.57,.00)|(3092.92,.00)|(3012.62,.00)|0.46|1.00|0.00|(3014.57,.00)|(1.00,.00)|3013.574588415611|24.586499776486363|0|null|2.4493818359585036|0|null|false|0|false
82.65|(2996.53,-.41)|(.99,-.12)|2995.5275155727795|24.586499776486363|2995|0|0|(3006.53,.00)|(3094.87,.00)|(3014.57,.00)|0.46|1.00|0.00|(3016.53,.00)|(1.00,.00)|3015.5275155727795|24.586499776486363|0|null|2.3879972531407785|0|null|false|0|false
82.70|(2998.48,-.63)|(.99,-.12)|2997.481624190465|24.586499776486363|2997|0|0|(3008.48,.00)|(3096.83,.00)|(3016.53,.00)|0.46|1.00|0.00|(3018.48,.00)|(1.00,.00)|3017.481624190465|24.586499776486363|0|null|2.3291157070746276|0|null|false|0|false
82.75|(3000.44,-.83)|(.99,-.12)|2999.436887275374|24.586499776486363|2999|0|0|(3010.44,.00)|(3098.78,.00)|(3018.48,.00)|0.46|1.00|0.00|(3020.44,.00)|(1.00,.00)|3019.436887275374|24.586499776486363|0|null|2.2728152395379535|0|null|false|0|false
82.80|(3002.39,-1.00)|(.99,-.11)|3001.394291429485|24.586499776486363|3001|0|0|(3012.39,.00)|(3100.74,.00)|(3020.44,.00)|0.95|1.00|0.00|(3022.39,.00)|(1.00,.00)|3021.394291429485|24.586499776486363|0|null|2.2275674686283082|0|null|false|0|false
82.85|(3004.35,-1.14)|(.99,-.10)|3003.353546265591|24.586499776486363|3003|0|0|(3014.35,.00)|(3102.70,.00)|(3022.39,.00)|0.95|1.00|0.00|(3024.35,.00)|(1.00,.00)|3023.353546265591|24.586499776486363|0|null|2.1879115397246984|0|null|false|0|false
82.90|(3006.31,-1.27)|(1.00,-.09)|3005.314437442645|24.586499776486363|3005|0|0|(3016.31,.00)|(3104.66,.00)|(3024.35,.00)|0.95|1.00|0.00|(3026.31,.00)|(1.00,.00)|3025.314437442645|24.586499776486363|0|null|2.1539373849908383|0|null|false|0|false
82.95|(3008.28,-1.36)|(1.00,-.08)|3007.2766060224462|24.586499776486363|3007|0|0|(3018.28,.00)|(3106.62,.00)|(3026.31,.00)|1.07|1.00|0.00|(3028.28,.00)|(1.00,.00)|3027.2766060224462|24.586499776486363|0|null|2.1277847428818344|0|null|false|0|false
83.00|(3010.24,-1.43)|(1.00,-.07)|3009.2399965993777|24.586499776486363|3009|0|0|(3020.24,.00)|(3108.59,.00)|(3028.28,.00)|1.07|1.00|0.00|(3030.24,.00)|(1.00,.00)|3029.2399965993777|24.586499776486363|0|null|2.10817093735227|0|null|false|0|false
83.05|(3012.20,-1.48)|(1.00,-.06)|3011.204305517702|24.586499776486363|3011|0|0|(3022.20,.00)|(3110.55,.00)|(3030.24,.00)|1.07|1.00|0.00|(3032.20,.00)|(1.00,.00)|3031.204305517702|24.586499776486363|0|null|2.0951652487542853|0|null|false|0|false
83.10|(3014.17,-1.51)|(1.00,-.05)|3013.1693314192644|24.586499776486363|3013|0|0|(3024.17,.00)|(3112.52,.00)|(3032.20,.00)|1.03|1.00|0.00|(3034.17,.00)|(1.00,.00)|3033.1693314192644|24.586499776486363|0|null|2.0882270417686413|0|null|false|0|false
83.15|(3016.13,-1.51)|(1.00,-.04)|3015.134666260527|24.586499776486363|3015|0|0|(3026.13,.00)|(3114.48,.00)|(3034.17,.00)|1.03|1.00|0.00|(3036.13,.00)|(1.00,.00)|3035.134666260527|24.586499776486363|0|null|2.087801179749407|0|null|false|0|false
83.20|(3018.10,-1.49)|(1.00,-.03)|3017.1000066322126|24.586499776486363|3017|0|0|(3028.10,.00)|(3116.45,.00)|(3036.13,.00)|1.03|1.00|0.00|(3038.10,.00)|(1.00,.00)|3037.1000066322126|24.586499776486363|0|null|2.0939276001867118|0|null|false|0|false
83.25|(3020.07,-1.44)|(1.00,-.02)|3019.065045655625|24.586499776486363|3019|0|0|(3030.07,.00)|(3118.41,.00)|(3038.10,.00)|1.03|1.00|0.00|(3040.07,.00)|(1.00,.00)|3039.065045655625|24.586499776486363|0|null|2.1066383117439935|0|null|false|0|false
83.30|(3022.03,-1.38)|(1.00,-.01)|3021.030514663397|24.586499776486363|3021|0|0|(3032.03,.00)|(3120.38,.00)|(3040.07,.00)|0.82|1.00|0.00|(3042.03,.00)|(1.00,.00)|3041.030514663397|24.586499776486363|0|null|2.1222897110539325|0|null|false|0|false
83.35|(3024.00,-1.31)|(1.00,.01)|3022.995388728943|24.586499776486363|3022|0|0|(3034.00,.00)|(3122.34,.00)|(3042.03,.00)|0.82|1.00|0.00|(3044.00,.00)|(1.00,.00)|3042.995388728943|24.586499776486363|0|null|2.1433084224357244|0|null|false|0|false
83.40|(3025.96,-1.21)|(1.00,.02)|3024.9594643915834|24.586499776486363|3024|0|0|(3035.96,.00)|(3124.31,.00)|(3044.00,.00)|0.82|1.00|0.00|(3045.96,.00)|(1.00,.00)|3044.9594643915834|24.586499776486363|0|null|2.169695565177162|0|null|false|0|false
83.45|(3027.92,-1.11)|(1.00,.02)|3026.9237714017954|24.586499776486363|3026|0|0|(3037.92,.00)|(3126.27,.00)|(3045.96,.00)|0.58|1.00|0.00|(3047.92,.00)|(1.00,.00)|3046.9237714017954|24.586499776486363|0|null|2.197305230706088|0|null|false|0|false
83.50|(3029.89,-.99)|(1.00,.03)|3028.8873313712393|24.586499776486363|3028|0|0|(3039.89,.00)|(3128.23,.00)|(3047.92,.00)|0.58|1.00|0.00|(3049.89,.00)|(1.00,.00)|3048.8873313712393|24.586499776486363|0|null|2.2288520659963176|0|null|false|0|false
83.55|(3031.85,-.86)|(1.00,.04)|3030.850039285488|24.586499776486363|3030|0|0|(3041.85,.00)|(3130.20,.00)|(3049.89,.00)|0.58|1.00|0.00|(3051.85,.00)|(1.00,.00)|3050.850039285488|24.586499776486363|0|null|2.2643148676356124|0|null|false|0|false
83.60|(3033.81,-.72)|(1.00,.05)|3032.8117924886706|24.586499776486363|3032|0|0|(3043.81,.00)|(3132.16,.00)|(3051.85,.00)|0.58|1.00|0.00|(3053.81,.00)|(1.00,.00)|3052.8117924886706|24.586499776486363|0|null|2.303671440736837|0|null|false|0|false
83.65|(3035.77,-.56)|(1.00,.06)|3034.7724905782984|24.586499776486363|3034|0|0|(3045.77,.00)|(3134.12,.00)|(3053.81,.00)|0.58|1.00|0.00|(3055.77,.00)|(1.00,.00)|3054.7724905782984|24.586499776486363|0|null|2.346898956873241|0|null|false|0|false
83.70|(3037.73,-.41)|(1.00,.06)|3036.7339665015065|24.586499776486363|3036|0|0|(3047.73,.00)|(3136.08,.00)|(3055.77,.00)|0.21|1.00|0.00|(3057.73,.00)|(1.00,.00)|3056.7339665015065|24.586499776486363|0|null|2.3877359347525218|0|null|false|0|false
83.75|(3039.70,-.26)|(1.00,.06)|3038.6950104328203|24.586499776486363|3038|0|0|(3049.70,.00)|(3138.04,.00)|(3057.73,.00)|0.21|1.00|0.00|(3059.70,.00)|(1.00,.00)|3058.6950104328203|24.586499776486363|0|null|2.4302592632792837|0|null|false|0|false
83.80|(3041.66,-.09)|(1.00,.07)|3040.655611117599|24.586499776486363|3040|0|0|(3051.66,.00)|(3140.00,.00)|(3059.70,.00)|0.21|1.00|0.00|(3061.66,.00)|(1.00,.00)|3060.655611117599|24.586499776486363|0|null|2.4744284580593674|0|null|false|0|false
83.85|(3043.62,.05)|(1.00,.07)|3042.6172457699054|24.586499776486363|3042|0|0|(3053.62,.00)|(3141.96,.00)|(3061.66,.00)|-0.18|1.00|0.00|(3063.62,.00)|(1.00,.00)|3062.6172457699054|24.586499776486363|0|null|2.5133664754464027|0|null|false|0|false
83.90|(3045.58,.19)|(1.00,.07)|3044.5791671646625|24.586499776486363|3044|0|0|(3055.58,.00)|(3143.93,.00)|(3063.62,.00)|-0.18|1.00|0.00|(3065.58,.00)|(1.00,.00)|3064.5791671646625|24.586499776486363|0|null|2.5515348842268986|0|null|false|0|false
83.95|(3047.54,.33)|(1.00,.07)|3046.5413777472945|24.586499776486363|3046|0|0|(3057.54,.00)|(3145.89,.00)|(3065.58,.00)|-0.18|1.00|0.00|(3067.54,.00)|(1.00,.00)|3066.5413777472945|24.586499776486363|0|null|2.588880897674352|0|null|false|0|false
84.00|(3049.50,.45)|(1.00,.07)|3048.5042837918727|24.586499776486363|3048|0|0|(3059.50,.00)|(3147.85,.00)|(3067.54,.00)|-0.40|1.00|0.00|(3069.50,.00)|(1.00,.00)|3068.5042837918727|24.586499776486363|0|null|2.621648034687861|0|null|false|0|false
84.05|(3051.47,.56)|(1.00,.07)|3050.467761317669|24.586499776486363|3050|0|0|(3061.47,.00)|(3149.81,.00)|(3069.50,.00)|-0.40|1.00|0.00|(3071.47,.00)|(1.00,.00)|3070.467761317669|24.586499776486363|0|null|2.652232818589357|0|null|false|0|false
84.10|(3053.43,.66)|(1.00,.06)|3052.431778883361|24.586499776486363|3052|0|0|(3063.43,.00)|(3151.78,.00)|(3071.47,.00)|-0.40|1.00|0.00|(3073.43,.00)|(1.00,.00)|3072.431778883361|24.586499776486363|0|null|2.6805868607631695|0|null|false|0|false
84.15|(3055.40,.76)|(1.00,.06)|3054.3963023358237|24.586499776486363|3054|0|0|(3065.40,.00)|(3153.74,.00)|(3073.43,.00)|-0.40|1.00|0.00|(3075.40,.00)|(1.00,.00)|3074.3963023358237|24.586499776486363|0|null|2.706668457650884|0|null|false|0|false
84.20|(3057.36,.84)|(1.00,.06)|3056.361295163001|24.586499776486363|3056|0|0|(3067.36,.00)|(3155.71,.00)|(3075.40,.00)|-0.40|1.00|0.00|(3077.36,.00)|(1.00,.00)|3076.361295163001|24.586499776486363|0|null|2.730442324734526|0|null|false|0|false
84.25|(3059.33,.91)|(1.00,.05)|3058.326683948142|24.586499776486363|3058|0|0|(3069.33,.00)|(3157.67,.00)|(3077.36,.00)|-0.60|1.00|0.00|(3079.33,.00)|(1.00,.00)|3078.326683948142|24.586499776486363|0|null|2.7483865070804887|0|null|false|0|false
84.30|(3061.29,.96)|(1.00,.05)|3060.292562637825|24.586499776486363|3060|0|0|(3071.29,.00)|(3159.64,.00)|(3079.33,.00)|-0.60|1.00|0.00|(3081.29,.00)|(1.00,.00)|3080.292562637825|24.586499776486363|0|null|2.762772006617253|0|null|false|0|false
84.35|(3063.26,1.00)|(1.00,.04)|3062.25883895916|24.586499776486363|3062|0|0|(3073.26,.00)|(3161.60,.00)|(3081.29,.00)|-0.60|1.00|0.00|(3083.26,.00)|(1.00,.00)|3082.25883895916|24.586499776486363|0|null|2.773569270263719|0|null|false|0|false
84.40|(3065.23,1.03)|(1.00,.03)|3064.2253773911407|24.586499776486363|3064|0|0|(3075.23,.00)|(3163.57,.00)|(3083.26,.00)|-0.62|1.00|0.00|(3085.23,.00)|(1.00,.00)|3084.2253773911407|24.586499776486363|0|null|2.780338258898702|0|null|false|0|false
84.45|(3067.19,1.04)|(1.00,.03)|3066.1921204060645|24.586499776486363|3066|0|0|(3077.19,.00)|(3165.54,.00)|(3085.23,.00)|-0.62|1.00|0.00|(3087.19,.00)|(1.00,.00)|3086.1921204060645|24.586499776486363|0|null|2.7833354873035483|0|null|false|0|false
84.50|(3069.16,1.03)|(1.00,.02)|3068.158964375931|24.586499776486363|3068|0|0|(3079.16,.00)|(3167.50,.00)|(3087.19,.00)|-0.62|1.00|0.00|(3089.16,.00)|(1.00,.00)|3088.158964375931|24.586499776486363|0|null|2.782547752872623|0|null|false|0|false
84.55|(3071.13,1.02)|(1.00,.01)|3070.1259706295405|24.586499776486363|3070|0|0|(3081.13,.00)|(3169.47,.00)|(3089.16,.00)|-0.56|1.00|0.00|(3091.13,.00)|(1.00,.00)|3090.1259706295405|24.586499776486363|0|null|2.779073667849093|0|null|false|0|false
84.60|(3073.09,1.00)|(1.00,.01)|3072.092909365361|24.586499776486363|3072|0|0|(3083.09,.00)|(3171.44,.00)|(3091.13,.00)|-0.56|1.00|0.00|(3093.09,.00)|(1.00,.00)|3092.092909365361|24.586499776486363|0|null|2.77218280796276|0|null|false|0|false
84.65|(3075.06,.96)|(1.00,.00)|3074.0596967345173|24.586499776486363|3074|0|0|(3085.06,.00)|(3173.41,.00)|(3093.09,.00)|-0.56|1.00|0.00|(3095.06,.00)|(1.00,.00)|3094.0596967345173|24.586499776486363|0|null|2.7618787939473406|0|null|false|0|false
84.70|(3077.03,.91)|(1.00,-.00)|3076.026249796684|24.586499776486363|3076|0|0|(3087.03,.00)|(3175.37,.00)|(3095.06,.00)|-0.56|1.00|0.00|(3097.03,.00)|(1.00,.00)|3096.026249796684|24.586499776486363|0|null|2.7481681384536016|0|null|false|0|false
84.75|(3078.99,.85)|(1.00,-.01)|3077.992812669171|24.586499776486363|3077|0|0|(3088.99,.00)|(3177.34,.00)|(3097.03,.00)|-0.46|1.00|0.00|(3098.99,.00)|(1.00,.00)|3097.992812669171|24.586499776486363|0|null|2.7327620790404805|0|null|false|0|false
84.80|(3080.96,.79)|(1.00,-.02)|3079.959085152584|24.586499776486363|3079|0|0|(3090.96,.00)|(3179.31,.00)|(3098.99,.00)|-0.46|1.00|0.00|(3100.96,.00)|(1.00,.00)|3099.959085152584|24.586499776486363|0|null|2.714553523550669|0|null|false|0|false
84.85|(3082.93,.71)|(1.00,-.02)|3081.925013535254|24.586499776486363|3081|0|0|(3092.93,.00)|(3181.27,.00)|(3100.96,.00)|-0.46|1.00|0.00|(3102.93,.00)|(1.00,.00)|3101.925013535254|24.586499776486363|0|null|2.693559615850492|0|null|false|0|false
84.90|(3084.89,.62)|(1.00,-.03)|3083.8905453698976|24.586499776486363|3083|0|0|(3094.89,.00)|(3183.24,.00)|(3102.93,.00)|-0.46|1.00|0.00|(3104.89,.00)|(1.00,.00)|3103.8905453698976|24.586499776486363|0|null|2.6697976641340406|0|null|false|0|false
84.95|(3086.86,.54)|(1.00,-.03)|3085.856526116265|24.586499776486363|3085|0|0|(3096.86,.00)|(3185.20,.00)|(3104.89,.00)|-0.19|1.00|0.00|(3106.86,.00)|(1.00,.00)|3105.856526116265|24.586499776486363|0|null|2.648037880172774|0|null|false|0|false
85.00|(3088.82,.46)|(1.00,-.03)|3087.8223598485147|24.586499776486363|3087|0|0|(3098.82,.00)|(3187.17,.00)|(3106.86,.00)|-0.19|1.00|0.00|(3108.82,.00)|(1.00,.00)|3107.8223598485147|24.586499776486363|0|null|2.6251751674032135|0|null|false|0|false
85.05|(3090.79,.37)|(1.00,-.03)|3089.7880416773637|24.586499776486363|3089|0|0|(3100.79,.00)|(3189.13,.00)|(3108.82,.00)|-0.19|1.00|0.00|(3110.79,.00)|(1.00,.00)|3109.7880416773637|24.586499776486363|0|null|2.6012394517908275|0|null|false|0|false
85.10|(3092.75,.29)|(1.00,-.04)|3091.753936587797|24.586499776486363|3091|0|0|(3102.75,.00)|(3191.10,.00)|(3110.79,.00)|-0.03|1.00|0.00|(3112.75,.00)|(1.00,.00)|3111.753936587797|24.586499776486363|0|null|2.578996557275784|0|null|false|0|false
85.15|(3094.72,.21)|(1.00,-.04)|3093.719843152094|24.586499776486363|3093|0|0|(3104.72,.00)|(3193.07,.00)|(3112.75,.00)|-0.03|1.00|0.00|(3114.72,.00)|(1.00,.00)|3113.719843152094|24.586499776486363|0|null|2.556671320645845|0|null|false|0|false
85.20|(3096.69,.13)|(1.00,-.04)|3095.6857643236804|24.586499776486363|3095|0|0|(3106.69,.00)|(3195.03,.00)|(3114.72,.00)|-0.03|1.00|0.00|(3116.69,.00)|(1.00,.00)|3115.6857643236804|24.586499776486363|0|null|2.534292824991437|0|null|false|0|false
85.25|(3098.65,.05)|(1.00,-.04)|3097.651911790462|24.586499776486363|3097|0|0|(3108.65,.00)|(3197.00,.00)|(3116.69,.00)|0.11|1.00|0.00|(3118.65,.00)|(1.00,.00)|3117.651911790462|24.586499776486363|0|null|2.5142437330444256|0|null|false|0|false
85.30|(3100.62,-.02)|(1.00,-.04)|3099.6181971039996|24.586499776486363|3099|0|0|(3110.62,.00)|(3198.96,.00)|(3118.65,.00)|0.11|1.00|0.00|(3120.62,.00)|(1.00,.00)|3119.6181971039996|24.586499776486363|0|null|2.4949959120427767|0|null|false|0|false
85.35|(3102.58,-.09)|(1.00,-.04)|3101.584617088954|24.586499776486363|3101|0|0|(3112.58,.00)|(3200.93,.00)|(3120.62,.00)|0.11|1.00|0.00|(3122.58,.00)|(1.00,.00)|3121.584617088954|24.586499776486363|0|null|2.4765732703414987|0|null|false|0|false
85.40|(3104.55,-.15)|(1.00,-.04)|3103.5511677109685|24.586499776486363|3103|0|0|(3114.55,.00)|(3202.90,.00)|(3122.58,.00)|0.11|1.00|0.00|(3124.55,.00)|(1.00,.00)|3123.5511677109685|24.586499776486363|0|null|2.4589948409817826|0|null|false|0|false
85.45|(3106.52,-.20)|(1.00,-.03)|3105.5179119186314|24.586499776486363|3105|0|0|(3116.52,.00)|(3204.86,.00)|(3124.55,.00)|0.23|1.00|0.00|(3126.52,.00)|(1.00,.00)|3125.5179119186314|24.586499776486363|0|null|2.4443821775033774|0|null|false|0|false
85.50|(3108.48,-.25)|(1.00,-.03)|3107.484841201641|24.586499776486363|3107|0|0|(3118.48,.00)|(3206.83,.00)|(3126.52,.00)|0.23|1.00|0.00|(3128.48,.00)|(1.00,.00)|3127.484841201641|24.586499776486363|0|null|2.4313614722373966|0|null|false|0|false
85.55|(3110.45,-.29)|(1.00,-.03)|3109.4519370390785|24.586499776486363|3109|0|0|(3120.45,.00)|(3208.80,.00)|(3128.48,.00)|0.23|1.00|0.00|(3130.45,.00)|(1.00,.00)|3129.4519370390785|24.586499776486363|0|null|2.4199455007863793|0|null|false|0|false
85.60|(3112.42,-.33)|(1.00,-.03)|3111.419180304393|24.586499776486363|3111|0|0|(3122.42,.00)|(3210.77,.00)|(3130.45,.00)|0.23|1.00|0.00|(3132.42,.00)|(1.00,.00)|3131.419180304393|24.586499776486363|0|null|2.4101425601201396|0|null|false|0|false
85.65|(3114.39,-.36)|(1.00,-.02)|3113.386527666546|24.586499776486363|3113|0|0|(3124.39,.00)|(3212.73,.00)|(3132.42,.00)|0.29|1.00|0.00|(3134.39,.00)|(1.00,.00)|3133.386527666546|24.586499776486363|0|null|2.4028691128773207|0|null|false|0|false
85.70|(3116.35,-.38)|(1.00,-.02)|3115.353989682454|24.586499776486363|3115|0|0|(3126.35,.00)|(3214.70,.00)|(3134.39,.00)|0.29|1.00|0.00|(3136.35,.00)|(1.00,.00)|3135.353989682454|24.586499776486363|0|null|2.3975267696439704|0|null|false|0|false
85.75|(3118.32,-.39)|(1.00,-.02)|3117.321538756744|24.586499776486363|3117|0|0|(3128.32,.00)|(3216.67,.00)|(3136.35,.00)|0.29|1.00|0.00|(3138.32,.00)|(1.00,.00)|3137.321538756744|24.586499776486363|0|null|2.3941159070671563|0|null|false|0|false
85.80|(3120.29,-.39)|(1.00,-.01)|3119.2891581758277|24.586499776486363|3119|0|0|(3130.29,.00)|(3218.64,.00)|(3138.32,.00)|0.27|1.00|0.00|(3140.29,.00)|(1.00,.00)|3139.2891581758277|24.586499776486363|0|null|2.392454834216096|0|null|false|0|false
85.85|(3122.26,-.39)|(1.00,-.01)|3121.256811458246|24.586499776486363|3121|0|0|(3132.26,.00)|(3220.60,.00)|(3140.29,.00)|0.27|1.00|0.00|(3142.26,.00)|(1.00,.00)|3141.256811458246|24.586499776486363|0|null|2.3926558987266073|0|null|false|0|false
85.90|(3124.22,-.39)|(1.00,-.01)|3123.2244733026264|24.586499776486363|3123|0|0|(3134.22,.00)|(3222.57,.00)|(3142.26,.00)|0.27|1.00|0.00|(3144.22,.00)|(1.00,.00)|3143.2244733026264|24.586499776486363|0|null|2.394711267197927|0|null|false|0|false
85.95|(3126.19,-.37)|(1.00,-.00)|3125.1921188614947|24.586499776486363|3125|0|0|(3136.19,.00)|(3224.54,.00)|(3144.22,.00)|0.27|1.00|0.00|(3146.19,.00)|(1.00,.00)|3145.1921188614947|24.586499776486363|0|null|2.3986115861569726|0|null|false|0|false
86.00|(3128.16,-.35)|(1.00,-.00)|3127.1597237993647|24.586499776486363|3127|0|0|(3138.16,.00)|(3226.51,.00)|(3146.19,.00)|0.27|1.00|0.00|(3148.16,.00)|(1.00,.00)|3147.1597237993647|24.586499776486363|0|null|2.4043464359801847|0|null|false|0|false
86.05|(3130.13,-.32)|(1.00,.00)|3129.1272643218563|24.586499776486363|3129|0|0|(3140.13,.00)|(3228.47,.00)|(3148.16,.00)|0.27|1.00|0.00|(3150.13,.00)|(1.00,.00)|3149.1272643218563|24.586499776486363|0|null|2.4119047617698692|0|null|false|0|false
86.10|(3132.09,-.29)|(1.00,.01)|3131.0947171780945|24.586499776486363|3131|0|0|(3142.09,.00)|(3230.44,.00)|(3150.13,.00)|0.27|1.00|0.00|(3152.09,.00)|(1.00,.00)|3151.0947171780945|24.586499776486363|0|null|2.421275275252605|0|null|false|0|false
86.15|(3134.06,-.25)|(1.00,.01)|3133.0620596392587|24.586499776486363|3133|0|0|(3144.06,.00)|(3232.41,.00)|(3152.09,.00)|0.27|1.00|0.00|(3154.06,.00)|(1.00,.00)|3153.0620596392587|24.586499776486363|0|null|2.432446822251989|0|null|false|0|false
86.20|(3136.03,-.20)|(1.00,.01)|3135.029269456642|24.586499776486363|3135|0|0|(3146.03,.00)|(3234.38,.00)|(3154.06,.00)|0.27|1.00|0.00|(3156.03,.00)|(1.00,.00)|3155.029269456642|24.586499776486363|0|null|2.4454087108884|0|null|false|0|false
86.25|(3138.00,-.15)|(1.00,.02)|3136.996324802947|24.586499776486363|3136|0|0|(3148.00,.00)|(3236.34,.00)|(3156.03,.00)|0.27|1.00|0.00|(3158.00,.00)|(1.00,.00)|3156.996324802947|24.586499776486363|0|null|2.4601509963629273|0|null|false|0|false
86.30|(3139.96,-.10)|(1.00,.02)|3138.963683721399|24.586499776486363|3138|0|0|(3149.96,.00)|(3238.31,.00)|(3158.00,.00)|0.02|1.00|0.00|(3159.96,.00)|(1.00,.00)|3158.963683721399|24.586499776486363|0|null|2.4721921177755277|0|null|false|0|false
86.35|(3141.93,-.06)|(1.00,.02)|3140.931035568587|24.586499776486363|3140|0|0|(3151.93,.00)|(3240.28,.00)|(3159.96,.00)|0.02|1.00|0.00|(3161.93,.00)|(1.00,.00)|3160.931035568587|24.586499776486363|0|null|2.484461074760818|0|null|false|0|false
86.40|(3143.90,-.01)|(1.00,.02)|3142.898381225867|24.586499776486363|3142|0|0|(3153.90,.00)|(3242.24,.00)|(3161.93,.00)|0.02|1.00|0.00|(3163.90,.00)|(1.00,.00)|3162.898381225867|24.586499776486363|0|null|2.4969372782761927|0|null|false|0|false
86.45|(3145.87,.04)|(1.00,.02)|3144.8657214893565|24.586499776486363|3144|0|0|(3155.87,.00)|(3244.21,.00)|(3163.90,.00)|0.02|1.00|0.00|(3165.87,.00)|(1.00,.00)|3164.8657214893565|24.586499776486363|0|null|2.5096030813249905|0|null|false|0|false
86.50|(3147.83,.08)|(1.00,.02)|3146.833057031823|24.586499776486363|3146|0|0|(3157.83,.00)|(3246.18,.00)|(3165.87,.00)|0.02|1.00|0.00|(3167.83,.00)|(1.00,.00)|3166.833057031823|24.586499776486363|0|null|2.5224437027702327|0|null|false|0|false
86.55|(3149.80,.12)|(1.00,.02)|3148.800488639469|24.586499776486363|3148|0|0|(3159.80,.00)|(3248.15,.00)|(3167.83,.00)|-0.10|1.00|0.00|(3169.80,.00)|(1.00,.00)|3168.800488639469|24.586499776486363|0|null|2.5335031446870424|0|null|false|0|false
86.60|(3151.77,.16)|(1.00,.02)|3150.767972551975|24.586499776486363|3150|0|0|(3161.77,.00)|(3250.11,.00)|(3169.80,.00)|-0.10|1.00|0.00|(3171.77,.00)|(1.00,.00)|3170.767972551975|24.586499776486363|0|null|2.544048418814676|0|null|false|0|false
86.65|(3153.74,.20)|(1.00,.02)|3152.7355072780624|24.586499776486363|3152|0|0|(3163.74,.00)|(3252.08,.00)|(3171.77,.00)|-0.10|1.00|0.00|(3173.74,.00)|(1.00,.00)|3172.7355072780624|24.586499776486363|0|null|2.5540662137260903|0|null|false|0|false
86.70|(3155.70,.23)|(1.00,.02)|3154.703108866061|24.586499776486363|3154|0|0|(3165.70,.00)|(3254.05,.00)|(3173.74,.00)|-0.18|1.00|0.00|(3175.70,.00)|(1.00,.00)|3174.703108866061|24.586499776486363|0|null|2.5621267585491045|0|null|false|0|false
86.75|(3157.67,.25)|(1.00,.02)|3156.6707809236095|24.586499776486363|3156|0|0|(3167.67,.00)|(3256.02,.00)|(3175.70,.00)|-0.18|1.00|0.00|(3177.67,.00)|(1.00,.00)|3176.6707809236095|24.586499776486363|0|null|2.5691539426254346|0|null|false|0|false
86.80|(3159.64,.28)|(1.00,.02)|3158.6385157091404|24.586499776486363|3158|0|0|(3169.64,.00)|(3257.98,.00)|(3177.67,.00)|-0.18|1.00|0.00|(3179.64,.00)|(1.00,.00)|3178.6385157091404|24.586499776486363|0|null|2.575137322715677|0|null|false|0|false
86.85|(3161.61,.29)|(1.00,.01)|3160.6062957431727|24.586499776486363|3160|0|0|(3171.61,.00)|(3259.95,.00)|(3179.64,.00)|-0.21|1.00|0.00|(3181.61,.00)|(1.00,.00)|3180.6062957431727|24.586499776486363|0|null|2.579606099817428|0|null|false|0|false
86.90|(3163.57,.30)|(1.00,.01)|3162.5741241190485|24.586499776486363|3162|0|0|(3173.57,.00)|(3261.92,.00)|(3181.61,.00)|-0.21|1.00|0.00|(3183.57,.00)|(1.00,.00)|3182.5741241190485|24.586499776486363|0|null|2.582857739369398|0|null|false|0|false
86.95|(3165.54,.31)|(1.00,.01)|3164.541989885493|24.586499776486363|3164|0|0|(3175.54,.00)|(3263.89,.00)|(3183.57,.00)|-0.21|1.00|0.00|(3185.54,.00)|(1.00,.00)|3184.541989885493|24.586499776486363|0|null|2.584885928273283|0|null|false|0|false
87.00|(3167.51,.31)|(1.00,.01)|3166.509881960427|24.586499776486363|3166|0|0|(3177.51,.00)|(3265.86,.00)|(3185.54,.00)|-0.21|1.00|0.00|(3187.51,.00)|(1.00,.00)|3186.509881960427|24.586499776486363|0|null|2.585685577349435|0|null|false|0|false
87.05|(3169.48,.31)|(1.00,.01)|3168.4777891744093|24.586499776486363|3168|0|0|(3179.48,.00)|(3267.82,.00)|(3187.51,.00)|-0.21|1.00|0.00|(3189.48,.00)|(1.00,.00)|3188.4777891744093|24.586499776486363|0|null|2.5852524179499916|0|null|false|0|false
87.10|(3171.45,.31)|(1.00,.00)|3170.445700297877|24.586499776486363|3170|0|0|(3181.45,.00)|(3269.79,.00)|(3189.48,.00)|-0.21|1.00|0.00|(3191.45,.00)|(1.00,.00)|3190.445700297877|24.586499776486363|0|null|2.5835826162919475|0|null|false|0|false
87.15|(3173.41,.30)|(1.00,.00)|3172.413625232876|24.586499776486363|3172|0|0|(3183.41,.00)|(3271.76,.00)|(3191.45,.00)|-0.19|1.00|0.00|(3193.41,.00)|(1.00,.00)|3192.413625232876|24.586499776486363|0|null|2.581038903321841|0|null|false|0|false
87.20|(3175.38,.28)|(1.00,.00)|3174.3815369686527|24.586499776486363|3174|0|0|(3185.38,.00)|(3273.73,.00)|(3193.41,.00)|-0.19|1.00|0.00|(3195.38,.00)|(1.00,.00)|3194.3815369686527|24.586499776486363|0|null|2.577376635183067|0|null|false|0|false
87.25|(3177.35,.27)|(1.00,-.00)|3176.349426265227|24.586499776486363|3176|0|0|(3187.35,.00)|(3275.70,.00)|(3195.38,.00)|-0.19|1.00|0.00|(3197.35,.00)|(1.00,.00)|3196.349426265227|24.586499776486363|0|null|2.5725924036333536|0|null|false|0|false
87.30|(3179.32,.24)|(1.00,-.00)|3178.3172838169385|24.586499776486363|3178|0|0|(3189.32,.00)|(3277.66,.00)|(3197.35,.00)|-0.19|1.00|0.00|(3199.32,.00)|(1.00,.00)|3198.3172838169385|24.586499776486363|0|null|2.5666818607301294|0|null|false|0|false
87.35|(3181.29,.22)|(1.00,-.01)|3180.2851002128327|24.586499776486363|3180|0|0|(3191.29,.00)|(3279.63,.00)|(3199.32,.00)|-0.19|1.00|0.00|(3201.29,.00)|(1.00,.00)|3200.2851002128327|24.586499776486363|0|null|2.559639514324038|0|null|false|0|false
87.40|(3183.25,.19)|(1.00,-.01)|3182.2528658903843|24.586499776486363|3182|0|0|(3193.25,.00)|(3281.60,.00)|(3201.29,.00)|-0.19|1.00|0.00|(3203.25,.00)|(1.00,.00)|3202.2528658903843|24.586499776486363|0|null|2.5514585695662038|0|null|false|0|false
87.45|(3185.22,.15)|(1.00,-.01)|3184.220571084761|24.586499776486363|3184|0|0|(3195.22,.00)|(3283.57,.00)|(3203.25,.00)|-0.19|1.00|0.00|(3205.22,.00)|(1.00,.00)|3204.220571084761|24.586499776486363|0|null|2.542130818427247|0|null|false|0|false
87.50|(3187.19,.12)|(1.00,-.01)|3186.1882057759267|24.586499776486363|3186|0|0|(3197.19,.00)|(3285.53,.00)|(3205.22,.00)|-0.19|1.00|0.00|(3207.19,.00)|(1.00,.00)|3206.1882057759267|24.586499776486363|0|null|2.531646578273289|0|null|false|0|false
87.55|(3189.16,.07)|(1.00,-.01)|3188.1557596359035|24.586499776486363|3188|0|0|(3199.16,.00)|(3287.50,.00)|(3207.19,.00)|-0.19|1.00|0.00|(3209.16,.00)|(1.00,.00)|3208.1557596359035|24.586499776486363|0|null|2.519994679567763|0|null|false|0|false
87.60|(3191.12,.03)|(1.00,-.02)|3190.123221978496|24.586499776486363|3190|0|0|(3201.12,.00)|(3289.47,.00)|(3209.16,.00)|-0.19|1.00|0.00|(3211.12,.00)|(1.00,.00)|3210.123221978496|24.586499776486363|0|null|2.5071625017882635|0|null|false|0|false
87.65|(3193.09,-.03)|(1.00,-.02)|3192.0905817136972|24.586499776486363|3192|0|0|(3203.09,.00)|(3291.44,.00)|(3211.12,.00)|-0.19|1.00|0.00|(3213.09,.00)|(1.00,.00)|3212.0905817136972|24.586499776486363|0|null|2.493136055685528|0|null|false|0|false
87.70|(3195.06,-.08)|(1.00,-.02)|3194.057827308874|24.586499776486363|3194|0|0|(3205.06,.00)|(3293.40,.00)|(3213.09,.00)|-0.19|1.00|0.00|(3215.06,.00)|(1.00,.00)|3214.057827308874|24.586499776486363|0|null|2.4779001090874946|0|null|false|0|false
87.75|(3197.02,-.14)|(1.00,-.02)|3196.0249467586555|24.586499776486363|3196|0|0|(3207.02,.00)|(3295.37,.00)|(3215.06,.00)|-0.19|1.00|0.00|(3217.02,.00)|(1.00,.00)|3216.0249467586555|24.586499776486363|0|null|2.4614383525847625|0|null|false|0|false
87.80|(3198.99,-.21)|(1.00,-.03)|3197.9919275652155|24.586499776486363|3197|0|0|(3208.99,.00)|(3297.34,.00)|(3217.02,.00)|-0.19|1.00|0.00|(3218.99,.00)|(1.00,.00)|3217.9919275652155|24.586499776486363|0|null|2.443733600643382|0|null|false|0|false
87.85|(3200.96,-.28)|(1.00,-.03)|3199.958756730377|24.586499776486363|3199|0|0|(3210.96,.00)|(3299.30,.00)|(3218.99,.00)|-0.19|1.00|0.00|(3220.96,.00)|(1.00,.00)|3219.958756730377|24.586499776486363|0|null|2.424768022993641|0|null|false|0|false
87.90|(3202.93,-.35)|(1.00,-.03)|3201.92542076064|24.586499776486363|3201|0|0|(3212.93,.00)|(3301.27,.00)|(3220.96,.00)|-0.19|1.00|0.00|(3222.93,.00)|(1.00,.00)|3221.92542076064|24.586499776486363|0|null|2.404523400554525|0|null|false|0|false
87.95|(3204.89,-.43)|(1.00,-.03)|3203.8919056858826|24.586499776486363|3203|0|0|(3214.89,.00)|(3303.24,.00)|(3222.93,.00)|-0.19|1.00|0.00|(3224.89,.00)|(1.00,.00)|3223.8919056858826|24.586499776486363|0|null|2.382981399685585|0|null|false|0|false
88.00|(3206.86,-.51)|(1.00,-.04)|3205.8581970920877|24.586499776486363|3205|0|0|(3216.86,.00)|(3305.20,.00)|(3224.89,.00)|-0.19|1.00|0.00|(3226.86,.00)|(1.00,.00)|3225.8581970920877|24.586499776486363|0|null|2.360123858221336|0|null|false|0|false
88.05|(3208.82,-.60)|(1.00,-.04)|3207.824280168017|24.586499776486363|3207|0|0|(3218.82,.00)|(3307.17,.00)|(3226.86,.00)|-0.19|1.00|0.00|(3228.82,.00)|(1.00,.00)|3227.824280168017|24.586499776486363|0|null|2.3359330765454276|0|null|false|0|false
88.10|(3210.79,-.69)|(1.00,-.04)|3209.790139765321|24.586499776486363|3209|0|0|(3220.79,.00)|(3309.14,.00)|(3228.82,.00)|-0.19|1.00|0.00|(3230.79,.00)|(1.00,.00)|3229.790139765321|24.586499776486363|0|null|2.310392106907197|0|null|false|0|false
88.15|(3212.76,-.79)|(1.00,-.04)|3211.7557604711124|24.586499776486363|3211|0|0|(3222.76,.00)|(3311.10,.00)|(3230.79,.00)|-0.19|1.00|0.00|(3232.76,.00)|(1.00,.00)|3231.7557604711124|24.586499776486363|0|null|2.2834850342731103|0|null|false|0|false
88.20|(3214.72,-.90)|(1.00,-.05)|3213.7211266915933|24.586499776486363|3213|0|0|(3224.72,.00)|(3313.07,.00)|(3232.76,.00)|-0.19|1.00|0.00|(3234.72,.00)|(1.00,.00)|3233.7211266915933|24.586499776486363|0|null|2.2551972422382858|0|null|false|0|false
88.25|(3216.69,-1.00)|(1.00,-.05)|3215.6862227448987|24.586499776486363|3215|0|0|(3226.69,.00)|(3315.03,.00)|(3234.72,.00)|-0.19|1.00|0.00|(3236.69,.00)|(1.00,.00)|3235.6862227448987|24.586499776486363|0|null|2.22551565789381|0|null|false|0|false
88.30|(3218.65,-1.12)|(1.00,-.05)|3217.651032960929|24.586499776486363|3217|0|0|(3228.65,.00)|(3317.00,.00)|(3236.69,.00)|-0.19|1.00|0.00|(3238.65,.00)|(1.00,.00)|3237.651032960929|24.586499776486363|0|null|2.194428970045912|0|null|false|0|false
88.35|(3220.62,-1.24)|(1.00,-.05)|3219.615541785627|24.586499776486363|3219|0|0|(3230.62,.00)|(3318.96,.00)|(3238.65,.00)|-0.19|1.00|0.00|(3240.62,.00)|(1.00,.00)|3239.615541785627|24.586499776486363|0|null|2.161927815802465|0|null|false|0|false
88.40|(3222.58,-1.32)|(1.00,-.05)|3221.5813587918137|24.586499776486363|3221|0|0|(3232.58,.00)|(3320.93,.00)|(3240.62,.00)|0.47|1.00|0.00|(3242.58,.00)|(1.00,.00)|3241.5813587918137|24.586499776486363|0|null|2.1392907370822325|0|null|false|0|false
88.45|(3224.55,-1.39)|(1.00,-.05)|3223.5475825602334|24.586499776486363|3223|0|0|(3234.55,.00)|(3322.89,.00)|(3242.58,.00)|0.47|1.00|0.00|(3244.55,.00)|(1.00,.00)|3243.5475825602334|24.586499776486363|0|null|2.11910027872665|0|null|false|0|false
88.50|(3226.51,-1.46)|(1.00,-.04)|3225.5141718081295|24.586499776486363|3225|0|0|(3236.51,.00)|(3324.86,.00)|(3244.55,.00)|0.47|1.00|0.00|(3246.51,.00)|(1.00,.00)|3245.5141718081295|24.586499776486363|0|null|2.1013900943582757|0|null|false|0|false
88.55|(3228.48,-1.49)|(1.00,-.04)|3227.4807724656207|24.586499776486363|3227|0|0|(3238.48,.00)|(3326.83,.00)|(3246.51,.00)|0.80|1.00|0.00|(3248.48,.00)|(1.00,.00)|3247.4807724656207|24.586499776486363|0|null|2.09187949409165|0|null|false|0|false
88.60|(3230.45,-1.51)|(1.00,-.03)|3229.447676484224|24.586499776486363|3229|0|0|(3240.45,.00)|(3328.79,.00)|(3248.48,.00)|0.80|1.00|0.00|(3250.45,.00)|(1.00,.00)|3249.447676484224|24.586499776486363|0|null|2.0868638913025785|0|null|false|0|false
88.65|(3232.41,-1.51)|(1.00,-.02)|3231.414738948325|24.586499776486363|3231|0|0|(3242.41,.00)|(3330.76,.00)|(3250.45,.00)|0.80|1.00|0.00|(3252.41,.00)|(1.00,.00)|3251.414738948325|24.586499776486363|0|null|2.086391357353018|0|null|false|0|false
88.70|(3234.38,-1.50)|(1.00,-.02)|3233.3818112119206|24.586499776486363|3233|0|0|(3244.38,.00)|(3332.73,.00)|(3252.41,.00)|0.80|1.00|0.00|(3254.38,.00)|(1.00,.00)|3253.3818112119206|24.586499776486363|0|null|2.0905067214465047|0|null|false|0|false
88.75|(3236.35,-1.47)|(1.00,-.01)|3235.3489574326227|24.586499776486363|3235|0|0|(3246.35,.00)|(3334.69,.00)|(3254.38,.00)|0.74|1.00|0.00|(3256.35,.00)|(1.00,.00)|3255.3489574326227|24.586499776486363|0|null|2.0981686112559386|0|null|false|0|false
88.80|(3238.32,-1.43)|(1.00,-.00)|3237.315864072341|24.586499776486363|3237|0|0|(3248.32,.00)|(3336.66,.00)|(3256.35,.00)|0.74|1.00|0.00|(3258.32,.00)|(1.00,.00)|3257.315864072341|24.586499776486363|0|null|2.1101272839525427|0|null|false|0|false
88.85|(3240.28,-1.37)|(1.00,.01)|3239.28239718834|24.586499776486363|3239|0|0|(3250.28,.00)|(3338.63,.00)|(3258.32,.00)|0.74|1.00|0.00|(3260.28,.00)|(1.00,.00)|3259.28239718834|24.586499776486363|0|null|2.126415795190174|0|null|false|0|false
88.90|(3242.25,-1.30)|(1.00,.01)|3241.249040206567|24.586499776486363|3241|0|0|(3252.25,.00)|(3340.60,.00)|(3260.28,.00)|0.59|1.00|0.00|(3262.25,.00)|(1.00,.00)|3261.249040206567|24.586499776486363|0|null|2.144460929500493|0|null|false|0|false
88.95|(3244.22,-1.22)|(1.00,.02)|3243.215236880645|24.586499776486363|3243|0|0|(3254.22,.00)|(3342.56,.00)|(3262.25,.00)|0.59|1.00|0.00|(3264.22,.00)|(1.00,.00)|3263.215236880645|24.586499776486363|0|null|2.166001423451151|0|null|false|0|false
89.00|(3246.18,-1.13)|(1.00,.03)|3245.180898343741|24.586499776486363|3245|0|0|(3256.18,.00)|(3344.53,.00)|(3264.22,.00)|0.59|1.00|0.00|(3266.18,.00)|(1.00,.00)|3265.180898343741|24.586499776486363|0|null|2.1910563214174594|0|null|false|0|false
89.05|(3248.15,-1.04)|(1.00,.03)|3247.1466951058746|24.586499776486363|3247|0|0|(3258.15,.00)|(3346.49,.00)|(3266.18,.00)|0.40|1.00|0.00|(3268.15,.00)|(1.00,.00)|3267.1466951058746|24.586499776486363|0|null|2.2165330722428864|0|null|false|0|false
89.10|(3250.11,-.94)|(1.00,.04)|3249.1120558438115|24.586499776486363|3249|0|0|(3260.11,.00)|(3348.46,.00)|(3268.15,.00)|0.40|1.00|0.00|(3270.11,.00)|(1.00,.00)|3269.1120558438115|24.586499776486363|0|null|2.2444910334801307|0|null|false|0|false
89.15|(3252.08,-.82)|(1.00,.04)|3251.0769360121103|24.586499776486363|3251|0|0|(3262.08,.00)|(3350.42,.00)|(3270.11,.00)|0.40|1.00|0.00|(3272.08,.00)|(1.00,.00)|3271.0769360121103|24.586499776486363|0|null|2.274936317613068|0|null|false|0|false
89.20|(3254.04,-.70)|(1.00,.05)|3253.041290984842|24.586499776486363|3253|0|0|(3264.04,.00)|(3352.39,.00)|(3272.08,.00)|0.40|1.00|0.00|(3274.04,.00)|(1.00,.00)|3273.041290984842|24.586499776486363|0|null|2.3078746644664143|0|null|false|0|false
89.25|(3256.01,-.57)|(1.00,.05)|3255.0050761018174|24.586499776486363|3255|0|0|(3266.01,.00)|(3354.35,.00)|(3274.04,.00)|0.40|1.00|0.00|(3276.01,.00)|(1.00,.00)|3275.0050761018174|24.586499776486363|0|null|2.3433112177115136|0|null|false|0|false
89.30|(3257.97,-.45)|(1.00,.05)|3256.9693992360894|24.586499776486363|3256|0|0|(3267.97,.00)|(3356.32,.00)|(3276.01,.00)|0.13|1.00|0.00|(3277.97,.00)|(1.00,.00)|3276.9693992360894|24.586499776486363|0|null|2.376570014952203|0|null|false|0|false
89.35|(3259.93,-.33)|(1.00,.06)|3258.9335377986677|24.586499776486363|3258|0|0|(3269.93,.00)|(3358.28,.00)|(3277.97,.00)|0.13|1.00|0.00|(3279.93,.00)|(1.00,.00)|3278.9335377986677|24.586499776486363|0|null|2.4107288527482655|0|null|false|0|false
89.40|(3261.90,-.20)|(1.00,.06)|3260.897487332162|24.586499776486363|3260|0|0|(3271.90,.00)|(3360.24,.00)|(3279.93,.00)|0.13|1.00|0.00|(3281.90,.00)|(1.00,.00)|3280.897487332162|24.586499776486363|0|null|2.4457757038097645|0|null|false|0|false
89.45|(3263.86,-.08)|(1.00,.06)|3262.8621021454037|24.586499776486363|3262|0|0|(3273.86,.00)|(3362.21,.00)|(3281.90,.00)|-0.15|1.00|0.00|(3283.86,.00)|(1.00,.00)|3282.8621021454037|24.586499776486363|0|null|2.4768101115502033|0|null|false|0|false
89.50|(3265.83,.03)|(1.00,.06)|3264.82692874076|24.586499776486363|3264|0|0|(3275.83,.00)|(3364.17,.00)|(3283.86,.00)|-0.15|1.00|0.00|(3285.83,.00)|(1.00,.00)|3284.82692874076|24.586499776486363|0|null|2.5070321886694487|0|null|false|0|false
89.55|(3267.79,.13)|(1.00,.06)|3266.79196427373|24.586499776486363|3266|0|0|(3277.79,.00)|(3366.14,.00)|(3285.83,.00)|-0.15|1.00|0.00|(3287.79,.00)|(1.00,.00)|3286.79196427373|24.586499776486363|0|null|2.53641460550369|0|null|false|0|false
89.60|(3269.76,.23)|(1.00,.05)|3268.75745740084|24.586499776486363|3268|0|0|(3279.76,.00)|(3368.10,.00)|(3287.79,.00)|-0.30|1.00|0.00|(3289.76,.00)|(1.00,.00)|3288.75745740084|24.586499776486363|0|null|2.562283453434396|0|null|false|0|false
89.65|(3271.72,.32)|(1.00,.05)|3270.7233054590142|24.586499776486363|3270|0|0|(3281.72,.00)|(3370.07,.00)|(3289.76,.00)|-0.30|1.00|0.00|(3291.72,.00)|(1.00,.00)|3290.7233054590142|24.586499776486363|0|null|2.586353592813672|0|null|false|0|false
89.70|(3273.69,.40)|(1.00,.05)|3272.689486649203|24.586499776486363|3272|0|0|(3283.69,.00)|(3372.04,.00)|(3291.72,.00)|-0.30|1.00|0.00|(3293.69,.00)|(1.00,.00)|3292.689486649203|24.586499776486363|0|null|2.6085927268371107|0|null|false|0|false
89.75|(3275.66,.47)|(1.00,.05)|3274.6560254527585|24.586499776486363|3274|0|0|(3285.66,.00)|(3374.00,.00)|(3293.69,.00)|-0.40|1.00|0.00|(3295.66,.00)|(1.00,.00)|3294.6560254527585|24.586499776486363|0|null|2.6273068059192637|0|null|false|0|false
89.80|(3277.62,.53)|(1.00,.04)|3276.622904595095|24.586499776486363|3276|0|0|(3287.62,.00)|(3375.97,.00)|(3295.66,.00)|-0.40|1.00|0.00|(3297.62,.00)|(1.00,.00)|3296.622904595095|24.586499776486363|0|null|2.6435598076525473|0|null|false|0|false
89.85|(3279.59,.58)|(1.00,.04)|3278.590081324603|24.586499776486363|3278|0|0|(3289.59,.00)|(3377.94,.00)|(3297.62,.00)|-0.40|1.00|0.00|(3299.59,.00)|(1.00,.00)|3298.590081324603|24.586499776486363|0|null|2.657319226413477|0|null|false|0|false
89.90|(3281.56,.62)|(1.00,.03)|3280.5575115100164|24.586499776486363|3280|0|0|(3291.56,.00)|(3379.90,.00)|(3299.59,.00)|-0.40|1.00|0.00|(3301.56,.00)|(1.00,.00)|3300.5575115100164|24.586499776486363|0|null|2.668554771492659|0|null|false|0|false
89.95|(3283.53,.65)|(1.00,.03)|3282.5251082460163|24.586499776486363|3282|0|0|(3293.53,.00)|(3381.87,.00)|(3301.56,.00)|-0.45|1.00|0.00|(3303.53,.00)|(1.00,.00)|3302.5251082460163|24.586499776486363|0|null|2.6763431217606315|0|null|false|0|false
90.00|(3285.49,.66)|(1.00,.03)|3284.4928663792275|24.586499776486363|3284|0|0|(3295.49,.00)|(3383.84,.00)|(3303.53,.00)|-0.45|1.00|0.00|(3305.49,.00)|(1.00,.00)|3304.4928663792275|24.586499776486363|0|null|2.6812461740304503|0|null|false|0|false
90.05|(3287.46,.67)|(1.00,.02)|3286.4607262302347|24.586499776486363|3286|0|0|(3297.46,.00)|(3385.81,.00)|(3305.49,.00)|-0.45|1.00|0.00|(3307.46,.00)|(1.00,.00)|3306.4607262302347|24.586499776486363|0|null|2.6832373018712468|0|null|false|0|false
90.10|(3289.43,.67)|(1.00,.02)|3288.4286269380914|24.586499776486363|3288|0|0|(3299.43,.00)|(3387.77,.00)|(3307.46,.00)|-0.45|1.00|0.00|(3309.43,.00)|(1.00,.00)|3308.4286269380914|24.586499776486363|0|null|2.6822924703976705|0|null|false|0|false
90.15|(3291.40,.66)|(1.00,.01)|3290.396605185026|24.586499776486363|3290|0|0|(3301.40,.00)|(3389.74,.00)|(3309.43,.00)|-0.40|1.00|0.00|(3311.40,.00)|(1.00,.00)|3310.396605185026|24.586499776486363|0|null|2.679301333404995|0|null|false|0|false
90.20|(3293.36,.64)|(1.00,.01)|3292.364527019873|24.586499776486363|3292|0|0|(3303.36,.00)|(3391.71,.00)|(3311.40,.00)|-0.40|1.00|0.00|(3313.36,.00)|(1.00,.00)|3312.364527019873|24.586499776486363|0|null|2.6736470304345272|0|null|false|0|false
90.25|(3295.33,.61)|(1.00,.00)|3294.3323416763355|24.586499776486363|3294|0|0|(3305.33,.00)|(3393.68,.00)|(3313.36,.00)|-0.40|1.00|0.00|(3315.33,.00)|(1.00,.00)|3314.3323416763355|24.586499776486363|0|null|2.665316527914195|0|null|false|0|false
90.30|(3297.30,.57)|(1.00,-.00)|3296.300204493617|24.586499776486363|3296|0|0|(3307.30,.00)|(3395.65,.00)|(3315.33,.00)|-0.31|1.00|0.00|(3317.30,.00)|(1.00,.00)|3316.300204493617|24.586499776486363|0|null|2.6559102101384955|0|null|false|0|false
90.35|(3299.27,.53)|(1.00,-.01)|3298.267928681974|24.586499776486363|3298|0|0|(3309.27,.00)|(3397.61,.00)|(3317.30,.00)|-0.31|1.00|0.00|(3319.27,.00)|(1.00,.00)|3318.267928681974|24.586499776486363|0|null|2.6443624732479063|0|null|false|0|false
90.40|(3301.24,.48)|(1.00,-.01)|3300.2354820788037|24.586499776486363|3300|0|0|(3311.24,.00)|(3399.58,.00)|(3319.27,.00)|-0.31|1.00|0.00|(3321.24,.00)|(1.00,.00)|3320.2354820788037|24.586499776486363|0|null|2.630673120331013|0|null|false|0|false
90.45|(3303.20,.42)|(1.00,-.02)|3302.2028328793767|24.586499776486363|3302|0|0|(3313.20,.00)|(3401.55,.00)|(3321.24,.00)|-0.31|1.00|0.00|(3323.20,.00)|(1.00,.00)|3322.2028328793767|24.586499776486363|0|null|2.6148441265609654|0|null|false|0|false
90.50|(3305.17,.35)|(1.00,-.02)|3304.1699497487807|24.586499776486363|3304|0|0|(3315.17,.00)|(3403.52,.00)|(3323.20,.00)|-0.31|1.00|0.00|(3325.17,.00)|(1.00,.00)|3324.1699497487807|24.586499776486363|0|null|2.5968797165552786|0|null|false|0|false
90.55|(3307.14,.29)|(1.00,-.02)|3306.1372846409827|24.586499776486363|3306|0|0|(3317.14,.00)|(3405.48,.00)|(3325.17,.00)|-0.11|1.00|0.00|(3327.14,.00)|(1.00,.00)|3326.1372846409827|24.586499776486363|0|null|2.5802151308685035|0|null|false|0|false
90.60|(3309.10,.23)|(1.00,-.02)|3308.1045220216993|24.586499776486363|3308|0|0|(3319.10,.00)|(3407.45,.00)|(3327.14,.00)|-0.11|1.00|0.00|(3329.10,.00)|(1.00,.00)|3328.1045220216993|24.586499776486363|0|null|2.5626076755117095|0|null|false|0|false
90.65|(3311.07,.16)|(1.00,-.03)|3310.0716577348526|24.586499776486363|3310|0|0|(3321.07,.00)|(3409.42,.00)|(3329.10,.00)|-0.11|1.00|0.00|(3331.07,.00)|(1.00,.00)|3330.0716577348526|24.586499776486363|0|null|2.544079151157722|0|null|false|0|false
90.70|(3313.04,.10)|(1.00,-.03)|3312.038924597637|24.586499776486363|3312|0|0|(3323.04,.00)|(3411.38,.00)|(3331.07,.00)|0.02|1.00|0.00|(3333.04,.00)|(1.00,.00)|3332.038924597637|24.586499776486363|0|null|2.526938672389309|0|null|false|0|false
90.75|(3315.01,.04)|(1.00,-.03)|3314.0061964632855|24.586499776486363|3314|0|0|(3325.01,.00)|(3413.35,.00)|(3333.04,.00)|0.02|1.00|0.00|(3335.01,.00)|(1.00,.00)|3334.0061964632855|24.586499776486363|0|null|2.5097087201545083|0|null|false|0|false
90.80|(3316.97,-.03)|(1.00,-.03)|3315.973475825052|24.586499776486363|3315|0|0|(3326.97,.00)|(3415.32,.00)|(3335.01,.00)|0.02|1.00|0.00|(3336.97,.00)|(1.00,.00)|3335.973475825052|24.586499776486363|0|null|2.492421399921546|0|null|false|0|false
90.85|(3318.94,-.08)|(1.00,-.03)|3317.9408879705234|24.586499776486363|3317|0|0|(3328.94,.00)|(3417.29,.00)|(3336.97,.00)|0.13|1.00|0.00|(3338.94,.00)|(1.00,.00)|3337.9408879705234|24.586499776486363|0|null|2.4769474202962325|0|null|false|0|false
90.90|(3320.91,-.14)|(1.00,-.03)|3319.908384096087|24.586499776486363|3319|0|0|(3330.91,.00)|(3419.25,.00)|(3338.94,.00)|0.13|1.00|0.00|(3340.91,.00)|(1.00,.00)|3339.908384096087|24.586499776486363|0|null|2.4621117132232144|0|null|false|0|false
90.95|(3322.88,-.19)|(1.00,-.03)|3321.8759635649703|24.586499776486363|3321|0|0|(3332.88,.00)|(3421.22,.00)|(3340.91,.00)|0.13|1.00|0.00|(3342.88,.00)|(1.00,.00)|3341.8759635649703|24.586499776486363|0|null|2.447952369556715|0|null|false|0|false
91.00|(3324.84,-.24)|(1.00,-.03)|3323.843625296031|24.586499776486363|3323|0|0|(3334.84,.00)|(3423.19,.00)|(3342.88,.00)|0.13|1.00|0.00|(3344.84,.00)|(1.00,.00)|3343.843625296031|24.586499776486363|0|null|2.4345066405584586|0|null|false|0|false
91.05|(3326.81,-.28)|(1.00,-.03)|3325.8113977954963|24.586499776486363|3325|0|0|(3336.81,.00)|(3425.16,.00)|(3344.84,.00)|0.21|1.00|0.00|(3346.81,.00)|(1.00,.00)|3345.8113977954963|24.586499776486363|0|null|2.4230877702109943|0|null|false|0|false
91.10|(3328.78,-.32)|(1.00,-.02)|3327.779277664568|24.586499776486363|3327|0|0|(3338.78,.00)|(3427.13,.00)|(3346.81,.00)|0.21|1.00|0.00|(3348.78,.00)|(1.00,.00)|3347.779277664568|24.586499776486363|0|null|2.412892421647298|0|null|false|0|false
91.15|(3330.75,-.35)|(1.00,-.02)|3329.7472556263315|24.586499776486363|3329|0|0|(3340.75,.00)|(3429.09,.00)|(3348.78,.00)|0.21|1.00|0.00|(3350.75,.00)|(1.00,.00)|3349.7472556263315|24.586499776486363|0|null|2.4039586019932377|0|null|false|0|false
91.20|(3332.72,-.38)|(1.00,-.02)|3331.715321489239|24.586499776486363|3331|0|0|(3342.72,.00)|(3431.06,.00)|(3350.75,.00)|0.21|1.00|0.00|(3352.72,.00)|(1.00,.00)|3351.715321489239|24.586499776486363|0|null|2.396322406711088|0|null|false|0|false
91.25|(3334.68,-.40)|(1.00,-.02)|3333.6834342271595|24.586499776486363|3333|0|0|(3344.68,.00)|(3433.03,.00)|(3352.72,.00)|0.27|1.00|0.00|(3354.68,.00)|(1.00,.00)|3353.6834342271595|24.586499776486363|0|null|2.39115815017937|0|null|false|0|false
91.30|(3336.65,-.41)|(1.00,-.02)|3335.6516146917456|24.586499776486363|3335|0|0|(3346.65,.00)|(3435.00,.00)|(3354.68,.00)|0.27|1.00|0.00|(3356.65,.00)|(1.00,.00)|3355.6516146917456|24.586499776486363|0|null|2.3877488999186136|0|null|false|0|false
91.35|(3338.62,-.42)|(1.00,-.01)|3337.6198411411415|24.586499776486363|3337|0|0|(3348.62,.00)|(3436.97,.00)|(3356.65,.00)|0.27|1.00|0.00|(3358.62,.00)|(1.00,.00)|3357.6198411411415|24.586499776486363|0|null|2.3861277007673016|0|null|false|0|false
91.40|(3340.59,-.42)|(1.00,-.01)|3339.588105515886|24.586499776486363|3339|0|0|(3350.59,.00)|(3438.93,.00)|(3358.62,.00)|0.26|1.00|0.00|(3360.59,.00)|(1.00,.00)|3359.588105515886|24.586499776486363|0|null|2.38609488832686|0|null|false|0|false
91.45|(3342.56,-.41)|(1.00,-.01)|3341.556372495521|24.586499776486363|3341|0|0|(3352.56,.00)|(3440.90,.00)|(3360.59,.00)|0.26|1.00|0.00|(3362.56,.00)|(1.00,.00)|3361.556372495521|24.586499776486363|0|null|2.387828354731603|0|null|false|0|false
91.50|(3344.52,-.40)|(1.00,-.00)|3343.524619585649|24.586499776486363|3343|0|0|(3354.52,.00)|(3442.87,.00)|(3362.56,.00)|0.26|1.00|0.00|(3364.52,.00)|(1.00,.00)|3363.524619585649|24.586499776486363|0|null|2.3913512637078247|0|null|false|0|false
91.55|(3346.49,-.38)|(1.00,-.00)|3345.492823653705|24.586499776486363|3345|0|0|(3356.49,.00)|(3444.84,.00)|(3364.52,.00)|0.26|1.00|0.00|(3366.49,.00)|(1.00,.00)|3365.492823653705|24.586499776486363|0|null|2.3966836548681063|0|null|false|0|false
91.60|(3348.46,-.35)|(1.00,.00)|3347.4609610615043|24.586499776486363|3347|0|0|(3358.46,.00)|(3446.81,.00)|(3366.49,.00)|0.26|1.00|0.00|(3368.46,.00)|(1.00,.00)|3367.4609610615043|24.586499776486363|0|null|2.403842405435444|0|null|false|0|false
91.65|(3350.43,-.32)|(1.00,.01)|3349.4290078028266|24.586499776486363|3349|0|0|(3360.43,.00)|(3448.78,.00)|(3368.46,.00)|0.26|1.00|0.00|(3370.43,.00)|(1.00,.00)|3369.4290078028266|24.586499776486363|0|null|2.41284122480819|0|null|false|0|false
91.70|(3352.40,-.28)|(1.00,.01)|3351.39693964289|24.586499776486363|3351|0|0|(3362.40,.00)|(3450.74,.00)|(3370.43,.00)|0.26|1.00|0.00|(3372.40,.00)|(1.00,.00)|3371.39693964289|24.586499776486363|0|null|2.423690684552938|0|null|false|0|false
91.75|(3354.36,-.23)|(1.00,.01)|3353.364732256355|24.586499776486363|3353|0|0|(3364.36,.00)|(3452.71,.00)|(3372.40,.00)|0.26|1.00|0.00|(3374.36,.00)|(1.00,.00)|3373.364732256355|24.586499776486363|0|null|2.436398285504607|0|null|false|0|false
91.80|(3356.33,-.18)|(1.00,.02)|3355.332361360379|24.586499776486363|3355|0|0|(3366.33,.00)|(3454.68,.00)|(3374.36,.00)|0.26|1.00|0.00|(3376.33,.00)|(1.00,.00)|3375.332361360379|24.586499776486363|0|null|2.4509685627070654|0|null|false|0|false
91.85|(3358.30,-.12)|(1.00,.02)|3357.299802839272|24.586499776486363|3357|0|0|(3368.30,.00)|(3456.65,.00)|(3376.33,.00)|0.26|1.00|0.00|(3378.30,.00)|(1.00,.00)|3377.299802839272|24.586499776486363|0|null|2.4674032279659723|0|null|false|0|false
91.90|(3360.27,-.05)|(1.00,.02)|3359.267032857467|24.586499776486363|3359|0|0|(3370.27,.00)|(3458.61,.00)|(3378.30,.00)|0.26|1.00|0.00|(3380.27,.00)|(1.00,.00)|3379.267032857467|24.586499776486363|0|null|2.4857013488305677|0|null|false|0|false
91.95|(3362.23,.02)|(1.00,.03)|3361.2340279577866|24.586499776486363|3361|0|0|(3372.23,.00)|(3460.58,.00)|(3380.27,.00)|0.26|1.00|0.00|(3382.23,.00)|(1.00,.00)|3381.2340279577866|24.586499776486363|0|null|2.5058595618950807|0|null|false|0|false
92.00|(3364.20,.10)|(1.00,.03)|3363.20076514241|24.586499776486363|3363|0|0|(3374.20,.00)|(3462.55,.00)|(3382.23,.00)|0.26|1.00|0.00|(3384.20,.00)|(1.00,.00)|3383.20076514241|24.586499776486363|0|null|2.5278723174345012|0|null|false|0|false
92.05|(3366.17,.19)|(1.00,.03)|3365.1672219344164|24.586499776486363|3365|0|0|(3376.17,.00)|(3464.51,.00)|(3384.20,.00)|0.26|1.00|0.00|(3386.17,.00)|(1.00,.00)|3385.1672219344164|24.586499776486363|0|null|2.551732151583644|0|null|false|0|false
92.10|(3368.13,.28)|(1.00,.04)|3367.1333764183732|24.586499776486363|3367|0|0|(3378.13,.00)|(3466.48,.00)|(3386.17,.00)|0.26|1.00|0.00|(3388.13,.00)|(1.00,.00)|3387.1333764183732|24.586499776486363|0|null|2.577429981551021|0|null|false|0|false
92.15|(3370.10,.38)|(1.00,.04)|3369.099207259061|24.586499776486363|3369|0|0|(3380.10,.00)|(3468.45,.00)|(3388.13,.00)|0.26|1.00|0.00|(3390.10,.00)|(1.00,.00)|3389.099207259061|24.586499776486363|0|null|2.604955418745997|0|null|false|0|false
92.20|(3372.06,.49)|(1.00,.04)|3371.064693698084|24.586499776486363|3371|0|0|(3382.06,.00)|(3470.41,.00)|(3390.10,.00)|0.26|1.00|0.00|(3392.06,.00)|(1.00,.00)|3391.064693698084|24.586499776486363|0|null|2.634297094202807|0|null|false|0|false
92.25|(3374.03,.61)|(1.00,.05)|3373.0298155287865|24.586499776486363|3373|0|0|(3384.03,.00)|(3472.38,.00)|(3392.06,.00)|0.26|1.00|0.00|(3394.03,.00)|(1.00,.00)|3393.0298155287865|24.586499776486363|0|null|2.6654429903189927|0|null|false|0|false
92.30|(3376.00,.69)|(1.00,.05)|3374.996016861706|24.586499776486363|3374|0|0|(3386.00,.00)|(3474.34,.00)|(3394.03,.00)|-0.25|1.00|0.00|(3396.00,.00)|(1.00,.00)|3394.996016861706|24.586499776486363|0|null|2.6896754793535407|0|null|false|0|false
92.35|(3377.96,.78)|(1.00,.05)|3376.9624411062873|24.586499776486363|3376|0|0|(3387.96,.00)|(3476.31,.00)|(3396.00,.00)|-0.25|1.00|0.00|(3397.96,.00)|(1.00,.00)|3396.9624411062873|24.586499776486363|0|null|2.7126995810160444|0|null|false|0|false
92.40|(3379.93,.86)|(1.00,.04)|3378.929081983242|24.586499776486363|3378|0|0|(3389.93,.00)|(3478.28,.00)|(3397.96,.00)|-0.25|1.00|0.00|(3399.93,.00)|(1.00,.00)|3398.929081983242|24.586499776486363|0|null|2.7344756541634836|0|null|false|0|false
92.45|(3381.90,.93)|(1.00,.04)|3380.8959319430205|24.586499776486363|3380|0|0|(3391.90,.00)|(3480.24,.00)|(3399.93,.00)|-0.25|1.00|0.00|(3401.90,.00)|(1.00,.00)|3400.8959319430205|24.586499776486363|0|null|2.7549676609291636|0|null|false|0|false
92.50|(3383.86,.98)|(1.00,.04)|3382.863016370094|24.586499776486363|3382|0|0|(3393.86,.00)|(3482.21,.00)|(3401.90,.00)|-0.58|1.00|0.00|(3403.86,.00)|(1.00,.00)|3402.863016370094|24.586499776486363|0|null|2.768466254253982|0|null|false|0|false
92.55|(3385.83,1.02)|(1.00,.03)|3384.8304218544413|24.586499776486363|3384|0|0|(3395.83,.00)|(3484.18,.00)|(3403.86,.00)|-0.58|1.00|0.00|(3405.83,.00)|(1.00,.00)|3404.8304218544413|24.586499776486363|0|null|2.7786711370536477|0|null|false|0|false
92.60|(3387.80,1.05)|(1.00,.03)|3386.798072438224|24.586499776486363|3386|0|0|(3397.80,.00)|(3486.14,.00)|(3405.83,.00)|-0.58|1.00|0.00|(3407.80,.00)|(1.00,.00)|3406.798072438224|24.586499776486363|0|null|2.7855387321568803|0|null|false|0|false
92.65|(3389.77,1.06)|(1.00,.02)|3388.765824266314|24.586499776486363|3388|0|0|(3399.77,.00)|(3488.11,.00)|(3407.80,.00)|-0.61|1.00|0.00|(3409.77,.00)|(1.00,.00)|3408.765824266314|24.586499776486363|0|null|2.7884283406111043|0|null|false|0|false
92.70|(3391.73,1.05)|(1.00,.02)|3390.733650818547|24.586499776486363|3390|0|0|(3401.73,.00)|(3490.08,.00)|(3409.77,.00)|-0.61|1.00|0.00|(3411.73,.00)|(1.00,.00)|3410.733650818547|24.586499776486363|0|null|2.7877035928950926|0|null|false|0|false
92.75|(3393.70,1.04)|(1.00,.01)|3392.7014588603515|24.586499776486363|3392|0|0|(3403.70,.00)|(3492.05,.00)|(3411.73,.00)|-0.61|1.00|0.00|(3413.70,.00)|(1.00,.00)|3412.7014588603515|24.586499776486363|0|null|2.783335674077839|0|null|false|0|false
92.80|(3395.67,1.01)|(1.00,.01)|3394.6693435219304|24.586499776486363|3394|0|0|(3405.67,.00)|(3494.02,.00)|(3413.70,.00)|-0.54|1.00|0.00|(3415.67,.00)|(1.00,.00)|3414.6693435219304|24.586499776486363|0|null|2.776469132658339|0|null|false|0|false
92.85|(3397.64,.97)|(1.00,-.00)|3396.6370700975926|24.586499776486363|3396|0|0|(3407.64,.00)|(3495.98,.00)|(3415.67,.00)|-0.54|1.00|0.00|(3417.64,.00)|(1.00,.00)|3416.6370700975926|24.586499776486363|0|null|2.7663186332191816|0|null|false|0|false
92.90|(3399.60,.93)|(1.00,-.01)|3398.604561973208|24.586499776486363|3398|0|0|(3409.60,.00)|(3497.95,.00)|(3417.64,.00)|-0.54|1.00|0.00|(3419.60,.00)|(1.00,.00)|3418.604561973208|24.586499776486363|0|null|2.7528740518558035|0|null|false|0|false
92.95|(3401.57,.86)|(1.00,-.01)|3400.5717424501267|24.586499776486363|3400|0|0|(3411.57,.00)|(3499.92,.00)|(3419.60,.00)|-0.54|1.00|0.00|(3421.57,.00)|(1.00,.00)|3420.5717424501267|24.586499776486363|0|null|2.736129172659878|0|null|false|0|false
93.00|(3403.54,.79)|(1.00,-.02)|3402.538535021667|24.586499776486363|3402|0|0|(3413.54,.00)|(3501.88,.00)|(3421.57,.00)|-0.54|1.00|0.00|(3423.54,.00)|(1.00,.00)|3422.538535021667|24.586499776486363|0|null|2.7160813364389806|0|null|false|0|false
93.05|(3405.51,.72)|(1.00,-.02)|3404.50548359277|24.586499776486363|3404|0|0|(3415.51,.00)|(3503.85,.00)|(3423.54,.00)|-0.38|1.00|0.00|(3425.51,.00)|(1.00,.00)|3424.50548359277|24.586499776486363|0|null|2.695623133411419|0|null|false|0|false
93.10|(3407.47,.63)|(1.00,-.03)|3406.472108218084|24.586499776486363|3406|0|0|(3417.47,.00)|(3505.82,.00)|(3425.51,.00)|-0.38|1.00|0.00|(3427.47,.00)|(1.00,.00)|3426.472108218084|24.586499776486363|0|null|2.672858870424829|0|null|false|0|false
93.15|(3409.44,.54)|(1.00,-.03)|3408.438373967212|24.586499776486363|3408|0|0|(3419.44,.00)|(3507.78,.00)|(3427.47,.00)|-0.38|1.00|0.00|(3429.44,.00)|(1.00,.00)|3428.438373967212|24.586499776486363|0|null|2.647802904821852|0|null|false|0|false
93.20|(3411.40,.46)|(1.00,-.03)|3410.4049970691444|24.586499776486363|3410|0|0|(3421.40,.00)|(3509.75,.00)|(3429.44,.00)|-0.14|1.00|0.00|(3431.40,.00)|(1.00,.00)|3430.4049970691444|24.586499776486363|0|null|2.6244766389772365|0|null|false|0|false
93.25|(3413.37,.37)|(1.00,-.04)|3412.37149085683|24.586499776486363|3412|0|0|(3423.37,.00)|(3511.72,.00)|(3431.40,.00)|-0.14|1.00|0.00|(3433.37,.00)|(1.00,.00)|3432.37149085683|24.586499776486363|0|null|2.6002649453637727|0|null|false|0|false
93.30|(3415.34,.28)|(1.00,-.04)|3414.337853742548|24.586499776486363|3414|0|0|(3425.34,.00)|(3513.68,.00)|(3433.37,.00)|-0.14|1.00|0.00|(3435.34,.00)|(1.00,.00)|3434.337853742548|24.586499776486363|0|null|2.5751960938764773|0|null|false|0|false
93.35|(3417.30,.19)|(1.00,-.04)|3416.30446827831|24.586499776486363|3416|0|0|(3427.30,.00)|(3515.65,.00)|(3435.34,.00)|0.02|1.00|0.00|(3437.30,.00)|(1.00,.00)|3436.30446827831|24.586499776486363|0|null|2.5520850955366225|0|null|false|0|false
93.40|(3419.27,.11)|(1.00,-.04)|3418.2711253723405|24.586499776486363|3418|0|0|(3429.27,.00)|(3517.62,.00)|(3437.30,.00)|0.02|1.00|0.00|(3439.27,.00)|(1.00,.00)|3438.2711253723405|24.586499776486363|0|null|2.5291255330414777|0|null|false|0|false
93.45|(3421.24,.02)|(1.00,-.04)|3420.237828424411|24.586499776486363|3420|0|0|(3431.24,.00)|(3519.58,.00)|(3439.27,.00)|0.02|1.00|0.00|(3441.24,.00)|(1.00,.00)|3440.237828424411|24.586499776486363|0|null|2.5063490459571276|0|null|false|0|false
93.50|(3423.20,-.06)|(1.00,-.04)|3422.2045803776787|24.586499776486363|3422|0|0|(3433.20,.00)|(3521.55,.00)|(3441.24,.00)|0.02|1.00|0.00|(3443.20,.00)|(1.00,.00)|3442.2045803776787|24.586499776486363|0|null|2.4837840348416864|0|null|false|0|false
93.55|(3425.17,-.13)|(1.00,-.04)|3424.1716120072288|24.586499776486363|3424|0|0|(3435.17,.00)|(3523.52,.00)|(3443.20,.00)|0.18|1.00|0.00|(3445.17,.00)|(1.00,.00)|3444.1716120072288|24.586499776486363|0|null|2.4642115864915075|0|null|false|0|false
93.60|(3427.14,-.20)|(1.00,-.04)|3426.1388251438448|24.586499776486363|3426|0|0|(3437.14,.00)|(3525.48,.00)|(3445.17,.00)|0.18|1.00|0.00|(3447.14,.00)|(1.00,.00)|3446.1388251438448|24.586499776486363|0|null|2.4458432464585353|0|null|false|0|false
93.65|(3429.11,-.26)|(1.00,-.04)|3428.1062112847435|24.586499776486363|3428|0|0|(3439.11,.00)|(3527.45,.00)|(3447.14,.00)|0.18|1.00|0.00|(3449.11,.00)|(1.00,.00)|3448.1062112847435|24.586499776486363|0|null|2.4287059658633554|0|null|false|0|false
93.70|(3431.07,-.32)|(1.00,-.04)|3430.07376091935|24.586499776486363|3430|0|0|(3441.07,.00)|(3529.42,.00)|(3449.11,.00)|0.18|1.00|0.00|(3451.07,.00)|(1.00,.00)|3450.07376091935|24.586499776486363|0|null|2.4128221602456463|0|null|false|0|false
93.75|(3433.04,-.37)|(1.00,-.03)|3432.0414919882996|24.586499776486363|3432|0|0|(3443.04,.00)|(3531.39,.00)|(3451.07,.00)|0.29|1.00|0.00|(3453.04,.00)|(1.00,.00)|3452.0414919882996|24.586499776486363|0|null|2.400135668961044|0|null|false|0|false
93.80|(3435.01,-.40)|(1.00,-.03)|3434.0094076296214|24.586499776486363|3434|0|0|(3445.01,.00)|(3533.36,.00)|(3453.04,.00)|0.29|1.00|0.00|(3455.01,.00)|(1.00,.00)|3454.0094076296214|24.586499776486363|0|null|2.389395358552667|0|null|false|0|false
93.85|(3436.98,-.44)|(1.00,-.03)|3435.9774810228887|24.586499776486363|3435|0|0|(3446.98,.00)|(3535.32,.00)|(3455.01,.00)|0.29|1.00|0.00|(3456.98,.00)|(1.00,.00)|3455.9774810228887|24.586499776486363|0|null|2.3806167854707025|0|null|false|0|false
93.90|(3438.95,-.46)|(1.00,-.02)|3437.945672297875|24.586499776486363|3437|0|0|(3448.95,.00)|(3537.29,.00)|(3456.98,.00)|0.31|1.00|0.00|(3458.95,.00)|(1.00,.00)|3457.945672297875|24.586499776486363|0|null|2.3741532507425895|0|null|false|0|false
93.95|(3440.91,-.48)|(1.00,-.02)|3439.913966433125|24.586499776486363|3439|0|0|(3450.91,.00)|(3539.26,.00)|(3458.95,.00)|0.31|1.00|0.00|(3460.91,.00)|(1.00,.00)|3459.913966433125|24.586499776486363|0|null|2.3697861436829104|0|null|false|0|false
94.00|(3442.88,-.48)|(1.00,-.02)|3441.8823318471127|24.586499776486363|3441|0|0|(3452.88,.00)|(3541.23,.00)|(3460.91,.00)|0.31|1.00|0.00|(3462.88,.00)|(1.00,.00)|3461.8823318471127|24.586499776486363|0|null|2.367518627002378|0|null|false|0|false
94.05|(3444.85,-.49)|(1.00,-.01)|3443.8507369237327|24.586499776486363|3443|0|0|(3454.85,.00)|(3543.20,.00)|(3462.88,.00)|0.31|1.00|0.00|(3464.85,.00)|(1.00,.00)|3463.8507369237327|24.586499776486363|0|null|2.367349837932336|0|null|false|0|false
94.10|(3446.82,-.48)|(1.00,-.01)|3445.819150228195|24.586499776486363|3445|0|0|(3456.82,.00)|(3545.17,.00)|(3464.85,.00)|0.31|1.00|0.00|(3466.82,.00)|(1.00,.00)|3465.819150228195|24.586499776486363|0|null|2.3692752460110036|0|null|false|0|false
94.15|(3448.79,-.47)|(1.00,-.01)|3447.7876180037765|24.586499776486363|3447|0|0|(3458.79,.00)|(3547.13,.00)|(3466.82,.00)|0.26|1.00|0.00|(3468.79,.00)|(1.00,.00)|3467.7876180037765|24.586499776486363|0|null|2.372352774967241|0|null|false|0|false
94.20|(3450.76,-.45)|(1.00,-.00)|3449.75605339294|24.586499776486363|3449|0|0|(3460.76,.00)|(3549.10,.00)|(3468.79,.00)|0.26|1.00|0.00|(3470.76,.00)|(1.00,.00)|3469.75605339294|24.586499776486363|0|null|2.377185128871741|0|null|false|0|false
94.25|(3452.72,-.43)|(1.00,.00)|3451.7244351072886|24.586499776486363|3451|0|0|(3462.72,.00)|(3551.07,.00)|(3470.76,.00)|0.26|1.00|0.00|(3472.72,.00)|(1.00,.00)|3471.7244351072886|24.586499776486363|0|null|2.3837562003857338|0|null|false|0|false
94.30|(3454.69,-.40)|(1.00,.00)|3453.692742599001|24.586499776486363|3453|0|0|(3464.69,.00)|(3553.04,.00)|(3472.72,.00)|0.26|1.00|0.00|(3474.69,.00)|(1.00,.00)|3473.692742599001|24.586499776486363|0|null|2.3920481858172074|0|null|false|0|false
94.35|(3456.66,-.36)|(1.00,.01)|3455.660956102681|24.586499776486363|3455|0|0|(3466.66,.00)|(3555.01,.00)|(3474.69,.00)|0.26|1.00|0.00|(3476.66,.00)|(1.00,.00)|3475.660956102681|24.586499776486363|0|null|2.4020419971252824|0|null|false|0|false
94.40|(3458.63,-.32)|(1.00,.01)|3457.6292626459285|24.586499776486363|3457|0|0|(3468.63,.00)|(3556.98,.00)|(3476.66,.00)|0.13|1.00|0.00|(3478.63,.00)|(1.00,.00)|3477.6292626459285|24.586499776486363|0|null|2.4115835200231377|0|null|false|0|false
94.45|(3460.60,-.29)|(1.00,.01)|3459.59751378594|24.586499776486363|3459|0|0|(3470.60,.00)|(3558.94,.00)|(3478.63,.00)|0.13|1.00|0.00|(3480.60,.00)|(1.00,.00)|3479.59751378594|24.586499776486363|0|null|2.422053565476391|0|null|false|0|false
94.50|(3462.57,-.24)|(1.00,.01)|3461.5657052306487|24.586499776486363|3461|0|0|(3472.57,.00)|(3560.91,.00)|(3480.60,.00)|0.13|1.00|0.00|(3482.57,.00)|(1.00,.00)|3481.5657052306487|24.586499776486363|0|null|2.4334249006244666|0|null|false|0|false
94.55|(3464.53,-.20)|(1.00,.02)|3463.533944233873|24.586499776486363|3463|0|0|(3474.53,.00)|(3562.88,.00)|(3482.57,.00)|0.05|1.00|0.00|(3484.53,.00)|(1.00,.00)|3483.533944233873|24.586499776486363|0|null|2.4441991184642546|0|null|false|0|false
94.60|(3466.50,-.16)|(1.00,.02)|3465.50216462527|24.586499776486363|3465|0|0|(3476.50,.00)|(3564.85,.00)|(3484.53,.00)|0.05|1.00|0.00|(3486.50,.00)|(1.00,.00)|3485.50216462527|24.586499776486363|0|null|2.4553180029258836|0|null|false|0|false
94.65|(3468.47,-.12)|(1.00,.02)|3467.4703674037546|24.586499776486363|3467|0|0|(3478.47,.00)|(3566.82,.00)|(3486.50,.00)|0.05|1.00|0.00|(3488.47,.00)|(1.00,.00)|3487.4703674037546|24.586499776486363|0|null|2.466753603345791|0|null|false|0|false
94.70|(3470.44,-.08)|(1.00,.02)|3469.438553628115|24.586499776486363|3469|0|0|(3480.44,.00)|(3568.78,.00)|(3488.47,.00)|0.05|1.00|0.00|(3490.44,.00)|(1.00,.00)|3489.438553628115|24.586499776486363|0|null|2.478480298862131|0|null|false|0|false
94.75|(3472.41,-.04)|(1.00,.02)|3471.4068130011237|24.586499776486363|3471|0|0|(3482.41,.00)|(3570.75,.00)|(3490.44,.00)|-0.05|1.00|0.00|(3492.41,.00)|(1.00,.00)|3491.4068130011237|24.586499776486363|0|null|2.488723059326532|0|null|false|0|false
94.80|(3474.38,-.01)|(1.00,.02)|3473.37510565851|24.586499776486363|3473|0|0|(3484.38,.00)|(3572.72,.00)|(3492.41,.00)|-0.05|1.00|0.00|(3494.38,.00)|(1.00,.00)|3493.37510565851|24.586499776486363|0|null|2.498611673195965|0|null|false|0|false
94.85|(3476.34,.03)|(1.00,.02)|3475.3434318915515|24.586499776486363|3475|0|0|(3486.34,.00)|(3574.69,.00)|(3494.38,.00)|-0.05|1.00|0.00|(3496.34,.00)|(1.00,.00)|3495.3434318915515|24.586499776486363|0|null|2.508122698833447|0|null|false|0|false
94.90|(3478.31,.06)|(1.00,.02)|3477.3118093770267|24.586499776486363|3477|0|0|(3488.31,.00)|(3576.66,.00)|(3496.34,.00)|-0.11|1.00|0.00|(3498.31,.00)|(1.00,.00)|3497.3118093770267|24.586499776486363|0|null|2.516329855500417|0|null|false|0|false
94.95|(3480.28,.09)|(1.00,.02)|3479.2802359491393|24.586499776486363|3479|0|0|(3490.28,.00)|(3578.63,.00)|(3498.31,.00)|-0.11|1.00|0.00|(3500.28,.00)|(1.00,.00)|3499.2802359491393|24.586499776486363|0|null|2.5238112658569705|0|null|false|0|false
95.00|(3482.25,.11)|(1.00,.02)|3481.2487083531964|24.586499776486363|3481|0|0|(3492.25,.00)|(3580.59,.00)|(3500.28,.00)|-0.11|1.00|0.00|(3502.25,.00)|(1.00,.00)|3501.2487083531964|24.586499776486363|0|null|2.530550330689361|0|null|false|0|false
95.05|(3484.22,.13)|(1.00,.01)|3483.2172229683433|24.586499776486363|3483|0|0|(3494.22,.00)|(3582.56,.00)|(3502.25,.00)|-0.11|1.00|0.00|(3504.22,.00)|(1.00,.00)|3503.2172229683433|24.586499776486363|0|null|2.5365337913766863|0|null|false|0|false
95.10|(3486.19,.15)|(1.00,.01)|3485.185769036705|24.586499776486363|3485|0|0|(3496.19,.00)|(3584.53,.00)|(3504.22,.00)|-0.15|1.00|0.00|(3506.19,.00)|(1.00,.00)|3505.185769036705|24.586499776486363|0|null|2.5410765880369697|0|null|false|0|false
95.15|(3488.15,.16)|(1.00,.01)|3487.1543533209137|24.586499776486363|3487|0|0|(3498.15,.00)|(3586.50,.00)|(3506.19,.00)|-0.15|1.00|0.00|(3508.15,.00)|(1.00,.00)|3507.1543533209137|24.586499776486363|0|null|2.5446146573506248|0|null|false|0|false
95.20|(3490.12,.17)|(1.00,.01)|3489.122968558018|24.586499776486363|3489|0|0|(3500.12,.00)|(3588.47,.00)|(3508.15,.00)|-0.15|1.00|0.00|(3510.12,.00)|(1.00,.00)|3509.122968558018|24.586499776486363|0|null|2.547141258112684|0|null|false|0|false
95.25|(3492.09,.18)|(1.00,.01)|3491.0916073273575|24.586499776486363|3491|0|0|(3502.09,.00)|(3590.44,.00)|(3510.12,.00)|-0.15|1.00|0.00|(3512.09,.00)|(1.00,.00)|3511.0916073273575|24.586499776486363|0|null|2.5486522195146604|0|null|false|0|false
95.30|(3494.06,.18)|(1.00,.01)|3493.060262121707|24.586499776486363|3493|0|0|(3504.06,.00)|(3592.41,.00)|(3512.09,.00)|-0.15|1.00|0.00|(3514.06,.00)|(1.00,.00)|3513.060262121707|24.586499776486363|0|null|2.5491456035919224|0|null|false|0|false
95.35|(3496.03,.18)|(1.00,.01)|3495.0289254086197|24.586499776486363|3495|0|0|(3506.03,.00)|(3594.37,.00)|(3514.06,.00)|-0.15|1.00|0.00|(3516.03,.00)|(1.00,.00)|3515.0289254086197|24.586499776486363|0|null|2.5486213504822866|0|null|false|0|false
95.40|(3498.00,.17)|(1.00,.00)|3496.997589680562|24.586499776486363|3496|0|0|(3508.00,.00)|(3596.34,.00)|(3516.03,.00)|-0.15|1.00|0.00|(3518.00,.00)|(1.00,.00)|3516.997589680562|24.586499776486363|0|null|2.547080912492248|0|null|false|0|false
95.45|(3499.97,.16)|(1.00,.00)|3498.966247492904|24.586499776486363|3498|0|0|(3509.97,.00)|(3598.31,.00)|(3518.00,.00)|-0.15|1.00|0.00|(3519.97,.00)|(1.00,.00)|3518.966247492904|24.586499776486363|0|null|2.5445268832671695|0|null|false|0|false
95.50|(3501.93,.15)|(1.00,-.00)|3500.9348914893044|24.586499776486363|3500|0|0|(3511.93,.00)|(3600.28,.00)|(3519.97,.00)|-0.15|1.00|0.00|(3521.93,.00)|(1.00,.00)|3520.9348914893044|24.586499776486363|0|null|2.5409626285304747|0|null|false|0|false
95.55|(3503.90,.13)|(1.00,-.00)|3502.9035144144814|24.586499776486363|3502|0|0|(3513.90,.00)|(3602.25,.00)|(3521.93,.00)|-0.15|1.00|0.00|(3523.90,.00)|(1.00,.00)|3522.9035144144814|24.586499776486363|0|null|2.536391924889392|0|null|false|0|false
95.60|(3505.87,.11)|(1.00,-.00)|3504.8721091147795|24.586499776486363|3504|0|0|(3515.87,.00)|(3604.22,.00)|(3523.90,.00)|-0.15|1.00|0.00|(3525.87,.00)|(1.00,.00)|3524.8721091147795|24.586499776486363|0|null|2.530818613099074|0|null|false|0|false
95.65|(3507.84,.09)|(1.00,-.01)|3506.8406685273094|24.586499776486363|3506|0|0|(3517.84,.00)|(3606.19,.00)|(3525.87,.00)|-0.15|1.00|0.00|(3527.84,.00)|(1.00,.00)|3526.8406685273094|24.586499776486363|0|null|2.524246271934313|0|null|false|0|false
95.70|(3509.81,.06)|(1.00,-.01)|3508.809185658775|24.586499776486363|3508|0|0|(3519.81,.00)|(3608.16,.00)|(3527.84,.00)|-0.15|1.00|0.00|(3529.81,.00)|(1.00,.00)|3528.809185658775|24.586499776486363|0|null|2.516677918442851|0|null|false|0|false
95.75|(3511.78,.03)|(1.00,-.01)|3510.7776535553667|24.586499776486363|3510|0|0|(3521.78,.00)|(3610.12,.00)|(3529.81,.00)|-0.15|1.00|0.00|(3531.78,.00)|(1.00,.00)|3530.7776535553667|24.586499776486363|0|null|2.5081157398539897|0|null|false|0|false
95.80|(3513.75,-.01)|(1.00,-.01)|3512.7460652653294|24.586499776486363|3512|0|0|(3523.75,.00)|(3612.09,.00)|(3531.78,.00)|-0.15|1.00|0.00|(3533.75,.00)|(1.00,.00)|3532.7460652653294|24.586499776486363|0|null|2.4985608618008666|0|null|false|0|false
95.85|(3515.71,-.04)|(1.00,-.01)|3514.7144137959654|24.586499776486363|3514|0|0|(3525.71,.00)|(3614.06,.00)|(3533.75,.00)|-0.15|1.00|0.00|(3535.71,.00)|(1.00,.00)|3534.7144137959654|24.586499776486363|0|null|2.4880131567973702|0|null|false|0|false
95.90|(3517.68,-.09)|(1.00,-.02)|3516.6826920669623|24.586499776486363|3516|0|0|(3527.68,.00)|(3616.03,.00)|(3535.71,.00)|-0.15|1.00|0.00|(3537.68,.00)|(1.00,.00)|3536.6826920669623|24.586499776486363|0|null|2.476471096106141|0|null|false|0|false
95.95|(3519.65,-.13)|(1.00,-.02)|3518.650892861989|24.586499776486363|3518|0|0|(3529.65,.00)|(3618.00,.00)|(3537.68,.00)|-0.15|1.00|0.00|(3539.65,.00)|(1.00,.00)|3538.650892861989|24.586499776486363|0|null|2.463931647259564|0|null|false|0|false
96.00|(3521.62,-.18)|(1.00,-.02)|3520.6190087805285|24.586499776486363|3520|0|0|(3531.62,.00)|(3619.97,.00)|(3539.65,.00)|-0.15|1.00|0.00|(3541.62,.00)|(1.00,.00)|3540.6190087805285|24.586499776486363|0|null|2.4503902185697277|0|null|false|0|false
96.05|(3523.59,-.23)|(1.00,-.02)|3522.587032191882|24.586499776486363|3522|0|0|(3533.59,.00)|(3621.93,.00)|(3541.62,.00)|-0.15|1.00|0.00|(3543.59,.00)|(1.00,.00)|3542.587032191882|24.586499776486363|0|null|2.435840651005716|0|null|false|0|false
96.10|(3525.55,-.29)|(1.00,-.02)|3524.5549551932286|24.586499776486363|3524|0|0|(3535.55,.00)|(3623.90,.00)|(3543.59,.00)|-0.15|1.00|0.00|(3545.55,.00)|(1.00,.00)|3544.5549551932286|24.586499776486363|0|null|2.420275256847917|0|null|false|0|false
96.15|(3527.52,-.35)|(1.00,-.03)|3526.522769573507|24.586499776486363|3526|0|0|(3537.52,.00)|(3625.87,.00)|(3545.55,.00)|-0.15|1.00|0.00|(3547.52,.00)|(1.00,.00)|3546.522769573507|24.586499776486363|0|null|2.4036849035700767|0|null|false|0|false
96.20|(3529.49,-.42)|(1.00,-.03)|3528.490466784753|24.586499776486363|3528|0|0|(3539.49,.00)|(3627.84,.00)|(3547.52,.00)|-0.15|1.00|0.00|(3549.49,.00)|(1.00,.00)|3548.490466784753|24.586499776486363|0|null|2.386059140471261|0|null|false|0|false
96.25|(3531.46,-.49)|(1.00,-.03)|3530.4580379223494|24.586499776486363|3530|0|0|(3541.46,.00)|(3629.80,.00)|(3549.49,.00)|-0.15|1.00|0.00|(3551.46,.00)|(1.00,.00)|3550.4580379223494|24.586499776486363|0|null|2.367386364701871|0|null|false|0|false
96.30|(3533.43,-.56)|(1.00,-.03)|3532.4254737154315|24.586499776486363|3532|0|0|(3543.43,.00)|(3631.77,.00)|(3551.46,.00)|-0.15|1.00|0.00|(3553.43,.00)|(1.00,.00)|3552.4254737154315|24.586499776486363|0|null|2.3476540225193485|0|null|false|0|false
96.35|(3535.39,-.63)|(1.00,-.03)|3534.3927645284484|24.586499776486363|3534|0|0|(3545.39,.00)|(3633.74,.00)|(3553.43,.00)|-0.15|1.00|0.00|(3555.39,.00)|(1.00,.00)|3554.3927645284484|24.586499776486363|0|null|2.3268488408879535|0|null|false|0|false
96.40|(3537.36,-.71)|(1.00,-.04)|3536.3599003745935|24.586499776486363|3536|0|0|(3547.36,.00)|(3635.71,.00)|(3555.39,.00)|-0.15|1.00|0.00|(3557.36,.00)|(1.00,.00)|3556.3599003745935|24.586499776486363|0|null|2.304957083918634|0|null|false|0|false
96.45|(3539.33,-.80)|(1.00,-.04)|3538.326870941516|24.586499776486363|3538|0|0|(3549.33,.00)|(3637.67,.00)|(3557.36,.00)|-0.15|1.00|0.00|(3559.33,.00)|(1.00,.00)|3558.326870941516|24.586499776486363|0|null|2.2819648281432525|0|null|false|0|false
96.50|(3541.29,-.86)|(1.00,-.04)|3540.2944722062634|24.586499776486363|3540|0|0|(3551.29,.00)|(3639.64,.00)|(3559.33,.00)|0.28|1.00|0.00|(3561.29,.00)|(1.00,.00)|3560.2944722062634|24.586499776486363|0|null|2.2652683118661665|0|null|false|0|false
96.55|(3543.26,-.92)|(1.00,-.03)|3542.262252064091|24.586499776486363|3542|0|0|(3553.26,.00)|(3641.61,.00)|(3561.29,.00)|0.28|1.00|0.00|(3563.26,.00)|(1.00,.00)|3562.262252064091|24.586499776486363|0|null|2.24998812020139|0|null|false|0|false
96.60|(3545.23,-.97)|(1.00,-.03)|3544.230195921581|24.586499776486363|3544|0|0|(3555.23,.00)|(3643.58,.00)|(3563.26,.00)|0.28|1.00|0.00|(3565.23,.00)|(1.00,.00)|3564.230195921581|24.586499776486363|0|null|2.2361352114356867|0|null|false|0|false
96.65|(3547.20,-1.00)|(1.00,-.03)|3546.1981919221425|24.586499776486363|3546|0|0|(3557.20,.00)|(3645.54,.00)|(3565.23,.00)|0.53|1.00|0.00|(3567.20,.00)|(1.00,.00)|3566.1981919221425|24.586499776486363|0|null|2.228054066534342|0|null|false|0|false
96.70|(3549.17,-1.01)|(1.00,-.02)|3548.1663632152536|24.586499776486363|3548|0|0|(3559.17,.00)|(3647.51,.00)|(3567.20,.00)|0.53|1.00|0.00|(3569.17,.00)|(1.00,.00)|3568.1663632152536|24.586499776486363|0|null|2.2229062421815|0|null|false|0|false
96.75|(3551.13,-1.02)|(1.00,-.02)|3550.1346477414054|24.586499776486363|3550|0|0|(3561.13,.00)|(3649.48,.00)|(3569.17,.00)|0.53|1.00|0.00|(3571.13,.00)|(1.00,.00)|3570.1346477414054|24.586499776486363|0|null|2.220713323294857|0|null|false|0|false
96.80|(3553.10,-1.02)|(1.00,-.01)|3552.1029823803924|24.586499776486363|3552|0|0|(3563.10,.00)|(3651.45,.00)|(3571.13,.00)|0.53|1.00|0.00|(3573.10,.00)|(1.00,.00)|3572.1029823803924|24.586499776486363|0|null|2.22149502481433|0|null|false|0|false
96.85|(3555.07,-1.01)|(1.00,-.01)|3554.071357507669|24.586499776486363|3554|0|0|(3565.07,.00)|(3653.42,.00)|(3573.10,.00)|0.51|1.00|0.00|(3575.07,.00)|(1.00,.00)|3574.071357507669|24.586499776486363|0|null|2.224825873436238|0|null|false|0|false
96.90|(3557.04,-.98)|(1.00,-.00)|3556.0396671086487|24.586499776486363|3556|0|0|(3567.04,.00)|(3655.39,.00)|(3575.07,.00)|0.51|1.00|0.00|(3577.04,.00)|(1.00,.00)|3576.0396671086487|24.586499776486363|0|null|2.231014572965333|0|null|false|0|false
96.95|(3559.01,-.95)|(1.00,.00)|3558.0078519597505|24.586499776486363|3558|0|0|(3569.01,.00)|(3657.35,.00)|(3577.04,.00)|0.51|1.00|0.00|(3579.01,.00)|(1.00,.00)|3578.0078519597505|24.586499776486363|0|null|2.240076441563928|0|null|false|0|false
97.00|(3560.98,-.91)|(1.00,.01)|3559.9758521600725|24.586499776486363|3559|0|0|(3570.98,.00)|(3659.32,.00)|(3579.01,.00)|0.51|1.00|0.00|(3580.98,.00)|(1.00,.00)|3579.9758521600725|24.586499776486363|0|null|2.252026658293728|0|null|false|0|false
97.05|(3562.94,-.86)|(1.00,.01)|3561.9438188767435|24.586499776486363|3561|0|0|(3572.94,.00)|(3661.29,.00)|(3580.98,.00)|0.44|1.00|0.00|(3582.94,.00)|(1.00,.00)|3581.9438188767435|24.586499776486363|0|null|2.2656319473251196|0|null|false|0|false
97.10|(3564.91,-.80)|(1.00,.02)|3563.9115477675614|24.586499776486363|3563|0|0|(3574.91,.00)|(3663.26,.00)|(3582.94,.00)|0.44|1.00|0.00|(3584.91,.00)|(1.00,.00)|3583.9115477675614|24.586499776486363|0|null|2.2817276638019117|0|null|false|0|false
97.15|(3566.88,-.73)|(1.00,.02)|3565.8789935741675|24.586499776486363|3565|0|0|(3576.88,.00)|(3665.22,.00)|(3584.91,.00)|0.44|1.00|0.00|(3586.88,.00)|(1.00,.00)|3585.8789935741675|24.586499776486363|0|null|2.300325990072864|0|null|false|0|false
97.20|(3568.85,-.67)|(1.00,.02)|3567.846646589002|24.586499776486363|3567|0|0|(3578.85,.00)|(3667.19,.00)|(3586.88,.00)|0.25|1.00|0.00|(3588.85,.00)|(1.00,.00)|3587.846646589002|24.586499776486363|0|null|2.318301708292847|0|null|false|0|false
97.25|(3570.81,-.59)|(1.00,.03)|3569.8141229244657|24.586499776486363|3569|0|0|(3580.81,.00)|(3669.16,.00)|(3588.85,.00)|0.25|1.00|0.00|(3590.81,.00)|(1.00,.00)|3589.8141229244657|24.586499776486363|0|null|2.337729658210251|0|null|false|0|false
97.30|(3572.78,-.52)|(1.00,.03)|3571.781406748272|24.586499776486363|3571|0|0|(3582.78,.00)|(3671.13,.00)|(3590.81,.00)|0.25|1.00|0.00|(3592.78,.00)|(1.00,.00)|3591.781406748272|24.586499776486363|0|null|2.3586151869835965|0|null|false|0|false
97.35|(3574.75,-.44)|(1.00,.03)|3573.7488272430037|24.586499776486363|3573|0|0|(3584.75,.00)|(3673.09,.00)|(3592.78,.00)|0.12|1.00|0.00|(3594.75,.00)|(1.00,.00)|3593.7488272430037|24.586499776486363|0|null|2.378585485102205|0|null|false|0|false
97.40|(3576.72,-.37)|(1.00,.03)|3575.716167351673|24.586499776486363|3575|0|0|(3586.72,.00)|(3675.06,.00)|(3594.75,.00)|0.12|1.00|0.00|(3596.72,.00)|(1.00,.00)|3595.716167351673|24.586499776486363|0|null|2.399212450728233|0|null|false|0|false
97.45|(3578.68,-.29)|(1.00,.03)|3577.68342298276|24.586499776486363|3577|0|0|(3588.68,.00)|(3677.03,.00)|(3596.72,.00)|0.12|1.00|0.00|(3598.68,.00)|(1.00,.00)|3597.68342298276|24.586499776486363|0|null|2.4204990197199985|0|null|false|0|false
97.50|(3580.65,-.21)|(1.00,.04)|3579.6505897584743|24.586499776486363|3579|0|0|(3590.65,.00)|(3679.00,.00)|(3598.68,.00)|0.12|1.00|0.00|(3600.65,.00)|(1.00,.00)|3599.6505897584743|24.586499776486363|0|null|2.442450113734038|0|null|false|0|false
97.55|(3582.62,-.14)|(1.00,.04)|3581.617990416471|24.586499776486363|3581|0|0|(3592.62,.00)|(3680.96,.00)|(3600.65,.00)|-0.05|1.00|0.00|(3602.62,.00)|(1.00,.00)|3601.617990416471|24.586499776486363|0|null|2.4622374350341163|0|null|false|0|false
97.60|(3584.59,-.07)|(1.00,.04)|3583.5854477976895|24.586499776486363|3583|0|0|(3594.59,.00)|(3682.93,.00)|(3602.62,.00)|-0.05|1.00|0.00|(3604.59,.00)|(1.00,.00)|3603.5854477976895|24.586499776486363|0|null|2.4817304790377266|0|null|false|0|false
97.65|(3586.55,.00)|(1.00,.04)|3585.552959964758|24.586499776486363|3585|0|0|(3596.55,.00)|(3684.90,.00)|(3604.59,.00)|-0.05|1.00|0.00|(3606.55,.00)|(1.00,.00)|3605.552959964758|24.586499776486363|0|null|2.5009289375728874|0|null|false|0|false
97.70|(3588.52,.07)|(1.00,.04)|3587.520524848005|24.586499776486363|3587|0|0|(3598.52,.00)|(3686.87,.00)|(3606.55,.00)|-0.05|1.00|0.00|(3608.52,.00)|(1.00,.00)|3607.520524848005|24.586499776486363|0|null|2.5198340202568605|0|null|false|0|false
97.75|(3590.49,.13)|(1.00,.03)|3589.4882944803007|24.586499776486363|3589|0|0|(3600.49,.00)|(3688.83,.00)|(3608.52,.00)|-0.18|1.00|0.00|(3610.49,.00)|(1.00,.00)|3609.4882944803007|24.586499776486363|0|null|2.536139475756195|0|null|false|0|false
97.80|(3592.46,.19)|(1.00,.03)|3591.4562023837148|24.586499776486363|3591|0|0|(3602.46,.00)|(3690.80,.00)|(3610.49,.00)|-0.18|1.00|0.00|(3612.46,.00)|(1.00,.00)|3611.4562023837148|24.586499776486363|0|null|2.551364313975789|0|null|false|0|false
97.85|(3594.42,.24)|(1.00,.03)|3593.424238953851|24.586499776486363|3593|0|0|(3604.42,.00)|(3692.77,.00)|(3612.46,.00)|-0.18|1.00|0.00|(3614.42,.00)|(1.00,.00)|3613.424238953851|24.586499776486363|0|null|2.5655044382280248|0|null|false|0|false
97.90|(3596.39,.28)|(1.00,.03)|3595.392417146122|24.586499776486363|3595|0|0|(3606.39,.00)|(3694.74,.00)|(3614.42,.00)|-0.24|1.00|0.00|(3616.39,.00)|(1.00,.00)|3615.392417146122|24.586499776486363|0|null|2.5775315451454253|0|null|false|0|false
97.95|(3598.36,.32)|(1.00,.03)|3597.3607275729632|24.586499776486363|3597|0|0|(3608.36,.00)|(3696.71,.00)|(3616.39,.00)|-0.24|1.00|0.00|(3618.36,.00)|(1.00,.00)|3617.3607275729632|24.586499776486363|0|null|2.5881158473662342|0|null|false|0|false
98.00|(3600.33,.36)|(1.00,.02)|3599.329154344259|24.586499776486363|3599|0|0|(3610.33,.00)|(3698.68,.00)|(3618.36,.00)|-0.24|1.00|0.00|(3620.33,.00)|(1.00,.00)|3619.329154344259|24.586499776486363|0|null|2.597251323867898|0|null|false|0|false
98.05|(3602.30,.38)|(1.00,.02)|3601.2976744633625|24.586499776486363|3601|0|0|(3612.30,.00)|(3700.64,.00)|(3620.33,.00)|-0.27|1.00|0.00|(3622.30,.00)|(1.00,.00)|3621.2976744633625|24.586499776486363|0|null|2.6043781534537627|0|null|false|0|false
98.10|(3604.27,.40)|(1.00,.02)|3603.266283037791|24.586499776486363|3603|0|0|(3614.27,.00)|(3702.61,.00)|(3622.30,.00)|-0.27|1.00|0.00|(3624.27,.00)|(1.00,.00)|3623.266283037791|24.586499776486363|0|null|2.6098543346683494|0|null|false|0|false
98.15|(3606.23,.42)|(1.00,.02)|3605.2349599119234|24.586499776486363|3605|0|0|(3616.23,.00)|(3704.58,.00)|(3624.27,.00)|-0.27|1.00|0.00|(3626.23,.00)|(1.00,.00)|3625.2349599119234|24.586499776486363|0|null|2.6136721257346083|0|null|false|0|false
98.20|(3608.20,.42)|(1.00,.01)|3607.2036848483|24.586499776486363|3607|0|0|(3618.20,.00)|(3706.55,.00)|(3626.23,.00)|-0.27|1.00|0.00|(3628.20,.00)|(1.00,.00)|3627.2036848483|24.586499776486363|0|null|2.615823670592987|0|null|false|0|false
98.25|(3610.17,.43)|(1.00,.01)|3609.172434605744|24.586499776486363|3609|0|0|(3620.17,.00)|(3708.52,.00)|(3628.20,.00)|-0.28|1.00|0.00|(3630.17,.00)|(1.00,.00)|3629.172434605744|24.586499776486363|0|null|2.6162443701947966|0|null|false|0|false
98.30|(3612.14,.42)|(1.00,.01)|3611.14119099598|24.586499776486363|3611|0|0|(3622.14,.00)|(3710.49,.00)|(3630.17,.00)|-0.28|1.00|0.00|(3632.14,.00)|(1.00,.00)|3631.14119099598|24.586499776486363|0|null|2.6149630400339134|0|null|false|0|false
98.35|(3614.11,.41)|(1.00,.00)|3613.1099329672365|24.586499776486363|3613|0|0|(3624.11,.00)|(3712.46,.00)|(3632.14,.00)|-0.28|1.00|0.00|(3634.11,.00)|(1.00,.00)|3633.1099329672365|24.586499776486363|0|null|2.611970959393026|0|null|false|0|false
98.40|(3616.08,.39)|(1.00,.00)|3615.078639303405|24.586499776486363|3615|0|0|(3626.08,.00)|(3714.42,.00)|(3634.11,.00)|-0.28|1.00|0.00|(3636.08,.00)|(1.00,.00)|3635.078639303405|24.586499776486363|0|null|2.6072592458396326|0|null|false|0|false
98.45|(3618.05,.37)|(1.00,-.00)|3617.0472886070775|24.586499776486363|3617|0|0|(3628.05,.00)|(3716.39,.00)|(3636.08,.00)|-0.28|1.00|0.00|(3638.05,.00)|(1.00,.00)|3637.0472886070775|24.586499776486363|0|null|2.6008189479183703|0|null|false|0|false
98.50|(3620.02,.34)|(1.00,-.00)|3619.015859289428|24.586499776486363|3619|0|0|(3630.02,.00)|(3718.36,.00)|(3638.05,.00)|-0.28|1.00|0.00|(3640.02,.00)|(1.00,.00)|3639.015859289428|24.586499776486363|0|null|2.592641172997599|0|null|false|0|false
98.55|(3621.98,.30)|(1.00,-.01)|3620.984329569508|24.586499776486363|3620|0|0|(3631.98,.00)|(3720.33,.00)|(3640.02,.00)|-0.28|1.00|0.00|(3641.98,.00)|(1.00,.00)|3640.984329569508|24.586499776486363|0|null|2.5827172444303557|0|null|false|0|false
98.60|(3623.95,.26)|(1.00,-.01)|3622.9526774849705|24.586499776486363|3622|0|0|(3633.95,.00)|(3722.30,.00)|(3641.98,.00)|-0.28|1.00|0.00|(3643.95,.00)|(1.00,.00)|3642.9526774849705|24.586499776486363|0|null|2.5710388816998515|0|null|false|0|false
98.65|(3625.92,.21)|(1.00,-.01)|3624.920880915643|24.586499776486363|3624|0|0|(3635.92,.00)|(3724.27,.00)|(3643.95,.00)|-0.28|1.00|0.00|(3645.92,.00)|(1.00,.00)|3644.920880915643|24.586499776486363|0|null|2.5575983968688076|0|null|false|0|false
98.70|(3627.89,.16)|(1.00,-.02)|3626.8889176207203|24.586499776486363|3626|0|0|(3637.89,.00)|(3726.23,.00)|(3645.92,.00)|-0.28|1.00|0.00|(3647.89,.00)|(1.00,.00)|3646.8889176207203|24.586499776486363|0|null|2.5423889004465114|0|null|false|0|false
98.75|(3629.86,.09)|(1.00,-.02)|3628.8567652896795|24.586499776486363|3628|0|0|(3639.86,.00)|(3728.20,.00)|(3647.89,.00)|-0.28|1.00|0.00|(3649.86,.00)|(1.00,.00)|3648.8567652896795|24.586499776486363|0|null|2.525404509731121|0|null|false|0|false
98.80|(3631.82,.02)|(1.00,-.02)|3630.82440160637|24.586499776486363|3630|0|0|(3641.82,.00)|(3730.17,.00)|(3649.86,.00)|-0.28|1.00|0.00|(3651.82,.00)|(1.00,.00)|3650.82440160637|24.586499776486363|0|null|2.5066405527778217|0|null|false|0|false
98.85|(3633.79,-.05)|(1.00,-.03)|3632.79180432508|24.586499776486363|3632|0|0|(3643.79,.00)|(3732.14,.00)|(3651.82,.00)|-0.28|1.00|0.00|(3653.79,.00)|(1.00,.00)|3652.79180432508|24.586499776486363|0|null|2.4860937613832057|0|null|false|0|false
98.90|(3635.76,-.13)|(1.00,-.03)|3634.7589513568028|24.586499776486363|3634|0|0|(3645.76,.00)|(3734.10,.00)|(3653.79,.00)|-0.28|1.00|0.00|(3655.76,.00)|(1.00,.00)|3654.7589513568028|24.586499776486363|0|null|2.463762446856921|0|null|false|0|false
98.95|(3637.73,-.22)|(1.00,-.03)|3636.725820863376|24.586499776486363|3636|0|0|(3647.73,.00)|(3736.07,.00)|(3655.76,.00)|-0.28|1.00|0.00|(3657.73,.00)|(1.00,.00)|3656.725820863376|24.586499776486363|0|null|2.439646652864308|0|null|false|0|false
99.00|(3639.69,-.32)|(1.00,-.04)|3638.6923913567434|24.586499776486363|3638|0|0|(3649.69,.00)|(3738.04,.00)|(3657.73,.00)|-0.28|1.00|0.00|(3659.69,.00)|(1.00,.00)|3658.6923913567434|24.586499776486363|0|null|2.4137482802567645|0|null|false|0|false
99.05|(3641.66,-.42)|(1.00,-.04)|3640.6586418002157|24.586499776486363|3640|0|0|(3651.66,.00)|(3740.00,.00)|(3659.69,.00)|-0.28|1.00|0.00|(3661.66,.00)|(1.00,.00)|3660.6586418002157|24.586499776486363|0|null|2.3860711795456426|0|null|false|0|false
99.10|(3643.62,-.52)|(1.00,-.04)|3642.6245517083926|24.586499776486363|3642|0|0|(3653.62,.00)|(3741.97,.00)|(3661.66,.00)|-0.28|1.00|0.00|(3663.62,.00)|(1.00,.00)|3662.6245517083926|24.586499776486363|0|null|2.356621207504121|0|null|false|0|false
99.15|(3645.59,-.64)|(1.00,-.05)|3644.590101242275|24.586499776486363|3644|0|0|(3655.59,.00)|(3743.94,.00)|(3663.62,.00)|-0.28|1.00|0.00|(3665.59,.00)|(1.00,.00)|3664.590101242275|24.586499776486363|0|null|2.3254062452810853|0|null|false|0|false
99.20|(3647.56,-.76)|(1.00,-.05)|3646.5552712961207|24.586499776486363|3646|0|0|(3657.56,.00)|(3745.90,.00)|(3665.59,.00)|-0.28|1.00|0.00|(3667.56,.00)|(1.00,.00)|3666.5552712961207|24.586499776486363|0|null|2.29243617636181|0|null|false|0|false
99.25|(3649.52,-.89)|(1.00,-.06)|3648.5200435727256|24.586499776486363|3648|0|0|(3659.52,.00)|(3747.87,.00)|(3667.56,.00)|-0.28|1.00|0.00|(3669.52,.00)|(1.00,.00)|3668.5200435727256|24.586499776486363|0|null|2.257722823690986|0|null|false|0|false
99.30|(3651.48,-1.02)|(1.00,-.06)|3650.484400644085|24.586499776486363|3650|0|0|(3661.48,.00)|(3749.83,.00)|(3669.52,.00)|-0.28|1.00|0.00|(3671.48,.00)|(1.00,.00)|3670.484400644085|24.586499776486363|0|null|2.2212798462628633|0|null|false|0|false
99.35|(3653.45,-1.16)|(1.00,-.06)|3652.448325994749|24.586499776486363|3652|0|0|(3663.45,.00)|(3751.79,.00)|(3671.48,.00)|-0.28|1.00|0.00|(3673.45,.00)|(1.00,.00)|3672.448325994749|24.586499776486363|0|null|2.1831225964592837|0|null|false|0|false
99.40|(3655.41,-1.31)|(1.00,-.07)|3654.411804045681|24.586499776486363|3654|0|0|(3665.41,.00)|(3753.76,.00)|(3673.45,.00)|-0.28|1.00|0.00|(3675.41,.00)|(1.00,.00)|3674.411804045681|24.586499776486363|0|null|2.143267940357805|0|null|false|0|false
99.45|(3657.37,-1.46)|(1.00,-.07)|3656.3748201569642|24.586499776486363|3656|0|0|(3667.37,.00)|(3755.72,.00)|(3675.41,.00)|-0.28|1.00|0.00|(3677.37,.00)|(1.00,.00)|3676.3748201569642|24.586499776486363|0|null|2.1017340441186176|0|null|false|0|false
99.50|(3659.34,-1.56)|(1.00,-.06)|3658.339895259426|24.586499776486363|3658|0|0|(3669.34,.00)|(3757.69,.00)|(3677.37,.00)|0.56|1.00|0.00|(3679.34,.00)|(1.00,.00)|3678.339895259426|24.586499776486363|0|null|2.0730007198326748|0|null|false|0|false
99.55|(3661.31,-1.66)|(1.00,-.06)|3660.305655238569|24.586499776486363|3660|0|0|(3671.31,.00)|(3759.65,.00)|(3679.34,.00)|0.56|1.00|0.00|(3681.31,.00)|(1.00,.00)|3680.305655238569|24.586499776486363|0|null|2.0475882747559098|0|null|false|0|false
99.60|(3663.27,-1.74)|(1.00,-.06)|3662.2720284530933|24.586499776486363|3662|0|0|(3673.27,.00)|(3761.62,.00)|(3681.31,.00)|0.56|1.00|0.00|(3683.27,.00)|(1.00,.00)|3682.2720284530933|24.586499776486363|0|null|2.025564377785892|0|null|false|0|false
99.65|(3665.24,-1.78)|(1.00,-.05)|3664.2383241926086|24.586499776486363|3664|0|0|(3675.24,.00)|(3763.58,.00)|(3683.27,.00)|0.98|1.00|0.00|(3685.24,.00)|(1.00,.00)|3684.2383241926086|24.586499776486363|0|null|2.0142329042957012|0|null|false|0|false
99.70|(3667.21,-1.80)|(1.00,-.04)|3666.2050851144922|24.586499776486363|3666|0|0|(3677.21,.00)|(3765.55,.00)|(3685.24,.00)|0.98|1.00|0.00|(3687.21,.00)|(1.00,.00)|3686.2050851144922|24.586499776486363|0|null|2.0088949807101013|0|null|false|0|false
99.75|(3669.17,-1.79)|(1.00,-.03)|3668.1720555879106|24.586499776486363|3668|0|0|(3679.17,.00)|(3767.52,.00)|(3687.21,.00)|0.98|1.00|0.00|(3689.17,.00)|(1.00,.00)|3688.1720555879106|24.586499776486363|0|null|2.0096274984954023|0|null|false|0|false
99.80|(3671.14,-1.77)|(1.00,-.02)|3670.1389718515693|24.586499776486363|3670|0|0|(3681.14,.00)|(3769.48,.00)|(3689.17,.00)|0.98|1.00|0.00|(3691.14,.00)|(1.00,.00)|3690.1389718515693|24.586499776486363|0|null|2.0164993538843397|0|null|false|0|false
99.85|(3673.11,-1.73)|(1.00,-.01)|3672.1060661349497|24.586499776486363|3672|0|0|(3683.11,.00)|(3771.45,.00)|(3691.14,.00)|0.88|1.00|0.00|(3693.11,.00)|(1.00,.00)|3692.1060661349497|24.586499776486363|0|null|2.027733620076371|0|null|false|0|false
99.90|(3675.07,-1.67)|(1.00,.00)|3674.072694663513|24.586499776486363|3674|0|0|(3685.07,.00)|(3773.42,.00)|(3693.11,.00)|0.88|1.00|0.00|(3695.07,.00)|(1.00,.00)|3694.072694663513|24.586499776486363|0|null|2.0445906345547717|0|null|false|0|false
99.95|(3677.04,-1.58)|(1.00,.01)|3676.0386297681443|24.586499776486363|3676|0|0|(3687.04,.00)|(3775.38,.00)|(3695.07,.00)|0.88|1.00|0.00|(3697.04,.00)|(1.00,.00)|3696.0386297681443|24.586499776486363|0|null|2.067111096015741|0|null|false|0|false
100.00|(3679.00,-1.49)|(1.00,.02)|3678.0047200402923|24.586499776486363|3678|0|0|(3689.00,.00)|(3777.35,.00)|(3697.04,.00)|0.68|1.00|0.00|(3699.00,.00)|(1.00,.00)|3698.0047200402923|24.586499776486363|0|null|2.091961217547131|0|null|false|0|false
100.05|(3680.97,-1.39)|(1.00,.03)|3679.9700033685062|24.586499776486363|3679|0|0|(3690.97,.00)|(3779.32,.00)|(3699.00,.00)|0.68|1.00|0.00|(3700.97,.00)|(1.00,.00)|3699.9700033685062|24.586499776486363|0|null|2.121380715215989|0|null|false|0|false
100.10|(3682.93,-1.26)|(1.00,.04)|3681.9343310374406|24.586499776486363|3681|0|0|(3692.93,.00)|(3781.28,.00)|(3700.97,.00)|0.68|1.00|0.00|(3702.93,.00)|(1.00,.00)|3701.9343310374406|24.586499776486363|0|null|2.1553824292382187|0|null|false|0|false
100.15|(3684.90,-1.14)|(1.00,.04)|3683.8989482981015|24.586499776486363|3683|0|0|(3694.90,.00)|(3783.24,.00)|(3702.93,.00)|0.43|1.00|0.00|(3704.90,.00)|(1.00,.00)|3703.8989482981015|24.586499776486363|0|null|2.189703173456765|0|null|false|0|false
100.20|(3686.86,-1.00)|(1.00,.05)|3685.862822463177|24.586499776486363|3685|0|0|(3696.86,.00)|(3785.21,.00)|(3704.90,.00)|0.43|1.00|0.00|(3706.86,.00)|(1.00,.00)|3705.862822463177|24.586499776486363|0|null|2.227152843482878|0|null|false|0|false
100.25|(3688.83,-.85)|(1.00,.06)|3687.8258877751464|24.586499776486363|3687|0|0|(3698.83,.00)|(3787.17,.00)|(3706.86,.00)|0.43|1.00|0.00|(3708.83,.00)|(1.00,.00)|3707.8258877751464|24.586499776486363|0|null|2.2677198269283467|0|null|false|0|false
100.30|(3690.79,-.69)|(1.00,.06)|3689.7880800390717|24.586499776486363|3689|0|0|(3700.79,.00)|(3789.13,.00)|(3708.83,.00)|0.43|1.00|0.00|(3710.79,.00)|(1.00,.00)|3709.7880800390717|24.586499776486363|0|null|2.311390344828258|0|null|false|0|false
100.35|(3692.75,-.52)|(1.00,.07)|3691.7493367193756|24.586499776486363|3691|0|0|(3702.75,.00)|(3791.10,.00)|(3710.79,.00)|0.43|1.00|0.00|(3712.75,.00)|(1.00,.00)|3711.7493367193756|24.586499776486363|0|null|2.3581485646395963|0|null|false|0|false
100.40|(3694.71,-.36)|(1.00,.07)|3693.71157611643|24.586499776486363|3693|0|0|(3704.71,.00)|(3793.06,.00)|(3712.75,.00)|0.07|1.00|0.00|(3714.71,.00)|(1.00,.00)|3713.71157611643|24.586499776486363|0|null|2.4017525642161845|0|null|false|0|false
100.45|(3696.67,-.20)|(1.00,.07)|3695.673571866836|24.586499776486363|3695|0|0|(3706.67,.00)|(3795.02,.00)|(3714.71,.00)|0.07|1.00|0.00|(3716.67,.00)|(1.00,.00)|3715.673571866836|24.586499776486363|0|null|2.4462727731448792|0|null|false|0|false
100.50|(3698.64,-.03)|(1.00,.08)|3697.6353273568834|24.586499776486363|3697|0|0|(3708.64,.00)|(3796.98,.00)|(3716.67,.00)|0.07|1.00|0.00|(3718.64,.00)|(1.00,.00)|3717.6353273568834|24.586499776486363|0|null|2.491669823886898|0|null|false|0|false
100.55|(3700.60,.12)|(1.00,.08)|3699.59824341364|24.586499776486363|3699|0|0|(3710.60,.00)|(3798.94,.00)|(3718.64,.00)|-0.31|1.00|0.00|(3720.60,.00)|(1.00,.00)|3719.59824341364|24.586499776486363|0|null|2.5314500269067266|0|null|false|0|false
100.60|(3702.56,.26)|(1.00,.07)|3701.561600042209|24.586499776486363|3701|0|0|(3712.56,.00)|(3800.91,.00)|(3720.60,.00)|-0.31|1.00|0.00|(3722.56,.00)|(1.00,.00)|3721.561600042209|24.586499776486363|0|null|2.569818306004604|0|null|false|0|false
100.65|(3704.53,.39)|(1.00,.07)|3703.525391862632|24.586499776486363|3703|0|0|(3714.53,.00)|(3802.87,.00)|(3722.56,.00)|-0.31|1.00|0.00|(3724.53,.00)|(1.00,.00)|3723.525391862632|24.586499776486363|0|null|2.606717344406958|0|null|false|0|false
100.70|(3706.49,.52)|(1.00,.07)|3705.4896115221636|24.586499776486363|3705|0|0|(3716.49,.00)|(3804.84,.00)|(3724.53,.00)|-0.31|1.00|0.00|(3726.49,.00)|(1.00,.00)|3725.4896115221636|24.586499776486363|0|null|2.642093299626512|0|null|false|0|false
100.75|(3708.45,.63)|(1.00,.07)|3707.4546283624727|24.586499776486363|3707|0|0|(3718.45,.00)|(3806.80,.00)|(3726.49,.00)|-0.56|1.00|0.00|(3728.45,.00)|(1.00,.00)|3727.4546283624727|24.586499776486363|0|null|2.6714329350748667|0|null|false|0|false
100.80|(3710.42,.72)|(1.00,.06)|3709.4203211886374|24.586499776486363|3709|0|0|(3720.42,.00)|(3808.77,.00)|(3728.45,.00)|-0.56|1.00|0.00|(3730.42,.00)|(1.00,.00)|3729.4203211886374|24.586499776486363|0|null|2.69762171225425|0|null|false|0|false
100.85|(3712.39,.81)|(1.00,.06)|3711.386623975702|24.586499776486363|3711|0|0|(3722.39,.00)|(3810.73,.00)|(3730.42,.00)|-0.56|1.00|0.00|(3732.39,.00)|(1.00,.00)|3731.386623975702|24.586499776486363|0|null|2.7206011569001514|0|null|false|0|false
100.90|(3714.35,.88)|(1.00,.05)|3713.3534669179994|24.586499776486363|3713|0|0|(3724.35,.00)|(3812.70,.00)|(3732.39,.00)|-0.56|1.00|0.00|(3734.35,.00)|(1.00,.00)|3733.3534669179994|24.586499776486363|0|null|2.7403179714518027|0|null|false|0|false
100.95|(3716.32,.93)|(1.00,.05)|3715.3207032764|24.586499776486363|3715|0|0|(3726.32,.00)|(3814.67,.00)|(3734.35,.00)|-0.67|1.00|0.00|(3736.32,.00)|(1.00,.00)|3735.3207032764|24.586499776486363|0|null|2.7549391401954777|0|null|false|0|false
101.00|(3718.29,.97)|(1.00,.04)|3717.288349739933|24.586499776486363|3717|0|0|(3728.29,.00)|(3816.63,.00)|(3736.32,.00)|-0.67|1.00|0.00|(3738.29,.00)|(1.00,.00)|3737.288349739933|24.586499776486363|0|null|2.765593759888967|0|null|false|0|false
101.05|(3720.26,1.00)|(1.00,.03)|3719.2562950557804|24.586499776486363|3719|0|0|(3730.26,.00)|(3818.60,.00)|(3738.29,.00)|-0.67|1.00|0.00|(3740.26,.00)|(1.00,.00)|3739.2562950557804|24.586499776486363|0|null|2.7722377290856604|0|null|false|0|false
101.10|(3722.22,1.01)|(1.00,.03)|3721.2244513005053|24.586499776486363|3721|0|0|(3732.22,.00)|(3820.57,.00)|(3740.26,.00)|-0.65|1.00|0.00|(3742.22,.00)|(1.00,.00)|3741.2244513005053|24.586499776486363|0|null|2.775052952499686|0|null|false|0|false
101.15|(3724.19,1.00)|(1.00,.02)|3723.1926804066293|24.586499776486363|3723|0|0|(3734.19,.00)|(3822.54,.00)|(3742.22,.00)|-0.65|1.00|0.00|(3744.19,.00)|(1.00,.00)|3743.1926804066293|24.586499776486363|0|null|2.7738614891189015|0|null|false|0|false
101.20|(3726.16,.98)|(1.00,.01)|3725.16086780359|24.586499776486363|3725|0|0|(3736.16,.00)|(3824.51,.00)|(3744.19,.00)|-0.65|1.00|0.00|(3746.16,.00)|(1.00,.00)|3745.16086780359|24.586499776486363|0|null|2.768636060839693|0|null|false|0|false
101.25|(3728.13,.96)|(1.00,.01)|3727.129162336453|24.586499776486363|3727|0|0|(3738.13,.00)|(3826.48,.00)|(3746.16,.00)|-0.56|1.00|0.00|(3748.13,.00)|(1.00,.00)|3747.129162336453|24.586499776486363|0|null|2.7609321958299153|0|null|false|0|false
101.30|(3730.10,.91)|(1.00,.00)|3729.097260476883|24.586499776486363|3729|0|0|(3740.10,.00)|(3828.44,.00)|(3748.13,.00)|-0.56|1.00|0.00|(3750.10,.00)|(1.00,.00)|3749.097260476883|24.586499776486363|0|null|2.749696144129256|0|null|false|0|false
101.35|(3732.07,.86)|(1.00,-.01)|3731.0650738088725|24.586499776486363|3731|0|0|(3742.07,.00)|(3830.41,.00)|(3750.10,.00)|-0.56|1.00|0.00|(3752.07,.00)|(1.00,.00)|3751.0650738088725|24.586499776486363|0|null|2.7349194316176657|0|null|false|0|false
101.40|(3734.03,.79)|(1.00,-.01)|3733.0325139897554|24.586499776486363|3733|0|0|(3744.03,.00)|(3832.38,.00)|(3752.07,.00)|-0.56|1.00|0.00|(3754.03,.00)|(1.00,.00)|3753.0325139897554|24.586499776486363|0|null|2.716597101114243|0|null|false|0|false
101.45|(3736.00,.72)|(1.00,-.02)|3735.0001435375534|24.586499776486363|3735|0|0|(3746.00,.00)|(3834.35,.00)|(3754.03,.00)|-0.37|1.00|0.00|(3756.00,.00)|(1.00,.00)|3755.0001435375534|24.586499776486363|0|null|2.697983213524674|0|null|false|0|false
101.50|(3737.97,.65)|(1.00,-.02)|3736.967461939937|24.586499776486363|3736|0|0|(3747.97,.00)|(3836.31,.00)|(3756.00,.00)|-0.37|1.00|0.00|(3757.97,.00)|(1.00,.00)|3756.967461939937|24.586499776486363|0|null|2.6769410660863113|0|null|false|0|false
101.55|(3739.93,.56)|(1.00,-.03)|3738.9344297369626|24.586499776486363|3738|0|0|(3749.93,.00)|(3838.28,.00)|(3757.97,.00)|-0.37|1.00|0.00|(3759.93,.00)|(1.00,.00)|3758.9344297369626|24.586499776486363|0|null|2.6534842798201774|0|null|false|0|false
101.60|(3741.90,.47)|(1.00,-.03)|3740.9010084901215|24.586499776486363|3740|0|0|(3751.90,.00)|(3840.25,.00)|(3759.93,.00)|-0.37|1.00|0.00|(3761.90,.00)|(1.00,.00)|3760.9010084901215|24.586499776486363|0|null|2.627627548354665|0|null|false|0|false
101.65|(3743.87,.38)|(1.00,-.03)|3742.8679375280785|24.586499776486363|3742|0|0|(3753.87,.00)|(3842.21,.00)|(3761.90,.00)|-0.13|1.00|0.00|(3763.87,.00)|(1.00,.00)|3762.8679375280785|24.586499776486363|0|null|2.6036204668214653|0|null|false|0|false
101.70|(3745.83,.29)|(1.00,-.04)|3744.834732233159|24.586499776486363|3744|0|0|(3755.83,.00)|(3844.18,.00)|(3763.87,.00)|-0.13|1.00|0.00|(3765.83,.00)|(1.00,.00)|3764.834732233159|24.586499776486363|0|null|2.5786981897320826|0|null|false|0|false
101.75|(3747.80,.19)|(1.00,-.04)|3746.8013904031754|24.586499776486363|3746|0|0|(3757.80,.00)|(3846.15,.00)|(3765.83,.00)|-0.13|1.00|0.00|(3767.80,.00)|(1.00,.00)|3766.8013904031754|24.586499776486363|0|null|2.552889937841247|0|null|false|0|false
101.80|(3749.77,.11)|(1.00,-.04)|3748.768288910804|24.586499776486363|3748|0|0|(3759.77,.00)|(3848.11,.00)|(3767.80,.00)|0.04|1.00|0.00|(3769.77,.00)|(1.00,.00)|3768.768288910804|24.586499776486363|0|null|2.529066563633656|0|null|false|0|false
101.85|(3751.74,.02)|(1.00,-.04)|3750.7352350816773|24.586499776486363|3750|0|0|(3761.74,.00)|(3850.08,.00)|(3769.77,.00)|0.04|1.00|0.00|(3771.74,.00)|(1.00,.00)|3770.7352350816773|24.586499776486363|0|null|2.5053864566052444|0|null|false|0|false
101.90|(3753.70,-.07)|(1.00,-.04)|3752.702231941559|24.586499776486363|3752|0|0|(3763.70,.00)|(3852.05,.00)|(3771.74,.00)|0.04|1.00|0.00|(3773.70,.00)|(1.00,.00)|3772.702231941559|24.586499776486363|0|null|2.4818825149183716|0|null|false|0|false
101.95|(3755.67,-.14)|(1.00,-.04)|3754.6694838414805|24.586499776486363|3754|0|0|(3765.67,.00)|(3854.02,.00)|(3773.70,.00)|0.18|1.00|0.00|(3775.67,.00)|(1.00,.00)|3774.6694838414805|24.586499776486363|0|null|2.461005504419557|0|null|false|0|false
102.00|(3757.64,-.22)|(1.00,-.04)|3756.636914157769|24.586499776486363|3756|0|0|(3767.64,.00)|(3855.98,.00)|(3775.67,.00)|0.18|1.00|0.00|(3777.64,.00)|(1.00,.00)|3776.636914157769|24.586499776486363|0|null|2.441191797890683|0|null|false|0|false
102.05|(3759.60,-.28)|(1.00,-.04)|3758.6045165700557|24.586499776486363|3758|0|0|(3769.60,.00)|(3857.95,.00)|(3777.64,.00)|0.18|1.00|0.00|(3779.60,.00)|(1.00,.00)|3778.6045165700557|24.586499776486363|0|null|2.422472348236485|0|null|false|0|false
102.10|(3761.57,-.35)|(1.00,-.04)|3760.572283796059|24.586499776486363|3760|0|0|(3771.57,.00)|(3859.92,.00)|(3779.60,.00)|0.18|1.00|0.00|(3781.57,.00)|(1.00,.00)|3780.572283796059|24.586499776486363|0|null|2.404873830533447|0|null|false|0|false
102.15|(3763.54,-.41)|(1.00,-.04)|3762.5402076776504|24.586499776486363|3762|0|0|(3773.54,.00)|(3861.89,.00)|(3781.57,.00)|0.18|1.00|0.00|(3783.54,.00)|(1.00,.00)|3782.5402076776504|24.586499776486363|0|null|2.388418646783027|0|null|false|0|false
102.20|(3765.51,-.46)|(1.00,-.03)|3764.508313399919|24.586499776486363|3764|0|0|(3775.51,.00)|(3863.85,.00)|(3783.54,.00)|0.29|1.00|0.00|(3785.51,.00)|(1.00,.00)|3784.508313399919|24.586499776486363|0|null|2.3751023121756667|0|null|false|0|false
102.25|(3767.48,-.50)|(1.00,-.03)|3766.4766066313273|24.586499776486363|3766|0|0|(3777.48,.00)|(3865.82,.00)|(3785.51,.00)|0.29|1.00|0.00|(3787.48,.00)|(1.00,.00)|3786.4766066313273|24.586499776486363|0|null|2.363640312890663|0|null|false|0|false
102.30|(3769.45,-.53)|(1.00,-.03)|3768.4450625953764|24.586499776486363|3768|0|0|(3779.45,.00)|(3867.79,.00)|(3787.48,.00)|0.29|1.00|0.00|(3789.45,.00)|(1.00,.00)|3788.4450625953764|24.586499776486363|0|null|2.35404895368761|0|null|false|0|false
102.35|(3771.41,-.56)|(1.00,-.02)|3770.4136213691836|24.586499776486363|3770|0|0|(3781.41,.00)|(3869.76,.00)|(3789.45,.00)|0.35|1.00|0.00|(3791.41,.00)|(1.00,.00)|3790.4136213691836|24.586499776486363|0|null|2.347276086085163|0|null|false|0|false
102.40|(3773.38,-.58)|(1.00,-.02)|3772.3822948818583|24.586499776486363|3772|0|0|(3783.38,.00)|(3871.73,.00)|(3791.41,.00)|0.35|1.00|0.00|(3793.38,.00)|(1.00,.00)|3792.3822948818583|24.586499776486363|0|null|2.342714179212151|0|null|false|0|false
102.45|(3775.35,-.58)|(1.00,-.02)|3774.3510476825563|24.586499776486363|3774|0|0|(3785.35,.00)|(3873.70,.00)|(3793.38,.00)|0.35|1.00|0.00|(3795.35,.00)|(1.00,.00)|3794.3510476825563|24.586499776486363|0|null|2.3403692357781463|0|null|false|0|false
102.50|(3777.32,-.58)|(1.00,-.01)|3776.319844212224|24.586499776486363|3776|0|0|(3787.32,.00)|(3875.67,.00)|(3795.35,.00)|0.35|1.00|0.00|(3797.32,.00)|(1.00,.00)|3796.319844212224|24.586499776486363|0|null|2.340242995355821|0|null|false|0|false
102.55|(3779.29,-.58)|(1.00,-.01)|3778.2886909895806|24.586499776486363|3778|0|0|(3789.29,.00)|(3877.63,.00)|(3797.32,.00)|0.32|1.00|0.00|(3799.29,.00)|(1.00,.00)|3798.2886909895806|24.586499776486363|0|null|2.3418362695414707|0|null|false|0|false
102.60|(3781.26,-.57)|(1.00,-.01)|3780.2575206664037|24.586499776486363|3780|0|0|(3791.26,.00)|(3879.60,.00)|(3799.29,.00)|0.32|1.00|0.00|(3801.26,.00)|(1.00,.00)|3800.2575206664037|24.586499776486363|0|null|2.345469605322588|0|null|false|0|false
102.65|(3783.23,-.54)|(1.00,-.00)|3782.226303778173|24.586499776486363|3782|0|0|(3793.23,.00)|(3881.57,.00)|(3801.26,.00)|0.32|1.00|0.00|(3803.23,.00)|(1.00,.00)|3802.226303778173|24.586499776486363|0|null|2.3511324879011317|0|null|false|0|false
102.70|(3785.20,-.52)|(1.00,.00)|3784.1950115439045|24.586499776486363|3784|0|0|(3795.20,.00)|(3883.54,.00)|(3803.23,.00)|0.32|1.00|0.00|(3805.20,.00)|(1.00,.00)|3804.1950115439045|24.586499776486363|0|null|2.3588118051680826|0|null|false|0|false
102.75|(3787.16,-.48)|(1.00,.01)|3786.163615970339|24.586499776486363|3786|0|0|(3797.16,.00)|(3885.51,.00)|(3805.20,.00)|0.32|1.00|0.00|(3807.16,.00)|(1.00,.00)|3806.163615970339|24.586499776486363|0|null|2.36849225810629|0|null|false|0|false
102.80|(3789.13,-.44)|(1.00,.01)|3788.132089926183|24.586499776486363|3788|0|0|(3799.13,.00)|(3887.48,.00)|(3807.16,.00)|0.32|1.00|0.00|(3809.13,.00)|(1.00,.00)|3808.132089926183|24.586499776486363|0|null|2.3801567825359657|0|null|false|0|false
102.85|(3791.10,-.39)|(1.00,.01)|3790.10040718614|24.586499776486363|3790|0|0|(3801.10,.00)|(3889.45,.00)|(3809.13,.00)|0.32|1.00|0.00|(3811.10,.00)|(1.00,.00)|3810.10040718614|24.586499776486363|0|null|2.3937869765537574|0|null|false|0|false
102.90|(3793.07,-.33)|(1.00,.02)|3792.0685424452136|24.586499776486363|3792|0|0|(3803.07,.00)|(3891.41,.00)|(3811.10,.00)|0.32|1.00|0.00|(3813.07,.00)|(1.00,.00)|3812.0685424452136|24.586499776486363|0|null|2.4093635276984133|0|null|false|0|false
102.95|(3795.04,-.27)|(1.00,.02)|3794.036471304508|24.586499776486363|3794|0|0|(3805.04,.00)|(3893.38,.00)|(3813.07,.00)|0.32|1.00|0.00|(3815.04,.00)|(1.00,.00)|3814.036471304508|24.586499776486363|0|null|2.426866633691124|0|null|false|0|false
103.00|(3797.00,-.20)|(1.00,.02)|3796.0041702303897|24.586499776486363|3796|0|0|(3807.00,.00)|(3895.35,.00)|(3815.04,.00)|0.32|1.00|0.00|(3817.00,.00)|(1.00,.00)|3816.0041702303897|24.586499776486363|0|null|2.446276410551641|0|null|false|0|false
103.05|(3798.97,-.12)|(1.00,.03)|3797.971616489508|24.586499776486363|3797|0|0|(3808.97,.00)|(3897.32,.00)|(3817.00,.00)|0.32|1.00|0.00|(3818.97,.00)|(1.00,.00)|3817.971616489508|24.586499776486363|0|null|2.46757328198396|0|null|false|0|false
103.10|(3800.94,-.03)|(1.00,.03)|3799.9387880626678|24.586499776486363|3799|0|0|(3810.94,.00)|(3899.28,.00)|(3818.97,.00)|0.32|1.00|0.00|(3820.94,.00)|(1.00,.00)|3819.9387880626678|24.586499776486363|0|null|2.4907383441562003|0|null|false|0|false
103.15|(3802.91,.06)|(1.00,.04)|3801.9056635409847|24.586499776486363|3801|0|0|(3812.91,.00)|(3901.25,.00)|(3820.94,.00)|0.32|1.00|0.00|(3822.91,.00)|(1.00,.00)|3821.9056635409847|24.586499776486363|0|null|2.5157537003635975|0|null|false|0|false
103.20|(3804.87,.16)|(1.00,.04)|3803.8722220080704|24.586499776486363|3803|0|0|(3814.87,.00)|(3903.22,.00)|(3822.91,.00)|0.32|1.00|0.00|(3824.87,.00)|(1.00,.00)|3823.8722220080704|24.586499776486363|0|null|2.542602760553622|0|null|false|0|false
103.25|(3806.84,.26)|(1.00,.04)|3805.8384429122125|24.586499776486363|3805|0|0|(3816.84,.00)|(3905.18,.00)|(3824.87,.00)|0.32|1.00|0.00|(3826.84,.00)|(1.00,.00)|3825.8384429122125|24.586499776486363|0|null|2.571270501297655|0|null|false|0|false
103.30|(3808.80,.37)|(1.00,.05)|3807.804305932637|24.586499776486363|3807|0|0|(3818.80,.00)|(3907.15,.00)|(3826.84,.00)|0.32|1.00|0.00|(3828.80,.00)|(1.00,.00)|3827.804305932637|24.586499776486363|0|null|2.601743682501346|0|null|false|0|false
103.35|(3810.77,.49)|(1.00,.05)|3809.769790843941|24.586499776486363|3809|0|0|(3820.77,.00)|(3909.12,.00)|(3828.80,.00)|0.32|1.00|0.00|(3830.77,.00)|(1.00,.00)|3829.769790843941|24.586499776486363|0|null|2.6340110179405634|0|null|false|0|false
103.40|(3812.73,.62)|(1.00,.05)|3811.734877382719|24.586499776486363|3811|0|0|(3822.73,.00)|(3911.08,.00)|(3830.77,.00)|0.32|1.00|0.00|(3832.73,.00)|(1.00,.00)|3831.734877382719|24.586499776486363|0|null|2.6680632975744585|0|null|false|0|false
103.45|(3814.70,.71)|(1.00,.05)|3813.7012578329222|24.586499776486363|3813|0|0|(3824.70,.00)|(3913.05,.00)|(3832.73,.00)|-0.27|1.00|0.00|(3834.70,.00)|(1.00,.00)|3833.7012578329222|24.586499776486363|0|null|2.6937341813342375|0|null|false|0|false
103.50|(3816.67,.80)|(1.00,.05)|3815.667968548945|24.586499776486363|3815|0|0|(3826.67,.00)|(3915.01,.00)|(3834.70,.00)|-0.27|1.00|0.00|(3836.67,.00)|(1.00,.00)|3835.667968548945|24.586499776486363|0|null|2.717691672604374|0|null|false|0|false
103.55|(3818.63,.88)|(1.00,.05)|3817.6349919377653|24.586499776486363|3817|0|0|(3828.63,.00)|(3916.98,.00)|(3836.67,.00)|-0.27|1.00|0.00|(3838.63,.00)|(1.00,.00)|3837.6349919377653|24.586499776486363|0|null|2.7399006347646355|0|null|false|0|false
103.60|(3820.60,.95)|(1.00,.05)|3819.602308577826|24.586499776486363|3819|0|0|(3830.60,.00)|(3918.95,.00)|(3838.63,.00)|-0.27|1.00|0.00|(3840.60,.00)|(1.00,.00)|3839.602308577826|24.586499776486363|0|null|2.7603315138096414|0|null|false|0|false
103.65|(3822.57,1.00)|(1.00,.04)|3821.569789330588|24.586499776486363|3821|0|0|(3832.57,.00)|(3920.92,.00)|(3840.60,.00)|-0.61|1.00|0.00|(3842.57,.00)|(1.00,.00)|3841.569789330588|24.586499776486363|0|null|2.7730765542419653|0|null|false|0|false
103.70|(3824.54,1.03)|(1.00,.03)|3823.5376275319536|24.586499776486363|3823|0|0|(3834.54,.00)|(3922.88,.00)|(3842.57,.00)|-0.61|1.00|0.00|(3844.54,.00)|(1.00,.00)|3843.5376275319536|24.586499776486363|0|null|2.781980328712012|0|null|false|0|false
103.75|(3826.51,1.05)|(1.00,.03)|3825.505718270421|24.586499776486363|3825|0|0|(3836.51,.00)|(3924.85,.00)|(3844.54,.00)|-0.61|1.00|0.00|(3846.51,.00)|(1.00,.00)|3845.505718270421|24.586499776486363|0|null|2.787008408385146|0|null|false|0|false
103.80|(3828.47,1.05)|(1.00,.02)|3827.473928098256|24.586499776486363|3827|0|0|(3838.47,.00)|(3926.82,.00)|(3846.51,.00)|-0.62|1.00|0.00|(3848.47,.00)|(1.00,.00)|3847.473928098256|24.586499776486363|0|null|2.787943144079624|0|null|false|0|false
103.85|(3830.44,1.04)|(1.00,.02)|3829.442169042351|24.586499776486363|3829|0|0|(3840.44,.00)|(3928.79,.00)|(3848.47,.00)|-0.62|1.00|0.00|(3850.44,.00)|(1.00,.00)|3849.442169042351|24.586499776486363|0|null|2.7848861987648563|0|null|false|0|false
103.90|(3832.41,1.02)|(1.00,.01)|3831.410326909545|24.586499776486363|3831|0|0|(3842.41,.00)|(3930.76,.00)|(3850.44,.00)|-0.62|1.00|0.00|(3852.41,.00)|(1.00,.00)|3851.410326909545|24.586499776486363|0|null|2.7778192326318853|0|null|false|0|false
103.95|(3834.38,.98)|(1.00,.00)|3833.3782865988633|24.586499776486363|3833|0|0|(3844.38,.00)|(3932.72,.00)|(3852.41,.00)|-0.62|1.00|0.00|(3854.38,.00)|(1.00,.00)|3853.3782865988633|24.586499776486363|0|null|2.7667283251434878|0|null|false|0|false
104.00|(3836.35,.93)|(1.00,-.00)|3835.34639266581|24.586499776486363|3835|0|0|(3846.35,.00)|(3934.69,.00)|(3854.38,.00)|-0.49|1.00|0.00|(3856.35,.00)|(1.00,.00)|3855.34639266581|24.586499776486363|0|null|2.753855544505685|0|null|false|0|false
104.05|(3838.31,.87)|(1.00,-.01)|3837.314206110977|24.586499776486363|3837|0|0|(3848.31,.00)|(3936.66,.00)|(3856.35,.00)|-0.49|1.00|0.00|(3858.31,.00)|(1.00,.00)|3857.314206110977|24.586499776486363|0|null|2.7377153202319073|0|null|false|0|false
104.10|(3840.28,.80)|(1.00,-.02)|3839.2816517258434|24.586499776486363|3839|0|0|(3850.28,.00)|(3938.63,.00)|(3858.31,.00)|-0.49|1.00|0.00|(3860.28,.00)|(1.00,.00)|3859.2816517258434|24.586499776486363|0|null|2.718310180219626|0|null|false|0|false
104.15|(3842.25,.72)|(1.00,-.02)|3841.248654852041|24.586499776486363|3841|0|0|(3852.25,.00)|(3940.59,.00)|(3860.28,.00)|-0.49|1.00|0.00|(3862.25,.00)|(1.00,.00)|3861.248654852041|24.586499776486363|0|null|2.6956438808473395|0|null|false|0|false
104.20|(3844.22,.64)|(1.00,-.03)|3843.2159641956364|24.586499776486363|3843|0|0|(3854.22,.00)|(3942.56,.00)|(3862.25,.00)|-0.27|1.00|0.00|(3864.22,.00)|(1.00,.00)|3863.2159641956364|24.586499776486363|0|null|2.67350351167896|0|null|false|0|false
104.25|(3846.18,.55)|(1.00,-.03)|3845.1829795111726|24.586499776486363|3845|0|0|(3856.18,.00)|(3944.53,.00)|(3864.22,.00)|-0.27|1.00|0.00|(3866.18,.00)|(1.00,.00)|3865.1829795111726|24.586499776486363|0|null|2.649410210512873|0|null|false|0|false
104.30|(3848.15,.45)|(1.00,-.03)|3847.149676318975|24.586499776486363|3847|0|0|(3858.15,.00)|(3946.50,.00)|(3866.18,.00)|-0.27|1.00|0.00|(3868.15,.00)|(1.00,.00)|3867.149676318975|24.586499776486363|0|null|2.623380266728376|0|null|false|0|false
104.35|(3850.12,.36)|(1.00,-.04)|3849.1166084736597|24.586499776486363|3849|0|0|(3860.12,.00)|(3948.46,.00)|(3868.15,.00)|-0.09|1.00|0.00|(3870.12,.00)|(1.00,.00)|3869.1166084736597|24.586499776486363|0|null|2.598567729152513|0|null|false|0|false
104.40|(3852.08,.27)|(1.00,-.04)|3851.0834112340585|24.586499776486363|3851|0|0|(3862.08,.00)|(3950.43,.00)|(3870.12,.00)|-0.09|1.00|0.00|(3872.08,.00)|(1.00,.00)|3871.0834112340585|24.586499776486363|0|null|2.5729235883946973|0|null|false|0|false
104.45|(3854.05,.17)|(1.00,-.04)|3853.050082472404|24.586499776486363|3853|0|0|(3864.05,.00)|(3952.40,.00)|(3872.08,.00)|-0.09|1.00|0.00|(3874.05,.00)|(1.00,.00)|3873.050082472404|24.586499776486363|0|null|2.5464683621738056|0|null|false|0|false
104.50|(3856.02,.07)|(1.00,-.04)|3855.0166199614996|24.586499776486363|3855|0|0|(3866.02,.00)|(3954.36,.00)|(3874.05,.00)|-0.09|1.00|0.00|(3876.02,.00)|(1.00,.00)|3875.0166199614996|24.586499776486363|0|null|2.5192194499097704|0|null|false|0|false
104.55|(3857.98,-.03)|(1.00,-.05)|3856.983021280188|24.586499776486363|3856|0|0|(3867.98,.00)|(3956.33,.00)|(3876.02,.00)|-0.09|1.00|0.00|(3877.98,.00)|(1.00,.00)|3876.983021280188|24.586499776486363|0|null|2.491191196365342|0|null|false|0|false
104.60|(3859.95,-.12)|(1.00,-.05)|3858.949816701387|24.586499776486363|3858|0|0|(3869.95,.00)|(3958.30,.00)|(3877.98,.00)|0.12|1.00|0.00|(3879.95,.00)|(1.00,.00)|3878.949816701387|24.586499776486363|0|null|2.466073401283081|0|null|false|0|false
104.65|(3861.92,-.21)|(1.00,-.05)|3860.9167202178596|24.586499776486363|3860|0|0|(3871.92,.00)|(3960.26,.00)|(3879.95,.00)|0.12|1.00|0.00|(3881.92,.00)|(1.00,.00)|3880.9167202178596|24.586499776486363|0|null|2.441458726871179|0|null|false|0|false
104.70|(3863.88,-.30)|(1.00,-.05)|3862.8837312815867|24.586499776486363|3862|0|0|(3873.88,.00)|(3962.23,.00)|(3881.92,.00)|0.12|1.00|0.00|(3883.88,.00)|(1.00,.00)|3882.8837312815867|24.586499776486363|0|null|2.417364923025974|0|null|false|0|false
104.75|(3865.85,-.38)|(1.00,-.04)|3864.8510948554986|24.586499776486363|3864|0|0|(3875.85,.00)|(3964.20,.00)|(3883.88,.00)|0.31|1.00|0.00|(3885.85,.00)|(1.00,.00)|3884.8510948554986|24.586499776486363|0|null|2.397131172803311|0|null|false|0|false
104.80|(3867.82,-.44)|(1.00,-.04)|3866.8187174529226|24.586499776486363|3866|0|0|(3877.82,.00)|(3966.16,.00)|(3885.85,.00)|0.31|1.00|0.00|(3887.82,.00)|(1.00,.00)|3886.8187174529226|24.586499776486363|0|null|2.37858453309372|0|null|false|0|false
104.85|(3869.79,-.51)|(1.00,-.04)|3868.786578893948|24.586499776486363|3868|0|0|(3879.79,.00)|(3968.13,.00)|(3887.82,.00)|0.31|1.00|0.00|(3889.79,.00)|(1.00,.00)|3888.786578893948|24.586499776486363|0|null|2.3617438269966144|0|null|false|0|false
104.90|(3871.75,-.56)|(1.00,-.04)|3870.7546667007036|24.586499776486363|3870|0|0|(3881.75,.00)|(3970.10,.00)|(3889.79,.00)|0.38|1.00|0.00|(3891.75,.00)|(1.00,.00)|3890.7546667007036|24.586499776486363|0|null|2.3478225268754827|0|null|false|0|false
104.95|(3873.72,-.60)|(1.00,-.03)|3872.7229772336286|24.586499776486363|3872|0|0|(3883.72,.00)|(3972.07,.00)|(3891.75,.00)|0.38|1.00|0.00|(3893.72,.00)|(1.00,.00)|3892.7229772336286|24.586499776486363|0|null|2.336045778078738|0|null|false|0|false
105.00|(3875.69,-.64)|(1.00,-.03)|3874.691476951679|24.586499776486363|3874|0|0|(3885.69,.00)|(3974.04,.00)|(3893.72,.00)|0.38|1.00|0.00|(3895.69,.00)|(1.00,.00)|3894.691476951679|24.586499776486363|0|null|2.3264269017675563|0|null|false|0|false
105.05|(3877.66,-.66)|(1.00,-.03)|3876.6601317791096|24.586499776486363|3876|0|0|(3887.66,.00)|(3976.01,.00)|(3895.69,.00)|0.38|1.00|0.00|(3897.66,.00)|(1.00,.00)|3896.6601317791096|24.586499776486363|0|null|2.3189766570791877|0|null|false|0|false
105.10|(3879.63,-.68)|(1.00,-.02)|3878.628907272442|24.586499776486363|3878|0|0|(3889.63,.00)|(3977.97,.00)|(3897.66,.00)|0.38|1.00|0.00|(3899.63,.00)|(1.00,.00)|3898.628907272442|24.586499776486363|0|null|2.313703761576817|0|null|false|0|false
105.15|(3881.60,-.69)|(1.00,-.02)|3880.5977317406464|24.586499776486363|3880|0|0|(3891.60,.00)|(3979.94,.00)|(3899.63,.00)|0.42|1.00|0.00|(3901.60,.00)|(1.00,.00)|3900.5977317406464|24.586499776486363|0|null|2.311205156019721|0|null|false|0|false
105.20|(3883.57,-.69)|(1.00,-.01)|3882.5666016507703|24.586499776486363|3882|0|0|(3893.57,.00)|(3981.91,.00)|(3901.60,.00)|0.42|1.00|0.00|(3903.57,.00)|(1.00,.00)|3902.5666016507703|24.586499776486363|0|null|2.3110997315409634|0|null|false|0|false
105.25|(3885.54,-.68)|(1.00,-.01)|3884.5354754586942|24.586499776486363|3884|0|0|(3895.54,.00)|(3983.88,.00)|(3903.57,.00)|0.42|1.00|0.00|(3905.54,.00)|(1.00,.00)|3904.5354754586942|24.586499776486363|0|null|2.3133948734243868|0|null|false|0|false
105.30|(3887.50,-.67)|(1.00,-.01)|3886.5043114631876|24.586499776486363|3886|0|0|(3897.50,.00)|(3985.85,.00)|(3905.54,.00)|0.42|1.00|0.00|(3907.50,.00)|(1.00,.00)|3906.5043114631876|24.586499776486363|0|null|2.31809755246228|0|null|false|0|false
105.35|(3889.47,-.64)|(1.00,-.00)|3888.4730678090414|24.586499776486363|3888|0|0|(3899.47,.00)|(3987.82,.00)|(3907.50,.00)|0.42|1.00|0.00|(3909.47,.00)|(1.00,.00)|3908.4730678090414|24.586499776486363|0|null|2.3252147101196665|0|null|false|0|false
105.40|(3891.44,-.60)|(1.00,.00)|3890.441702459435|24.586499776486363|3890|0|0|(3901.44,.00)|(3989.79,.00)|(3909.47,.00)|0.42|1.00|0.00|(3911.44,.00)|(1.00,.00)|3910.441702459435|24.586499776486363|0|null|2.334753597252721|0|null|false|0|false
105.45|(3893.41,-.56)|(1.00,.01)|3892.4101731421933|24.586499776486363|3892|0|0|(3903.41,.00)|(3991.76,.00)|(3911.44,.00)|0.42|1.00|0.00|(3913.41,.00)|(1.00,.00)|3912.4101731421933|24.586499776486363|0|null|2.346722062739846|0|null|false|0|false
105.50|(3895.38,-.51)|(1.00,.01)|3894.378437275092|24.586499776486363|3894|0|0|(3905.38,.00)|(3993.72,.00)|(3913.41,.00)|0.42|1.00|0.00|(3915.38,.00)|(1.00,.00)|3914.378437275092|24.586499776486363|0|null|2.361128789292481|0|null|false|0|false
105.55|(3897.35,-.45)|(1.00,.02)|3896.3464518757123|24.586499776486363|3896|0|0|(3907.35,.00)|(3995.69,.00)|(3915.38,.00)|0.42|1.00|0.00|(3917.35,.00)|(1.00,.00)|3916.3464518757123|24.586499776486363|0|null|2.377983474676487|0|null|false|0|false
105.60|(3899.31,-.38)|(1.00,.02)|3898.314173461513|24.586499776486363|3898|0|0|(3909.31,.00)|(3997.66,.00)|(3917.35,.00)|0.42|1.00|0.00|(3919.31,.00)|(1.00,.00)|3918.314173461513|24.586499776486363|0|null|2.3972969575748704|0|null|false|0|false
105.65|(3901.28,-.30)|(1.00,.03)|3900.2815579458006|24.586499776486363|3900|0|0|(3911.28,.00)|(3999.63,.00)|(3919.31,.00)|0.42|1.00|0.00|(3921.28,.00)|(1.00,.00)|3920.2815579458006|24.586499776486363|0|null|2.4190812883388393|0|null|false|0|false
105.70|(3903.25,-.21)|(1.00,.03)|3902.2485605351526|24.586499776486363|3902|0|0|(3913.25,.00)|(4001.59,.00)|(3921.28,.00)|0.42|1.00|0.00|(3923.25,.00)|(1.00,.00)|3922.2485605351526|24.586499776486363|0|null|2.4433497458860796|0|null|false|0|false
105.75|(3905.22,-.11)|(1.00,.04)|3904.2151356335703|24.586499776486363|3904|0|0|(3915.22,.00)|(4003.56,.00)|(3923.25,.00)|0.42|1.00|0.00|(3925.22,.00)|(1.00,.00)|3924.2151356335703|24.586499776486363|0|null|2.470116802992134|0|null|false|0|false
105.80|(3907.18,-.00)|(1.00,.04)|3906.181236758252|24.586499776486363|3906|0|0|(3917.18,.00)|(4005.53,.00)|(3925.22,.00)|0.42|1.00|0.00|(3927.18,.00)|(1.00,.00)|3926.181236758252|24.586499776486363|0|null|2.49939804316243|0|null|false|0|false
105.85|(3909.15,.11)|(1.00,.04)|3908.1468164713656|24.586499776486363|3908|0|0|(3919.15,.00)|(4007.49,.00)|(3927.18,.00)|0.42|1.00|0.00|(3929.15,.00)|(1.00,.00)|3928.1468164713656|24.586499776486363|0|null|2.5312100331492986|0|null|false|0|false
105.90|(3911.11,.24)|(1.00,.05)|3910.111826331582|24.586499776486363|3910|0|0|(3921.11,.00)|(4009.46,.00)|(3929.15,.00)|0.42|1.00|0.00|(3931.11,.00)|(1.00,.00)|3930.111826331582|24.586499776486363|0|null|2.565570155971872|0|null|false|0|false
105.95|(3913.08,.38)|(1.00,.05)|3912.076216868438|24.586499776486363|3912|0|0|(3923.08,.00)|(4011.42,.00)|(3931.11,.00)|0.42|1.00|0.00|(3933.08,.00)|(1.00,.00)|3932.076216868438|24.586499776486363|0|null|2.6024964099901626|0|null|false|0|false
106.00|(3915.04,.52)|(1.00,.06)|3914.039937581809|24.586499776486363|3914|0|0|(3925.04,.00)|(4013.39,.00)|(3933.08,.00)|0.42|1.00|0.00|(3935.04,.00)|(1.00,.00)|3934.039937581809|24.586499776486363|0|null|2.6420071801632155|0|null|false|0|false
106.05|(3917.00,.67)|(1.00,.06)|3916.00293696794|24.586499776486363|3916|0|0|(3927.00,.00)|(4015.35,.00)|(3935.04,.00)|0.42|1.00|0.00|(3937.00,.00)|(1.00,.00)|3936.00293696794|24.586499776486363|0|null|2.684120988072425|0|null|false|0|false
106.10|(3918.97,.84)|(1.00,.07)|3917.965162572605|24.586499776486363|3917|0|0|(3928.97,.00)|(4017.31,.00)|(3937.00,.00)|0.42|1.00|0.00|(3938.97,.00)|(1.00,.00)|3937.965162572605|24.586499776486363|0|null|2.728856227605124|0|null|false|0|false
106.15|(3920.93,1.01)|(1.00,.07)|3919.926561071056|24.586499776486363|3919|0|0|(3930.93,.00)|(4019.27,.00)|(3938.97,.00)|0.42|1.00|0.00|(3940.93,.00)|(1.00,.00)|3939.926561071056|24.586499776486363|0|null|2.7762308933634525|0|null|false|0|false
106.20|(3922.89,1.19)|(1.00,.08)|3921.887078373525|24.586499776486363|3921|0|0|(3932.89,.00)|(4021.23,.00)|(3940.93,.00)|0.42|1.00|0.00|(3942.89,.00)|(1.00,.00)|3941.887078373525|24.586499776486363|0|null|2.826262308885407|0|null|false|0|false
106.25|(3924.85,1.39)|(1.00,.08)|3923.846659754168|24.586499776486363|3923|0|0|(3934.85,.00)|(4023.19,.00)|(3942.89,.00)|0.42|1.00|0.00|(3944.85,.00)|(1.00,.00)|3943.846659754168|24.586499776486363|0|null|2.8789668616382844|0|null|false|0|false
106.30|(3926.81,1.59)|(1.00,.09)|3925.805250000492|24.586499776486363|3925|0|0|(3936.81,.00)|(4025.15,.00)|(3944.85,.00)|0.42|1.00|0.00|(3946.81,.00)|(1.00,.00)|3945.805250000492|24.586499776486363|0|null|2.9343597514720265|0|null|false|0|false
106.35|(3928.76,1.80)|(1.00,.09)|3927.7627935795645|24.586499776486363|3927|0|0|(3938.76,.00)|(4027.11,.00)|(3946.81,.00)|0.42|1.00|0.00|(3948.76,.00)|(1.00,.00)|3947.7627935795645|24.586499776486363|0|null|2.992454758807137|0|null|false|0|false
106.40|(3930.72,1.96)|(1.00,.09)|3929.7243654540575|24.586499776486363|3929|0|0|(3940.72,.00)|(4029.07,.00)|(3948.76,.00)|-0.68|1.00|0.00|(3950.72,.00)|(1.00,.00)|3949.7243654540575|24.586499776486363|0|null|3.0343797642986283|0|null|false|0|false
106.45|(3932.69,2.10)|(1.00,.08)|3931.6870949593367|24.586499776486363|3931|0|0|(3942.69,.00)|(4031.03,.00)|(3950.72,.00)|-0.68|1.00|0.00|(3952.69,.00)|(1.00,.00)|3951.6870949593367|24.586499776486363|0|null|3.0725578488833616|0|null|false|0|false
106.50|(3934.65,2.22)|(1.00,.08)|3933.65088573868|24.586499776486363|3933|0|0|(3944.65,.00)|(4033.00,.00)|(3952.69,.00)|-0.68|1.00|0.00|(3954.65,.00)|(1.00,.00)|3953.65088573868|24.586499776486363|0|null|3.1069360894339706|0|null|false|0|false
106.55|(3936.62,2.33)|(1.00,.07)|3935.6156373783683|24.586499776486363|3935|0|0|(3946.62,.00)|(4034.96,.00)|(3954.65,.00)|-0.68|1.00|0.00|(3956.62,.00)|(1.00,.00)|3955.6156373783683|24.586499776486363|0|null|3.137466282561225|0|null|false|0|false
106.60|(3938.58,2.39)|(1.00,.06)|3937.5803734696756|24.586499776486363|3937|0|0|(3948.58,.00)|(4036.93,.00)|(3956.62,.00)|-1.29|1.00|0.00|(3958.58,.00)|(1.00,.00)|3957.5803734696756|24.586499776486363|0|null|3.1536448855396886|0|null|false|0|false
106.65|(3940.55,2.42)|(1.00,.05)|3939.545971312066|24.586499776486363|3939|0|0|(3950.55,.00)|(4038.89,.00)|(3958.58,.00)|-1.29|1.00|0.00|(3960.55,.00)|(1.00,.00)|3959.545971312066|24.586499776486363|0|null|3.162305005644131|0|null|false|0|false
106.70|(3942.51,2.43)|(1.00,.04)|3941.512025154831|24.586499776486363|3941|0|0|(3952.51,.00)|(4040.86,.00)|(3960.55,.00)|-1.29|1.00|0.00|(3962.51,.00)|(1.00,.00)|3961.512025154831|24.586499776486363|0|null|3.1633743566438017|0|null|false|0|false
106.75|(3944.48,2.41)|(1.00,.03)|3943.4784213078647|24.586499776486363|3943|0|0|(3954.48,.00)|(4042.82,.00)|(3962.51,.00)|-1.23|1.00|0.00|(3964.48,.00)|(1.00,.00)|3963.4784213078647|24.586499776486363|0|null|3.1578011807272324|0|null|false|0|false
106.80|(3946.44,2.36)|(1.00,.01)|3945.4445074981313|24.586499776486363|3945|0|0|(3956.44,.00)|(4044.79,.00)|(3964.48,.00)|-1.23|1.00|0.00|(3966.44,.00)|(1.00,.00)|3965.4445074981313|24.586499776486363|0|null|3.1448638338903274|0|null|false|0|false
106.85|(3948.41,2.29)|(1.00,.00)|3947.4098925921817|24.586499776486363|3947|0|0|(3958.41,.00)|(4046.76,.00)|(3966.44,.00)|-1.23|1.00|0.00|(3968.41,.00)|(1.00,.00)|3967.4098925921817|24.586499776486363|0|null|3.124515577439777|0|null|false|0|false
106.90|(3950.38,2.20)|(1.00,-.01)|3949.3755713766923|24.586499776486363|3949|0|0|(3960.38,.00)|(4048.72,.00)|(3968.41,.00)|-1.01|1.00|0.00|(3970.38,.00)|(1.00,.00)|3969.3755713766923|24.586499776486363|0|null|3.1004169851403094|0|null|false|0|false
106.95|(3952.34,2.09)|(1.00,-.02)|3951.3401785365536|24.586499776486363|3951|0|0|(3962.34,.00)|(4050.69,.00)|(3970.38,.00)|-1.01|1.00|0.00|(3972.34,.00)|(1.00,.00)|3971.3401785365536|24.586499776486363|0|null|3.07010269590833|0|null|false|0|false
107.00|(3954.30,1.95)|(1.00,-.03)|3953.30343650743|24.586499776486363|3953|0|0|(3964.30,.00)|(4052.65,.00)|(3972.34,.00)|-1.01|1.00|0.00|(3974.30,.00)|(1.00,.00)|3973.30343650743|24.586499776486363|0|null|3.033552599467282|0|null|false|0|false
107.05|(3956.27,1.80)|(1.00,-.04)|3955.2650665281362|24.586499776486363|3955|0|0|(3966.27,.00)|(4054.61,.00)|(3974.30,.00)|-1.01|1.00|0.00|(3976.27,.00)|(1.00,.00)|3975.2650665281362|24.586499776486363|0|null|2.990749899003651|0|null|false|0|false
107.10|(3958.23,1.64)|(1.00,-.05)|3957.227720733385|24.586499776486363|3957|0|0|(3968.23,.00)|(4056.57,.00)|(3976.27,.00)|-0.60|1.00|0.00|(3978.23,.00)|(1.00,.00)|3977.227720733385|24.586499776486363|0|null|2.948760998674247|0|null|false|0|false
107.15|(3960.19,1.47)|(1.00,-.06)|3959.1892575791026|24.586499776486363|3959|0|0|(3970.19,.00)|(4058.54,.00)|(3978.23,.00)|-0.60|1.00|0.00|(3980.19,.00)|(1.00,.00)|3979.1892575791026|24.586499776486363|0|null|2.9029242059967806|0|null|false|0|false
107.20|(3962.15,1.29)|(1.00,-.07)|3961.149574941928|24.586499776486363|3961|0|0|(3972.15,.00)|(4060.50,.00)|(3980.19,.00)|-0.60|1.00|0.00|(3982.15,.00)|(1.00,.00)|3981.149574941928|24.586499776486363|0|null|2.853249760290318|0|null|false|0|false
107.25|(3964.11,1.12)|(1.00,-.07)|3963.110632941358|24.586499776486363|3963|0|0|(3974.11,.00)|(4062.46,.00)|(3982.15,.00)|-0.27|1.00|0.00|(3984.11,.00)|(1.00,.00)|3983.110632941358|24.586499776486363|0|null|2.805484554595911|0|null|false|0|false
107.30|(3966.07,.94)|(1.00,-.08)|3965.0711174403245|24.586499776486363|3965|0|0|(3976.07,.00)|(4064.42,.00)|(3984.11,.00)|-0.27|1.00|0.00|(3986.07,.00)|(1.00,.00)|3985.0711174403245|24.586499776486363|0|null|2.755868616400555|0|null|false|0|false
107.35|(3968.03,.75)|(1.00,-.08)|3967.0310102888843|24.586499776486363|3967|0|0|(3978.03,.00)|(4066.38,.00)|(3986.07,.00)|-0.27|1.00|0.00|(3988.03,.00)|(1.00,.00)|3987.0310102888843|24.586499776486363|0|null|2.704428904828237|0|null|false|0|false
107.40|(3969.99,.55)|(1.00,-.09)|3968.99029419912|24.586499776486363|3968|0|0|(3979.99,.00)|(4068.34,.00)|(3988.03,.00)|-0.27|1.00|0.00|(3989.99,.00)|(1.00,.00)|3988.99029419912|24.586499776486363|0|null|2.651190862516229|0|null|false|0|false
107.45|(3971.95,.37)|(1.00,-.09)|3970.9505358241736|24.586499776486363|3970|0|0|(3981.95,.00)|(4070.30,.00)|(3989.99,.00)|0.04|1.00|0.00|(3991.95,.00)|(1.00,.00)|3990.9505358241736|24.586499776486363|0|null|2.60141432807424|0|null|false|0|false
107.50|(3973.91,.19)|(1.00,-.09)|3972.910853776152|24.586499776486363|3972|0|0|(3983.91,.00)|(4072.26,.00)|(3991.95,.00)|0.04|1.00|0.00|(3993.91,.00)|(1.00,.00)|3992.910853776152|24.586499776486363|0|null|2.5516806008193202|0|null|false|0|false
107.55|(3975.87,.01)|(1.00,-.09)|3974.8712552650272|24.586499776486363|3974|0|0|(3985.87,.00)|(4074.22,.00)|(3993.91,.00)|0.04|1.00|0.00|(3995.87,.00)|(1.00,.00)|3994.8712552650272|24.586499776486363|0|null|2.502028676256312|0|null|false|0|false
107.60|(3977.83,-.17)|(1.00,-.09)|3976.8317471636974|24.586499776486363|3976|0|0|(3987.83,.00)|(4076.18,.00)|(3995.87,.00)|0.04|1.00|0.00|(3997.83,.00)|(1.00,.00)|3996.8317471636974|24.586499776486363|0|null|2.452495351756219|0|null|false|0|false
107.65|(3979.79,-.33)|(1.00,-.09)|3978.7938159658|24.586499776486363|3978|0|0|(3989.79,.00)|(4078.14,.00)|(3997.83,.00)|0.50|1.00|0.00|(3999.79,.00)|(1.00,.00)|3998.7938159658|24.586499776486363|0|null|2.411143369410675|0|null|false|0|false
107.70|(3981.76,-.47)|(1.00,-.08)|3980.7567997703063|24.586499776486363|3980|0|0|(3991.76,.00)|(4080.10,.00)|(3999.79,.00)|0.50|1.00|0.00|(4001.76,.00)|(1.00,.00)|4000.7567997703063|24.586499776486363|0|null|2.3727286127627876|0|null|false|0|false
107.75|(3983.72,-.60)|(1.00,-.08)|3982.720642312033|24.586499776486363|3982|0|0|(3993.72,.00)|(4082.07,.00)|(4001.76,.00)|0.50|1.00|0.00|(4003.72,.00)|(1.00,.00)|4002.720642312033|24.586499776486363|0|null|2.337310305498014|0|null|false|0|false
107.80|(3985.69,-.71)|(1.00,-.08)|3984.685283780547|24.586499776486363|3984|0|0|(3995.69,.00)|(4084.03,.00)|(4003.72,.00)|0.50|1.00|0.00|(4005.69,.00)|(1.00,.00)|4004.685283780547|24.586499776486363|0|null|2.304943606113235|0|null|false|0|false
107.85|(3987.65,-.81)|(1.00,-.07)|3986.6507254555054|24.586499776486363|3986|0|0|(3997.65,.00)|(4086.00,.00)|(4005.69,.00)|0.68|1.00|0.00|(4007.65,.00)|(1.00,.00)|4006.6507254555054|24.586499776486363|0|null|2.278755851836846|0|null|false|0|false
107.90|(3989.62,-.89)|(1.00,-.06)|3988.616964228697|24.586499776486363|3988|0|0|(3999.62,.00)|(4087.96,.00)|(4007.65,.00)|0.68|1.00|0.00|(4009.62,.00)|(1.00,.00)|4008.616964228697|24.586499776486363|0|null|2.2567738917139275|0|null|false|0|false
107.95|(3991.58,-.96)|(1.00,-.06)|3990.5838752328054|24.586499776486363|3990|0|0|(4001.58,.00)|(4089.93,.00)|(4009.62,.00)|0.68|1.00|0.00|(4011.58,.00)|(1.00,.00)|4010.5838752328054|24.586499776486363|0|null|2.2390528419450333|0|null|false|0|false
108.00|(3993.55,-1.00)|(1.00,-.05)|3992.5512307454396|24.586499776486363|3992|0|0|(4003.55,.00)|(4091.90,.00)|(4011.58,.00)|0.75|1.00|0.00|(4013.55,.00)|(1.00,.00)|4012.5512307454396|24.586499776486363|0|null|2.226810320221815|0|null|false|0|false
108.05|(3995.52,-1.03)|(1.00,-.04)|3994.518994179394|24.586499776486363|3994|0|0|(4005.52,.00)|(4093.86,.00)|(4013.55,.00)|0.75|1.00|0.00|(4015.52,.00)|(1.00,.00)|4014.518994179394|24.586499776486363|0|null|2.2193264364052214|0|null|false|0|false
108.10|(3997.49,-1.04)|(1.00,-.03)|3996.4870032847543|24.586499776486363|3996|0|0|(4007.49,.00)|(4095.83,.00)|(4015.52,.00)|0.75|1.00|0.00|(4017.49,.00)|(1.00,.00)|4016.4870032847543|24.586499776486363|0|null|2.2166474333588706|0|null|false|0|false
108.15|(3999.46,-1.03)|(1.00,-.02)|3998.4550923122897|24.586499776486363|3998|0|0|(4009.46,.00)|(4097.80,.00)|(4017.49,.00)|0.75|1.00|0.00|(4019.46,.00)|(1.00,.00)|4018.4550923122897|24.586499776486363|0|null|2.21881506267688|0|null|false|0|false
108.20|(4001.42,-1.01)|(1.00,-.02)|4000.423383186608|24.586499776486363|4000|0|0|(4011.42,.00)|(4099.77,.00)|(4019.46,.00)|0.66|1.00|0.00|(4021.42,.00)|(1.00,.00)|4020.423383186608|24.586499776486363|0|null|2.224281989365056|0|null|false|0|false
108.25|(4003.39,-.97)|(1.00,-.01)|4002.3914941712537|24.586499776486363|4002|0|0|(4013.39,.00)|(4101.74,.00)|(4021.42,.00)|0.66|1.00|0.00|(4023.39,.00)|(1.00,.00)|4022.3914941712537|24.586499776486363|0|null|2.234121767250447|0|null|false|0|false
108.30|(4005.36,-.92)|(1.00,-.00)|4004.35928799397|24.586499776486363|4004|0|0|(4015.36,.00)|(4103.71,.00)|(4023.39,.00)|0.66|1.00|0.00|(4025.36,.00)|(1.00,.00)|4024.35928799397|24.586499776486363|0|null|2.2483583137433607|0|null|false|0|false
108.35|(4007.33,-.86)|(1.00,.01)|4006.32719909303|24.586499776486363|4006|0|0|(4017.33,.00)|(4105.67,.00)|(4025.36,.00)|0.50|1.00|0.00|(4027.33,.00)|(1.00,.00)|4026.32719909303|24.586499776486363|0|null|2.264353271617347|0|null|false|0|false
108.40|(4009.29,-.79)|(1.00,.01)|4008.2947109233155|24.586499776486363|4008|0|0|(4019.29,.00)|(4107.64,.00)|(4027.33,.00)|0.50|1.00|0.00|(4029.29,.00)|(1.00,.00)|4028.2947109233155|24.586499776486363|0|null|2.283869153920035|0|null|false|0|false
108.45|(4011.26,-.71)|(1.00,.02)|4010.2617356208016|24.586499776486363|4010|0|0|(4021.26,.00)|(4109.61,.00)|(4029.29,.00)|0.50|1.00|0.00|(4031.26,.00)|(1.00,.00)|4030.2617356208016|24.586499776486363|0|null|2.3069112028840855|0|null|false|0|false
108.50|(4013.23,-.61)|(1.00,.03)|4012.2281857197304|24.586499776486363|4012|0|0|(4023.23,.00)|(4111.57,.00)|(4031.26,.00)|0.50|1.00|0.00|(4033.23,.00)|(1.00,.00)|4032.2281857197304|24.586499776486363|0|null|2.3334820746246825|0|null|false|0|false
108.55|(4015.19,-.52)|(1.00,.03)|4014.1949675536202|24.586499776486363|4014|0|0|(4025.19,.00)|(4113.54,.00)|(4033.23,.00)|0.25|1.00|0.00|(4035.19,.00)|(1.00,.00)|4034.1949675536202|24.586499776486363|0|null|2.359243968235882|0|null|false|0|false
108.60|(4017.16,-.41)|(1.00,.04)|4016.1613971682127|24.586499776486363|4016|0|0|(4027.16,.00)|(4115.51,.00)|(4035.19,.00)|0.25|1.00|0.00|(4037.16,.00)|(1.00,.00)|4036.1613971682127|24.586499776486363|0|null|2.387043254629237|0|null|false|0|false
108.65|(4019.13,-.30)|(1.00,.04)|4018.1274480625607|24.586499776486363|4018|0|0|(4029.13,.00)|(4117.47,.00)|(4037.16,.00)|0.25|1.00|0.00|(4039.13,.00)|(1.00,.00)|4038.1274480625607|24.586499776486363|0|null|2.416861727732694|0|null|false|0|false
108.70|(4021.09,-.20)|(1.00,.04)|4020.0937918206637|24.586499776486363|4020|0|0|(4031.09,.00)|(4119.44,.00)|(4039.13,.00)|0.04|1.00|0.00|(4041.09,.00)|(1.00,.00)|4040.0937918206637|24.586499776486363|0|null|2.444998599026768|0|null|false|0|false
108.75|(4023.06,-.10)|(1.00,.05)|4022.060022496559|24.586499776486363|4022|0|0|(4033.06,.00)|(4121.41,.00)|(4041.09,.00)|0.04|1.00|0.00|(4043.06,.00)|(1.00,.00)|4042.060022496559|24.586499776486363|0|null|2.4738517337225208|0|null|false|0|false
108.80|(4025.03,.01)|(1.00,.05)|4024.0261406357595|24.586499776486363|4024|0|0|(4035.03,.00)|(4123.37,.00)|(4043.06,.00)|0.04|1.00|0.00|(4045.03,.00)|(1.00,.00)|4044.0261406357595|24.586499776486363|0|null|2.503388130806306|0|null|false|0|false
108.85|(4026.99,.11)|(1.00,.05)|4025.992589724575|24.586499776486363|4025|0|0|(4036.99,.00)|(4125.34,.00)|(4045.03,.00)|-0.15|1.00|0.00|(4046.99,.00)|(1.00,.00)|4045.992589724575|24.586499776486363|0|null|2.5303963366957065|0|null|false|0|false
108.90|(4028.96,.21)|(1.00,.05)|4027.9591598078277|24.586499776486363|4027|0|0|(4038.96,.00)|(4127.31,.00)|(4046.99,.00)|-0.15|1.00|0.00|(4048.96,.00)|(1.00,.00)|4047.9591598078277|24.586499776486363|0|null|2.556931530467228|0|null|false|0|false
108.95|(4030.93,.30)|(1.00,.05)|4029.9258534121604|24.586499776486363|4029|0|0|(4040.93,.00)|(4129.27,.00)|(4048.96,.00)|-0.15|1.00|0.00|(4050.93,.00)|(1.00,.00)|4049.9258534121604|24.586499776486363|0|null|2.5829507762929973|0|null|false|0|false
109.00|(4032.89,.40)|(1.00,.05)|4031.892672736614|24.586499776486363|4031|0|0|(4042.89,.00)|(4131.24,.00)|(4050.93,.00)|-0.15|1.00|0.00|(4052.89,.00)|(1.00,.00)|4051.892672736614|24.586499776486363|0|null|2.608412333502115|0|null|false|0|false
109.05|(4034.86,.49)|(1.00,.05)|4033.859619608949|24.586499776486363|4033|0|0|(4044.86,.00)|(4133.21,.00)|(4052.89,.00)|-0.15|1.00|0.00|(4054.86,.00)|(1.00,.00)|4053.859619608949|24.586499776486363|0|null|2.633275656832775|0|null|false|0|false
109.10|(4036.83,.56)|(1.00,.05)|4035.8269211300462|24.586499776486363|4035|0|0|(4046.83,.00)|(4135.17,.00)|(4054.86,.00)|-0.33|1.00|0.00|(4056.83,.00)|(1.00,.00)|4055.8269211300462|24.586499776486363|0|null|2.6542390164461795|0|null|false|0|false
109.15|(4038.79,.63)|(1.00,.04)|4037.7945066719462|24.586499776486363|4037|0|0|(4048.79,.00)|(4137.14,.00)|(4056.83,.00)|-0.33|1.00|0.00|(4058.79,.00)|(1.00,.00)|4057.7945066719462|24.586499776486363|0|null|2.673407175735587|0|null|false|0|false
109.20|(4040.76,.70)|(1.00,.04)|4039.7623559170215|24.586499776486363|4039|0|0|(4050.76,.00)|(4139.11,.00)|(4058.79,.00)|-0.33|1.00|0.00|(4060.76,.00)|(1.00,.00)|4059.7623559170215|24.586499776486363|0|null|2.690732860776034|0|null|false|0|false
109.25|(4042.73,.75)|(1.00,.04)|4041.7304252862004|24.586499776486363|4041|0|0|(4052.73,.00)|(4141.08,.00)|(4060.76,.00)|-0.46|1.00|0.00|(4062.73,.00)|(1.00,.00)|4061.7304252862004|24.586499776486363|0|null|2.7039436183508276|0|null|false|0|false
109.30|(4044.70,.78)|(1.00,.03)|4043.6987542405004|24.586499776486363|4043|0|0|(4054.70,.00)|(4143.04,.00)|(4062.73,.00)|-0.46|1.00|0.00|(4064.70,.00)|(1.00,.00)|4063.6987542405004|24.586499776486363|0|null|2.7144606171271155|0|null|false|0|false
109.35|(4046.67,.81)|(1.00,.03)|4045.667291770219|24.586499776486363|4045|0|0|(4056.67,.00)|(4145.01,.00)|(4064.70,.00)|-0.46|1.00|0.00|(4066.67,.00)|(1.00,.00)|4065.667291770219|24.586499776486363|0|null|2.7222374928121367|0|null|false|0|false
109.40|(4048.64,.83)|(1.00,.02)|4047.635964462609|24.586499776486363|4047|0|0|(4058.64,.00)|(4146.98,.00)|(4066.67,.00)|-0.48|1.00|0.00|(4068.64,.00)|(1.00,.00)|4067.635964462609|24.586499776486363|0|null|2.726967813297863|0|null|false|0|false
109.45|(4050.60,.84)|(1.00,.02)|4049.6047346776454|24.586499776486363|4049|0|0|(4060.60,.00)|(4148.95,.00)|(4068.64,.00)|-0.48|1.00|0.00|(4070.60,.00)|(1.00,.00)|4069.6047346776454|24.586499776486363|0|null|2.728785798783168|0|null|false|0|false
109.50|(4052.57,.83)|(1.00,.01)|4051.573541422556|24.586499776486363|4051|0|0|(4062.57,.00)|(4150.92,.00)|(4070.60,.00)|-0.48|1.00|0.00|(4072.57,.00)|(1.00,.00)|4071.573541422556|24.586499776486363|0|null|2.727655376848599|0|null|false|0|false
109.55|(4054.54,.82)|(1.00,.01)|4053.542321982342|24.586499776486363|4053|0|0|(4064.54,.00)|(4152.89,.00)|(4072.57,.00)|-0.48|1.00|0.00|(4074.54,.00)|(1.00,.00)|4073.542321982342|24.586499776486363|0|null|2.723544324102765|0|null|false|0|false
109.60|(4056.51,.79)|(1.00,.00)|4055.5110121704533|24.586499776486363|4055|0|0|(4066.51,.00)|(4154.86,.00)|(4074.54,.00)|-0.48|1.00|0.00|(4076.51,.00)|(1.00,.00)|4075.5110121704533|24.586499776486363|0|null|2.7164242589560037|0|null|false|0|false
109.65|(4058.48,.75)|(1.00,-.00)|4057.4795465858097|24.586499776486363|4057|0|0|(4068.48,.00)|(4156.83,.00)|(4076.51,.00)|-0.48|1.00|0.00|(4078.48,.00)|(1.00,.00)|4077.4795465858097|24.586499776486363|0|null|2.7062706148411935|0|null|false|0|false
109.70|(4060.45,.71)|(1.00,-.01)|4059.447858872721|24.586499776486363|4059|0|0|(4070.45,.00)|(4158.79,.00)|(4078.48,.00)|-0.48|1.00|0.00|(4080.45,.00)|(1.00,.00)|4079.447858872721|24.586499776486363|0|null|2.6930625896167175|0|null|false|0|false
109.75|(4062.42,.65)|(1.00,-.01)|4061.4158819796926|24.586499776486363|4061|0|0|(4072.42,.00)|(4160.76,.00)|(4080.45,.00)|-0.48|1.00|0.00|(4082.42,.00)|(1.00,.00)|4081.4158819796926|24.586499776486363|0|null|2.6767830676439575|0|null|false|0|false
109.80|(4064.38,.58)|(1.00,-.02)|4063.3835484126416|24.586499776486363|4063|0|0|(4074.38,.00)|(4162.73,.00)|(4082.42,.00)|-0.48|1.00|0.00|(4084.38,.00)|(1.00,.00)|4083.3835484126416|24.586499776486363|0|null|2.657418511876121|0|null|false|0|false
109.85|(4066.35,.49)|(1.00,-.02)|4065.3507904777543|24.586499776486363|4065|0|0|(4076.35,.00)|(4164.70,.00)|(4084.38,.00)|-0.48|1.00|0.00|(4086.35,.00)|(1.00,.00)|4085.3507904777543|24.586499776486363|0|null|2.634958824204342|0|null|false|0|false
109.90|(4068.32,.40)|(1.00,-.03)|4067.3175405090897|24.586499776486363|4067|0|0|(4078.32,.00)|(4166.66,.00)|(4086.35,.00)|-0.48|1.00|0.00|(4088.32,.00)|(1.00,.00)|4087.3175405090897|24.586499776486363|0|null|2.6093971732573418|0|null|false|0|false
109.95|(4070.28,.30)|(1.00,-.03)|4069.283731076092|24.586499776486363|4069|0|0|(4080.28,.00)|(4168.63,.00)|(4088.32,.00)|-0.48|1.00|0.00|(4090.28,.00)|(1.00,.00)|4089.283731076092|24.586499776486363|0|null|2.5807297898184602|0|null|false|0|false
110.00|(4072.25,.18)|(1.00,-.04)|4071.249295166439|24.586499776486363|4071|0|0|(4082.25,.00)|(4170.60,.00)|(4090.28,.00)|-0.48|1.00|0.00|(4092.25,.00)|(1.00,.00)|4091.249295166439|24.586499776486363|0|null|2.5489557309846105|0|null|false|0|false
110.05|(4074.21,.05)|(1.00,-.05)|4073.214166340079|24.586499776486363|4073|0|0|(4084.21,.00)|(4172.56,.00)|(4092.25,.00)|-0.48|1.00|0.00|(4094.21,.00)|(1.00,.00)|4093.214166340079|24.586499776486363|0|null|2.5140766151221032|0|null|false|0|false
110.10|(4076.18,-.09)|(1.00,-.05)|4075.1782788509213|24.586499776486363|4075|0|0|(4086.18,.00)|(4174.52,.00)|(4094.21,.00)|-0.48|1.00|0.00|(4096.18,.00)|(1.00,.00)|4095.1782788509213|24.586499776486363|0|null|2.476096330552016|0|null|false|0|false
110.15|(4078.14,-.24)|(1.00,-.06)|4077.1415677334003|24.586499776486363|4077|0|0|(4088.14,.00)|(4176.49,.00)|(4096.18,.00)|-0.48|1.00|0.00|(4098.14,.00)|(1.00,.00)|4097.141567733401|24.586499776486363|0|null|2.435020721701917|0|null|false|0|false
110.20|(4080.10,-.40)|(1.00,-.06)|4079.1039688519963|24.586499776486363|4079|0|0|(4090.10,.00)|(4178.45,.00)|(4098.14,.00)|-0.48|1.00|0.00|(4100.10,.00)|(1.00,.00)|4099.103968851996|24.586499776486363|0|null|2.39085725717254|0|null|false|0|false
110.25|(4082.07,-.57)|(1.00,-.07)|4081.0654189127577|24.586499776486363|4081|0|0|(4092.07,.00)|(4180.41,.00)|(4100.10,.00)|-0.48|1.00|0.00|(4102.07,.00)|(1.00,.00)|4101.065418912758|24.586499776486363|0|null|2.3436146847709756|0|null|false|0|false
110.30|(4084.03,-.71)|(1.00,-.07)|4083.0292671693874|24.586499776486363|4083|0|0|(4094.03,.00)|(4182.38,.00)|(4102.07,.00)|0.25|1.00|0.00|(4104.03,.00)|(1.00,.00)|4103.029267169388|24.586499776486363|0|null|2.305793794642644|0|null|false|0|false
110.35|(4085.99,-.84)|(1.00,-.07)|4084.9934791071264|24.586499776486363|4084|0|0|(4095.99,.00)|(4184.34,.00)|(4104.03,.00)|0.25|1.00|0.00|(4105.99,.00)|(1.00,.00)|4104.993479107126|24.586499776486363|0|null|2.26919767046935|0|null|false|0|false
110.40|(4087.96,-.97)|(1.00,-.07)|4086.9580514805393|24.586499776486363|4086|0|0|(4097.96,.00)|(4186.30,.00)|(4105.99,.00)|0.25|1.00|0.00|(4107.96,.00)|(1.00,.00)|4106.958051480539|24.586499776486363|0|null|2.233875334675684|0|null|false|0|false
110.45|(4089.92,-1.10)|(1.00,-.07)|4088.9229792181854|24.586499776486363|4088|0|0|(4099.92,.00)|(4188.27,.00)|(4107.96,.00)|0.25|1.00|0.00|(4109.92,.00)|(1.00,.00)|4108.922979218185|24.586499776486363|0|null|2.1998713378300696|0|null|false|0|false
110.50|(4091.89,-1.19)|(1.00,-.06)|4090.888670632444|24.586499776486363|4090|0|0|(4101.89,.00)|(4190.23,.00)|(4109.92,.00)|0.76|1.00|0.00|(4111.89,.00)|(1.00,.00)|4110.888670632444|24.586499776486363|0|null|2.1760159195498754|0|null|false|0|false
110.55|(4093.86,-1.26)|(1.00,-.05)|4092.8551274040988|24.586499776486363|4092|0|0|(4103.86,.00)|(4192.20,.00)|(4111.89,.00)|0.76|1.00|0.00|(4113.86,.00)|(1.00,.00)|4112.855127404098|24.586499776486363|0|null|2.156569155722185|0|null|false|0|false
110.60|(4095.82,-1.31)|(1.00,-.05)|4094.8222135379465|24.586499776486363|4094|0|0|(4105.82,.00)|(4194.17,.00)|(4113.86,.00)|0.76|1.00|0.00|(4115.82,.00)|(1.00,.00)|4114.8222135379465|24.586499776486363|0|null|2.141591895841333|0|null|false|0|false
110.65|(4097.79,-1.35)|(1.00,-.04)|4096.789787873666|24.586499776486363|4096|0|0|(4107.79,.00)|(4196.14,.00)|(4115.82,.00)|0.76|1.00|0.00|(4117.79,.00)|(1.00,.00)|4116.789787873666|24.586499776486363|0|null|2.1311371948347317|0|null|false|0|false
110.70|(4099.76,-1.37)|(1.00,-.03)|4098.757592422896|24.586499776486363|4098|0|0|(4109.76,.00)|(4198.10,.00)|(4117.79,.00)|0.80|1.00|0.00|(4119.76,.00)|(1.00,.00)|4118.757592422896|24.586499776486363|0|null|2.1260536875989007|0|null|false|0|false
110.75|(4101.73,-1.37)|(1.00,-.03)|4100.725573787648|24.586499776486363|4100|0|0|(4111.73,.00)|(4200.07,.00)|(4119.76,.00)|0.80|1.00|0.00|(4121.73,.00)|(1.00,.00)|4120.725573787648|24.586499776486363|0|null|2.125852204968898|0|null|false|0|false
110.80|(4103.69,-1.35)|(1.00,-.02)|4102.693561315111|24.586499776486363|4102|0|0|(4113.69,.00)|(4202.04,.00)|(4121.73,.00)|0.80|1.00|0.00|(4123.69,.00)|(1.00,.00)|4122.693561315111|24.586499776486363|0|null|2.130566603011764|0|null|false|0|false
110.85|(4105.66,-1.32)|(1.00,-.01)|4104.661712313074|24.586499776486363|4104|0|0|(4115.66,.00)|(4204.01,.00)|(4123.69,.00)|0.71|1.00|0.00|(4125.66,.00)|(1.00,.00)|4124.661712313074|24.586499776486363|0|null|2.138667631842026|0|null|false|0|false
110.90|(4107.63,-1.28)|(1.00,-.00)|4106.629609201344|24.586499776486363|4106|0|0|(4117.63,.00)|(4205.98,.00)|(4125.66,.00)|0.71|1.00|0.00|(4127.63,.00)|(1.00,.00)|4126.629609201344|24.586499776486363|0|null|2.1511973247678156|0|null|false|0|false
110.95|(4109.60,-1.21)|(1.00,.01)|4108.597112561218|24.586499776486363|4108|0|0|(4119.60,.00)|(4207.94,.00)|(4127.63,.00)|0.71|1.00|0.00|(4129.60,.00)|(1.00,.00)|4128.597112561218|24.586499776486363|0|null|2.1681651327324145|0|null|false|0|false
111.00|(4111.56,-1.15)|(1.00,.01)|4110.564729962443|24.586499776486363|4110|0|0|(4121.56,.00)|(4209.91,.00)|(4129.60,.00)|0.56|1.00|0.00|(4131.56,.00)|(1.00,.00)|4130.564729962443|24.586499776486363|0|null|2.1869245873732774|0|null|false|0|false
111.05|(4113.53,-1.06)|(1.00,.02)|4112.531884852825|24.586499776486363|4112|0|0|(4123.53,.00)|(4211.88,.00)|(4131.56,.00)|0.56|1.00|0.00|(4133.53,.00)|(1.00,.00)|4132.531884852825|24.586499776486363|0|null|2.209215890123045|0|null|false|0|false
111.10|(4115.50,-.97)|(1.00,.03)|4114.498491573238|24.586499776486363|4114|0|0|(4125.50,.00)|(4213.84,.00)|(4133.53,.00)|0.56|1.00|0.00|(4135.50,.00)|(1.00,.00)|4134.498491573238|24.586499776486363|0|null|2.2350267565612487|0|null|false|0|false
111.15|(4117.46,-.86)|(1.00,.03)|4116.464466108154|24.586499776486363|4116|0|0|(4127.46,.00)|(4215.81,.00)|(4135.50,.00)|0.56|1.00|0.00|(4137.46,.00)|(1.00,.00)|4136.464466108154|24.586499776486363|0|null|2.264342180173167|0|null|false|0|false
111.20|(4119.43,-.74)|(1.00,.04)|4118.429726209963|24.586499776486363|4118|0|0|(4129.43,.00)|(4217.78,.00)|(4137.46,.00)|0.56|1.00|0.00|(4139.43,.00)|(1.00,.00)|4138.429726209963|24.586499776486363|0|null|2.297144832028601|0|null|false|0|false
111.25|(4121.40,-.63)|(1.00,.04)|4120.395406616632|24.586499776486363|4120|0|0|(4131.40,.00)|(4219.74,.00)|(4139.43,.00)|0.30|1.00|0.00|(4141.40,.00)|(1.00,.00)|4140.395406616632|24.586499776486363|0|null|2.328945884685471|0|null|false|0|false
111.30|(4123.36,-.50)|(1.00,.05)|4122.360677333967|24.586499776486363|4122|0|0|(4133.36,.00)|(4221.71,.00)|(4141.40,.00)|0.30|1.00|0.00|(4143.36,.00)|(1.00,.00)|4142.360677333967|24.586499776486363|0|null|2.3626601870754653|0|null|false|0|false
111.35|(4125.33,-.37)|(1.00,.05)|4124.325520116499|24.586499776486363|4124|0|0|(4135.33,.00)|(4223.67,.00)|(4143.36,.00)|0.30|1.00|0.00|(4145.33,.00)|(1.00,.00)|4144.325520116499|24.586499776486363|0|null|2.3982528562186323|0|null|false|0|false
111.40|(4127.29,-.26)|(1.00,.05)|4126.291064049991|24.586499776486363|4126|0|0|(4137.29,.00)|(4225.64,.00)|(4145.33,.00)|-0.02|1.00|0.00|(4147.29,.00)|(1.00,.00)|4146.291064049991|24.586499776486363|0|null|2.4302257725590692|0|null|false|0|false
111.45|(4129.26,-.14)|(1.00,.05)|4128.256651151122|24.586499776486363|4128|0|0|(4139.26,.00)|(4227.60,.00)|(4147.29,.00)|-0.02|1.00|0.00|(4149.26,.00)|(1.00,.00)|4148.256651151122|24.586499776486363|0|null|2.4621358959996242|0|null|false|0|false
111.50|(4131.22,-.02)|(1.00,.06)|4130.222289179175|24.586499776486363|4130|0|0|(4141.22,.00)|(4229.57,.00)|(4149.26,.00)|-0.02|1.00|0.00|(4151.22,.00)|(1.00,.00)|4150.222289179175|24.586499776486363|0|null|2.493935150128425|0|null|false|0|false
111.55|(4133.19,.08)|(1.00,.05)|4132.188397194204|24.586499776486363|4132|0|0|(4143.19,.00)|(4231.53,.00)|(4151.22,.00)|-0.21|1.00|0.00|(4153.19,.00)|(1.00,.00)|4152.188397194204|24.586499776486363|0|null|2.522327800402037|0|null|false|0|false
111.60|(4135.15,.18)|(1.00,.05)|4134.154793442747|24.586499776486363|4134|0|0|(4145.15,.00)|(4233.50,.00)|(4153.19,.00)|-0.21|1.00|0.00|(4155.15,.00)|(1.00,.00)|4154.154793442747|24.586499776486363|0|null|2.549409275311505|0|null|false|0|false
111.65|(4137.12,.27)|(1.00,.05)|4136.121471105587|24.586499776486363|4136|0|0|(4147.12,.00)|(4235.47,.00)|(4155.15,.00)|-0.21|1.00|0.00|(4157.12,.00)|(1.00,.00)|4156.121471105587|24.586499776486363|0|null|2.5751323993224164|0|null|false|0|false
111.70|(4139.09,.36)|(1.00,.05)|4138.0884215293545|24.586499776486363|4138|0|0|(4149.09,.00)|(4237.43,.00)|(4157.12,.00)|-0.21|1.00|0.00|(4159.09,.00)|(1.00,.00)|4158.0884215293545|24.586499776486363|0|null|2.5994551359252744|0|null|false|0|false
111.75|(4141.06,.44)|(1.00,.05)|4140.055744839083|24.586499776486363|4140|0|0|(4151.06,.00)|(4239.40,.00)|(4159.09,.00)|-0.35|1.00|0.00|(4161.06,.00)|(1.00,.00)|4160.055744839083|24.586499776486363|0|null|2.6199447041276955|0|null|false|0|false
111.80|(4143.02,.51)|(1.00,.04)|4142.023414328612|24.586499776486363|4142|0|0|(4153.02,.00)|(4241.37,.00)|(4161.06,.00)|-0.35|1.00|0.00|(4163.02,.00)|(1.00,.00)|4162.023414328612|24.586499776486363|0|null|2.638142849962242|0|null|false|0|false
111.85|(4144.99,.56)|(1.00,.04)|4143.991394471174|24.586499776486363|4143|0|0|(4154.99,.00)|(4243.34,.00)|(4163.02,.00)|-0.35|1.00|0.00|(4164.99,.00)|(1.00,.00)|4163.991394471174|24.586499776486363|0|null|2.654014767377598|0|null|false|0|false
111.90|(4146.96,.61)|(1.00,.04)|4145.9596478593485|24.586499776486363|4145|0|0|(4156.96,.00)|(4245.31,.00)|(4164.99,.00)|-0.35|1.00|0.00|(4166.96,.00)|(1.00,.00)|4165.9596478593485|24.586499776486363|0|null|2.6675313446410485|0|null|false|0|false
111.95|(4148.93,.65)|(1.00,.03)|4147.928066389111|24.586499776486363|4147|0|0|(4158.93,.00)|(4247.27,.00)|(4166.96,.00)|-0.45|1.00|0.00|(4168.93,.00)|(1.00,.00)|4167.928066389111|24.586499776486363|0|null|2.6769322245858844|0|null|false|0|false
112.00|(4150.90,.67)|(1.00,.03)|4149.896689085607|24.586499776486363|4149|0|0|(4160.90,.00)|(4249.24,.00)|(4168.93,.00)|-0.45|1.00|0.00|(4170.90,.00)|(1.00,.00)|4169.896689085607|24.586499776486363|0|null|2.683339454594145|0|null|false|0|false
112.05|(4152.87,.68)|(1.00,.02)|4151.8654520303135|24.586499776486363|4151|0|0|(4162.87,.00)|(4251.21,.00)|(4170.90,.00)|-0.45|1.00|0.00|(4172.87,.00)|(1.00,.00)|4171.8654520303135|24.586499776486363|0|null|2.68673395882484|0|null|false|0|false
112.10|(4154.83,.69)|(1.00,.02)|4153.834335837415|24.586499776486363|4153|0|0|(4164.83,.00)|(4253.18,.00)|(4172.87,.00)|-0.42|1.00|0.00|(4174.83,.00)|(1.00,.00)|4173.834335837415|24.586499776486363|0|null|2.687564775675904|0|null|false|0|false
112.15|(4156.80,.68)|(1.00,.01)|4155.803238893303|24.586499776486363|4155|0|0|(4166.80,.00)|(4255.15,.00)|(4174.83,.00)|-0.42|1.00|0.00|(4176.80,.00)|(1.00,.00)|4175.803238893303|24.586499776486363|0|null|2.6855191057139756|0|null|false|0|false
112.20|(4158.77,.66)|(1.00,.01)|4157.772102282606|24.586499776486363|4157|0|0|(4168.77,.00)|(4257.12,.00)|(4176.80,.00)|-0.42|1.00|0.00|(4178.77,.00)|(1.00,.00)|4177.772102282606|24.586499776486363|0|null|2.6805939791494393|0|null|false|0|false
112.25|(4160.74,.63)|(1.00,.00)|4159.740867296758|24.586499776486363|4159|0|0|(4170.74,.00)|(4259.09,.00)|(4178.77,.00)|-0.42|1.00|0.00|(4180.74,.00)|(1.00,.00)|4179.740867296758|24.586499776486363|0|null|2.672790291836191|0|null|false|0|false
112.30|(4162.71,.59)|(1.00,-.00)|4161.70947568831|24.586499776486363|4161|0|0|(4172.71,.00)|(4261.06,.00)|(4180.74,.00)|-0.42|1.00|0.00|(4182.71,.00)|(1.00,.00)|4181.70947568831|24.586499776486363|0|null|2.662112363306233|0|null|false|0|false
112.35|(4164.68,.54)|(1.00,-.01)|4163.677869881831|24.586499776486363|4163|0|0|(4174.68,.00)|(4263.02,.00)|(4182.71,.00)|-0.42|1.00|0.00|(4184.68,.00)|(1.00,.00)|4183.677869881831|24.586499776486363|0|null|2.6485674818740295|0|null|false|0|false
112.40|(4166.65,.49)|(1.00,-.01)|4165.646372693402|24.586499776486363|4165|0|0|(4176.65,.00)|(4264.99,.00)|(4184.68,.00)|-0.28|1.00|0.00|(4186.65,.00)|(1.00,.00)|4185.646372693402|24.586499776486363|0|null|2.634520489942269|0|null|false|0|false
112.45|(4168.61,.43)|(1.00,-.02)|4167.614679328218|24.586499776486363|4167|0|0|(4178.61,.00)|(4266.96,.00)|(4186.65,.00)|-0.28|1.00|0.00|(4188.61,.00)|(1.00,.00)|4187.614679328218|24.586499776486363|0|null|2.6184369344870144|0|null|false|0|false
112.50|(4170.58,.37)|(1.00,-.02)|4169.582762883292|24.586499776486363|4169|0|0|(4180.58,.00)|(4268.93,.00)|(4188.61,.00)|-0.28|1.00|0.00|(4190.58,.00)|(1.00,.00)|4189.582762883292|24.586499776486363|0|null|2.600337461857551|0|null|false|0|false
112.55|(4172.55,.31)|(1.00,-.02)|4171.551054306038|24.586499776486363|4171|0|0|(4182.55,.00)|(4270.90,.00)|(4190.58,.00)|-0.09|1.00|0.00|(4192.55,.00)|(1.00,.00)|4191.551054306038|24.586499776486363|0|null|2.583504498433603|0|null|false|0|false
112.60|(4174.52,.24)|(1.00,-.02)|4173.519254768916|24.586499776486363|4173|0|0|(4184.52,.00)|(4272.87,.00)|(4192.55,.00)|-0.09|1.00|0.00|(4194.52,.00)|(1.00,.00)|4193.519254768916|24.586499776486363|0|null|2.565817248461375|0|null|false|0|false
112.65|(4176.49,.17)|(1.00,-.03)|4175.487362255521|24.586499776486363|4175|0|0|(4186.49,.00)|(4274.83,.00)|(4194.52,.00)|-0.09|1.00|0.00|(4196.49,.00)|(1.00,.00)|4195.487362255521|24.586499776486363|0|null|2.5473062709501644|0|null|false|0|false
112.70|(4178.46,.11)|(1.00,-.03)|4177.4555862228135|24.586499776486363|4177|0|0|(4188.46,.00)|(4276.80,.00)|(4196.49,.00)|0.03|1.00|0.00|(4198.46,.00)|(1.00,.00)|4197.4555862228135|24.586499776486363|0|null|2.530054768724637|0|null|false|0|false
112.75|(4180.42,.05)|(1.00,-.03)|4179.423813983614|24.586499776486363|4179|0|0|(4190.42,.00)|(4278.77,.00)|(4198.46,.00)|0.03|1.00|0.00|(4200.42,.00)|(1.00,.00)|4199.423813983614|24.586499776486363|0|null|2.5127401321014684|0|null|false|0|false
112.80|(4182.39,-.02)|(1.00,-.03)|4181.39204826062|24.586499776486363|4181|0|0|(4192.39,.00)|(4280.74,.00)|(4200.42,.00)|0.03|1.00|0.00|(4202.39,.00)|(1.00,.00)|4201.39204826062|24.586499776486363|0|null|2.495393153619195|0|null|false|0|false
112.85|(4184.36,-.08)|(1.00,-.03)|4183.360291541926|24.586499776486363|4183|0|0|(4194.36,.00)|(4282.71,.00)|(4202.39,.00)|0.03|1.00|0.00|(4204.36,.00)|(1.00,.00)|4203.360291541926|24.586499776486363|0|null|2.478041498730043|0|null|false|0|false
112.90|(4186.33,-.14)|(1.00,-.03)|4185.328546033993|24.586499776486363|4185|0|0|(4196.33,.00)|(4284.67,.00)|(4204.36,.00)|0.03|1.00|0.00|(4206.33,.00)|(1.00,.00)|4205.328546033993|24.586499776486363|0|null|2.460709655346622|0|null|false|0|false
112.95|(4188.30,-.20)|(1.00,-.03)|4187.296964916737|24.586499776486363|4187|0|0|(4198.30,.00)|(4286.64,.00)|(4206.33,.00)|0.17|1.00|0.00|(4208.30,.00)|(1.00,.00)|4207.296964916737|24.586499776486363|0|null|2.4458585289232793|0|null|false|0|false
113.00|(4190.27,-.25)|(1.00,-.03)|4189.265487869547|24.586499776486363|4189|0|0|(4200.27,.00)|(4288.61,.00)|(4208.30,.00)|0.17|1.00|0.00|(4210.27,.00)|(1.00,.00)|4209.265487869547|24.586499776486363|0|null|2.4319042569716616|0|null|false|0|false
113.05|(4192.23,-.30)|(1.00,-.03)|4191.23411030396|24.586499776486363|4191|0|0|(4202.23,.00)|(4290.58,.00)|(4210.27,.00)|0.17|1.00|0.00|(4212.23,.00)|(1.00,.00)|4211.23411030396|24.586499776486363|0|null|2.418869738953767|0|null|false|0|false
113.10|(4194.20,-.33)|(1.00,-.03)|4193.202843545755|24.586499776486363|4193|0|0|(4204.20,.00)|(4292.55,.00)|(4212.23,.00)|0.27|1.00|0.00|(4214.20,.00)|(1.00,.00)|4213.202843545755|24.586499776486363|0|null|2.4085544257184046|0|null|false|0|false
113.15|(4196.17,-.37)|(1.00,-.02)|4195.171699060434|24.586499776486363|4195|0|0|(4206.17,.00)|(4294.52,.00)|(4214.20,.00)|0.27|1.00|0.00|(4216.17,.00)|(1.00,.00)|4215.171699060434|24.586499776486363|0|null|2.399804771913985|0|null|false|0|false
113.20|(4198.14,-.39)|(1.00,-.02)|4197.140659513921|24.586499776486363|4197|0|0|(4208.14,.00)|(4296.49,.00)|(4216.17,.00)|0.27|1.00|0.00|(4218.14,.00)|(1.00,.00)|4217.140659513921|24.586499776486363|0|null|2.392638675481394|0|null|false|0|false
113.25|(4200.11,-.41)|(1.00,-.02)|4199.109695781427|24.586499776486363|4199|0|0|(4210.11,.00)|(4298.46,.00)|(4218.14,.00)|0.29|1.00|0.00|(4220.11,.00)|(1.00,.00)|4219.109695781427|24.586499776486363|0|null|2.387396632740823|0|null|false|0|false
113.30|(4202.08,-.43)|(1.00,-.02)|4201.078801149257|24.586499776486363|4201|0|0|(4212.08,.00)|(4300.42,.00)|(4220.11,.00)|0.29|1.00|0.00|(4222.08,.00)|(1.00,.00)|4221.078801149257|24.586499776486363|0|null|2.3838753117963574|0|null|false|0|false
113.35|(4204.05,-.43)|(1.00,-.01)|4203.047954169846|24.586499776486363|4203|0|0|(4214.05,.00)|(4302.39,.00)|(4222.08,.00)|0.29|1.00|0.00|(4224.05,.00)|(1.00,.00)|4223.047954169846|24.586499776486363|0|null|2.3820837163621493|0|null|false|0|false
113.40|(4206.02,-.43)|(1.00,-.01)|4205.017133147261|24.586499776486363|4205|0|0|(4216.02,.00)|(4304.36,.00)|(4224.05,.00)|0.29|1.00|0.00|(4226.02,.00)|(1.00,.00)|4225.017133147261|24.586499776486363|0|null|2.3820281952630245|0|null|false|0|false
113.45|(4207.99,-.43)|(1.00,-.01)|4206.986316254995|24.586499776486363|4206|0|0|(4217.99,.00)|(4306.33,.00)|(4226.02,.00)|0.29|1.00|0.00|(4227.99,.00)|(1.00,.00)|4226.986316254995|24.586499776486363|0|null|2.3837128633667772|0|null|false|0|false
113.50|(4209.96,-.41)|(1.00,-.00)|4208.955481630789|24.586499776486363|4208|0|0|(4219.96,.00)|(4308.30,.00)|(4227.99,.00)|0.29|1.00|0.00|(4229.96,.00)|(1.00,.00)|4228.955481630789|24.586499776486363|0|null|2.3871400289234437|0|null|false|0|false
113.55|(4211.92,-.39)|(1.00,-.00)|4210.924607447254|24.586499776486363|4210|0|0|(4221.92,.00)|(4310.27,.00)|(4229.96,.00)|0.29|1.00|0.00|(4231.92,.00)|(1.00,.00)|4230.924607447254|24.586499776486363|0|null|2.3923106209815233|0|null|false|0|false
113.60|(4213.89,-.37)|(1.00,.00)|4212.893671957813|24.586499776486363|4212|0|0|(4223.89,.00)|(4312.24,.00)|(4231.92,.00)|0.29|1.00|0.00|(4233.89,.00)|(1.00,.00)|4232.893671957813|24.586499776486363|0|null|2.3992246104226145|0|null|false|0|false
113.65|(4215.86,-.34)|(1.00,.01)|4214.862653518309|24.586499776486363|4214|0|0|(4225.86,.00)|(4314.21,.00)|(4233.89,.00)|0.29|1.00|0.00|(4235.86,.00)|(1.00,.00)|4234.862653518309|24.586499776486363|0|null|2.4078814181617205|0|null|false|0|false
113.70|(4217.83,-.30)|(1.00,.01)|4216.831530585276|24.586499776486363|4216|0|0|(4227.83,.00)|(4316.18,.00)|(4235.86,.00)|0.29|1.00|0.00|(4237.83,.00)|(1.00,.00)|4236.831530585276|24.586499776486363|0|null|2.418280304202424|0|null|false|0|false
113.75|(4219.80,-.25)|(1.00,.01)|4218.800281692528|24.586499776486363|4218|0|0|(4229.80,.00)|(4318.15,.00)|(4237.83,.00)|0.29|1.00|0.00|(4239.80,.00)|(1.00,.00)|4238.800281692528|24.586499776486363|0|null|2.430420731512819|0|null|false|0|false
113.80|(4221.77,-.20)|(1.00,.02)|4220.76888540828|24.586499776486363|4220|0|0|(4231.77,.00)|(4320.11,.00)|(4239.80,.00)|0.29|1.00|0.00|(4241.77,.00)|(1.00,.00)|4240.76888540828|24.586499776486363|0|null|2.4443026990949637|0|null|false|0|false
113.85|(4223.74,-.15)|(1.00,.02)|4222.737320275454|24.586499776486363|4222|0|0|(4233.74,.00)|(4322.08,.00)|(4241.77,.00)|0.29|1.00|0.00|(4243.74,.00)|(1.00,.00)|4242.737320275454|24.586499776486363|0|null|2.459927039150026|0|null|false|0|false
113.90|(4225.71,-.08)|(1.00,.02)|4224.705564738236|24.586499776486363|4224|0|0|(4235.71,.00)|(4324.05,.00)|(4243.74,.00)|0.29|1.00|0.00|(4245.71,.00)|(1.00,.00)|4244.705564738236|24.586499776486363|0|null|2.4772956738828107|0|null|false|0|false
113.95|(4227.67,-.01)|(1.00,.03)|4226.673597058214|24.586499776486363|4226|0|0|(4237.67,.00)|(4326.02,.00)|(4245.71,.00)|0.29|1.00|0.00|(4247.67,.00)|(1.00,.00)|4246.673597058214|24.586499776486363|0|null|2.496411828229916|0|null|false|0|false
114.00|(4229.64,.06)|(1.00,.03)|4228.641395223638|24.586499776486363|4228|0|0|(4239.64,.00)|(4327.99,.00)|(4247.67,.00)|0.29|1.00|0.00|(4249.64,.00)|(1.00,.00)|4248.641395223638|24.586499776486363|0|null|2.5172801956200823|0|null|false|0|false
114.05|(4231.61,.15)|(1.00,.03)|4230.608936855431|24.586499776486363|4230|0|0|(4241.61,.00)|(4329.95,.00)|(4249.64,.00)|0.29|1.00|0.00|(4251.61,.00)|(1.00,.00)|4250.608936855431|24.586499776486363|0|null|2.5399070547661826|0|null|false|0|false
114.10|(4233.58,.24)|(1.00,.04)|4232.576199113625|24.586499776486363|4232|0|0|(4243.58,.00)|(4331.92,.00)|(4251.61,.00)|0.29|1.00|0.00|(4253.58,.00)|(1.00,.00)|4252.576199113625|24.586499776486363|0|null|2.5643003364269066|0|null|false|0|false
114.15|(4235.54,.33)|(1.00,.04)|4234.543158607805|24.586499776486363|4234|0|0|(4245.54,.00)|(4333.89,.00)|(4253.58,.00)|0.29|1.00|0.00|(4255.54,.00)|(1.00,.00)|4254.543158607805|24.586499776486363|0|null|2.5904696400427487|0|null|false|0|false
114.20|(4237.51,.41)|(1.00,.04)|4236.510844149116|24.586499776486363|4236|0|0|(4247.51,.00)|(4335.86,.00)|(4255.54,.00)|-0.11|1.00|0.00|(4257.51,.00)|(1.00,.00)|4256.510844149116|24.586499776486363|0|null|2.611578199532776|0|null|false|0|false
114.25|(4239.48,.48)|(1.00,.04)|4238.47862615367|24.586499776486363|4238|0|0|(4249.48,.00)|(4337.82,.00)|(4257.51,.00)|-0.11|1.00|0.00|(4259.48,.00)|(1.00,.00)|4258.47862615367|24.586499776486363|0|null|2.632135925299707|0|null|false|0|false
114.30|(4241.45,.56)|(1.00,.04)|4240.4465021964415|24.586499776486363|4240|0|0|(4251.45,.00)|(4339.79,.00)|(4259.48,.00)|-0.11|1.00|0.00|(4261.45,.00)|(1.00,.00)|4260.4465021964415|24.586499776486363|0|null|2.6521354884611394|0|null|false|0|false
114.35|(4243.41,.63)|(1.00,.04)|4242.414469360581|24.586499776486363|4242|0|0|(4253.41,.00)|(4341.76,.00)|(4261.45,.00)|-0.11|1.00|0.00|(4263.41,.00)|(1.00,.00)|4262.414469360581|24.586499776486363|0|null|2.6715731971087604|0|null|false|0|false
114.40|(4245.38,.68)|(1.00,.03)|4244.382696573057|24.586499776486363|4244|0|0|(4255.38,.00)|(4343.73,.00)|(4263.41,.00)|-0.40|1.00|0.00|(4265.38,.00)|(1.00,.00)|4264.382696573057|24.586499776486363|0|null|2.685432929328351|0|null|false|0|false
114.45|(4247.35,.72)|(1.00,.03)|4246.35116212121|24.586499776486363|4246|0|0|(4257.35,.00)|(4345.70,.00)|(4265.38,.00)|-0.40|1.00|0.00|(4267.35,.00)|(1.00,.00)|4266.35116212121|24.586499776486363|0|null|2.697010936964748|0|null|false|0|false
114.50|(4249.32,.76)|(1.00,.03)|4248.319827999019|24.586499776486363|4248|0|0|(4259.32,.00)|(4347.67,.00)|(4267.35,.00)|-0.40|1.00|0.00|(4269.32,.00)|(1.00,.00)|4268.319827999019|24.586499776486363|0|null|2.706295819260438|0|null|false|0|false
114.55|(4251.29,.78)|(1.00,.02)|4250.288614850187|24.586499776486363|4250|0|0|(4261.29,.00)|(4349.63,.00)|(4269.32,.00)|-0.44|1.00|0.00|(4271.29,.00)|(1.00,.00)|4270.288614850187|24.586499776486363|0|null|2.7125312405800193|0|null|false|0|false
114.60|(4253.26,.79)|(1.00,.02)|4252.257524216668|24.586499776486363|4252|0|0|(4263.26,.00)|(4351.60,.00)|(4271.29,.00)|-0.44|1.00|0.00|(4273.26,.00)|(1.00,.00)|4272.257524216668|24.586499776486363|0|null|2.7162044509188807|0|null|false|0|false
114.65|(4255.23,.80)|(1.00,.02)|4254.22650824844|24.586499776486363|4254|0|0|(4265.23,.00)|(4353.57,.00)|(4273.26,.00)|-0.44|1.00|0.00|(4275.23,.00)|(1.00,.00)|4274.22650824844|24.586499776486363|0|null|2.7173113397784543|0|null|false|0|false
114.70|(4257.20,.79)|(1.00,.01)|4256.195519081259|24.586499776486363|4256|0|0|(4267.20,.00)|(4355.54,.00)|(4275.23,.00)|-0.44|1.00|0.00|(4277.20,.00)|(1.00,.00)|4276.195519081259|24.586499776486363|0|null|2.71585020572917|0|null|false|0|false
114.75|(4259.16,.78)|(1.00,.01)|4258.164508992568|24.586499776486363|4258|0|0|(4269.16,.00)|(4357.51,.00)|(4277.20,.00)|-0.44|1.00|0.00|(4279.16,.00)|(1.00,.00)|4278.164508992568|24.586499776486363|0|null|2.7118212154180057|0|null|false|0|false
114.80|(4261.13,.75)|(1.00,.00)|4260.133506576617|24.586499776486363|4260|0|0|(4271.13,.00)|(4359.48,.00)|(4279.16,.00)|-0.41|1.00|0.00|(4281.13,.00)|(1.00,.00)|4280.133506576617|24.586499776486363|0|null|2.705856377720227|0|null|false|0|false
114.85|(4263.10,.72)|(1.00,-.00)|4262.102409280348|24.586499776486363|4262|0|0|(4273.10,.00)|(4361.45,.00)|(4281.13,.00)|-0.41|1.00|0.00|(4283.10,.00)|(1.00,.00)|4282.102409280348|24.586499776486363|0|null|2.6975441437790395|0|null|false|0|false
114.90|(4265.07,.68)|(1.00,-.01)|4264.071177901743|24.586499776486363|4264|0|0|(4275.07,.00)|(4363.42,.00)|(4283.10,.00)|-0.41|1.00|0.00|(4285.07,.00)|(1.00,.00)|4284.071177901743|24.586499776486363|0|null|2.686889311272807|0|null|false|0|false
114.95|(4267.04,.64)|(1.00,-.01)|4266.039773621871|24.586499776486363|4266|0|0|(4277.04,.00)|(4365.39,.00)|(4285.07,.00)|-0.41|1.00|0.00|(4287.04,.00)|(1.00,.00)|4286.039773621871|24.586499776486363|0|null|2.673896482997761|0|null|false|0|false
115.00|(4269.01,.58)|(1.00,-.01)|4268.008157951297|24.586499776486363|4268|0|0|(4279.01,.00)|(4367.35,.00)|(4287.04,.00)|-0.41|1.00|0.00|(4289.01,.00)|(1.00,.00)|4288.008157951297|24.586499776486363|0|null|2.658569734589361|0|null|false|0|false
115.05|(4270.98,.52)|(1.00,-.02)|4269.976292654115|24.586499776486363|4269|0|0|(4280.98,.00)|(4369.32,.00)|(4289.01,.00)|-0.41|1.00|0.00|(4290.98,.00)|(1.00,.00)|4289.976292654115|24.586499776486363|0|null|2.64091233342713|0|null|false|0|false
115.10|(4272.94,.44)|(1.00,-.02)|4271.944139655136|24.586499776486363|4271|0|0|(4282.94,.00)|(4371.29,.00)|(4290.98,.00)|-0.41|1.00|0.00|(4292.94,.00)|(1.00,.00)|4291.944139655136|24.586499776486363|0|null|2.6209265110644058|0|null|false|0|false
115.15|(4274.91,.36)|(1.00,-.03)|4273.911660935878|24.586499776486363|4273|0|0|(4284.91,.00)|(4373.26,.00)|(4292.94,.00)|-0.41|1.00|0.00|(4294.91,.00)|(1.00,.00)|4293.911660935878|24.586499776486363|0|null|2.598613290546277|0|null|false|0|false
115.20|(4276.88,.27)|(1.00,-.03)|4275.878818425011|24.586499776486363|4275|0|0|(4286.88,.00)|(4375.22,.00)|(4294.91,.00)|-0.41|1.00|0.00|(4296.88,.00)|(1.00,.00)|4295.878818425011|24.586499776486363|0|null|2.5739723689734837|0|null|false|0|false
115.25|(4278.85,.17)|(1.00,-.04)|4277.845573888685|24.586499776486363|4277|0|0|(4288.85,.00)|(4377.19,.00)|(4296.88,.00)|-0.41|1.00|0.00|(4298.85,.00)|(1.00,.00)|4297.845573888685|24.586499776486363|0|null|2.5470020546575|0|null|false|0|false
115.30|(4280.81,.06)|(1.00,-.04)|4279.81188882593|24.586499776486363|4279|0|0|(4290.81,.00)|(4379.16,.00)|(4298.85,.00)|-0.41|1.00|0.00|(4300.81,.00)|(1.00,.00)|4299.81188882593|24.586499776486363|0|null|2.5176992572129464|0|null|false|0|false
115.35|(4282.78,-.05)|(1.00,-.05)|4281.77772437384|24.586499776486363|4281|0|0|(4292.78,.00)|(4381.12,.00)|(4300.81,.00)|-0.41|1.00|0.00|(4302.78,.00)|(1.00,.00)|4301.77772437384|24.586499776486363|0|null|2.4860595279683153|0|null|false|0|false
115.40|(4284.74,-.14)|(1.00,-.04)|4283.744763911959|24.586499776486363|4283|0|0|(4294.74,.00)|(4383.09,.00)|(4302.78,.00)|0.15|1.00|0.00|(4304.74,.00)|(1.00,.00)|4303.744763911959|24.586499776486363|0|null|2.461627473013888|0|null|false|0|false
115.45|(4286.71,-.23)|(1.00,-.04)|4285.711985523989|24.586499776486363|4285|0|0|(4296.71,.00)|(4385.06,.00)|(4304.74,.00)|0.15|1.00|0.00|(4306.71,.00)|(1.00,.00)|4305.711985523989|24.586499776486363|0|null|2.438123735013413|0|null|false|0|false
115.50|(4288.68,-.31)|(1.00,-.04)|4287.679384372382|24.586499776486363|4287|0|0|(4298.68,.00)|(4387.03,.00)|(4306.71,.00)|0.15|1.00|0.00|(4308.68,.00)|(1.00,.00)|4307.679384372382|24.586499776486363|0|null|2.4155703860134254|0|null|false|0|false
115.55|(4290.65,-.37)|(1.00,-.04)|4289.647111451787|24.586499776486363|4289|0|0|(4300.65,.00)|(4388.99,.00)|(4308.68,.00)|0.36|1.00|0.00|(4310.65,.00)|(1.00,.00)|4309.647111451787|24.586499776486363|0|null|2.397680030517729|0|null|false|0|false
115.60|(4292.62,-.43)|(1.00,-.04)|4291.615142568045|24.586499776486363|4291|0|0|(4302.62,.00)|(4390.96,.00)|(4310.65,.00)|0.36|1.00|0.00|(4312.62,.00)|(1.00,.00)|4311.615142568045|24.586499776486363|0|null|2.3820404536926403|0|null|false|0|false
115.65|(4294.58,-.48)|(1.00,-.03)|4293.5834414804585|24.586499776486363|4293|0|0|(4304.58,.00)|(4392.93,.00)|(4312.62,.00)|0.36|1.00|0.00|(4314.58,.00)|(1.00,.00)|4313.5834414804585|24.586499776486363|0|null|2.3686749305865376|0|null|false|0|false
115.70|(4296.55,-.52)|(1.00,-.03)|4295.551970768988|24.586499776486363|4295|0|0|(4306.55,.00)|(4394.90,.00)|(4314.58,.00)|0.36|1.00|0.00|(4316.55,.00)|(1.00,.00)|4315.551970768988|24.586499776486363|0|null|2.357602735507461|0|null|false|0|false
115.75|(4298.52,-.55)|(1.00,-.03)|4297.520639237052|24.586499776486363|4297|0|0|(4308.52,.00)|(4396.87,.00)|(4316.55,.00)|0.42|1.00|0.00|(4318.52,.00)|(1.00,.00)|4317.520639237052|24.586499776486363|0|null|2.349919575668806|0|null|false|0|false
115.80|(4300.49,-.57)|(1.00,-.02)|4299.489463745688|24.586499776486363|4299|0|0|(4310.49,.00)|(4398.84,.00)|(4318.52,.00)|0.42|1.00|0.00|(4320.49,.00)|(1.00,.00)|4319.489463745688|24.586499776486363|0|null|2.3449292952944267|0|null|false|0|false
115.85|(4302.46,-.58)|(1.00,-.02)|4301.458391472783|24.586499776486363|4301|0|0|(4312.46,.00)|(4400.80,.00)|(4320.49,.00)|0.42|1.00|0.00|(4322.46,.00)|(1.00,.00)|4321.458391472783|24.586499776486363|0|null|2.3426459382363944|0|null|false|0|false
115.90|(4304.43,-.57)|(1.00,-.01)|4303.42736905695|24.586499776486363|4303|0|0|(4314.43,.00)|(4402.77,.00)|(4322.46,.00)|0.42|1.00|0.00|(4324.43,.00)|(1.00,.00)|4323.42736905695|24.586499776486363|0|null|2.343081268070071|0|null|false|0|false
115.95|(4306.40,-.56)|(1.00,-.01)|4305.396377142719|24.586499776486363|4305|0|0|(4316.40,.00)|(4404.74,.00)|(4324.43,.00)|0.41|1.00|0.00|(4326.40,.00)|(1.00,.00)|4325.396377142719|24.586499776486363|0|null|2.3459373351200203|0|null|false|0|false
116.00|(4308.37,-.54)|(1.00,-.00)|4307.365335496792|24.586499776486363|4307|0|0|(4318.37,.00)|(4406.71,.00)|(4326.40,.00)|0.41|1.00|0.00|(4328.37,.00)|(1.00,.00)|4327.365335496792|24.586499776486363|0|null|2.3514249194615395|0|null|false|0|false
116.05|(4310.33,-.51)|(1.00,-.00)|4309.3341939947695|24.586499776486363|4309|0|0|(4320.33,.00)|(4408.68,.00)|(4328.37,.00)|0.41|1.00|0.00|(4330.33,.00)|(1.00,.00)|4329.3341939947695|24.586499776486363|0|null|2.359550711615354|0|null|false|0|false
116.10|(4312.30,-.47)|(1.00,.00)|4311.302902407193|24.586499776486363|4311|0|0|(4322.30,.00)|(4410.65,.00)|(4330.33,.00)|0.41|1.00|0.00|(4332.30,.00)|(1.00,.00)|4331.302902407193|24.586499776486363|0|null|2.370320904211807|0|null|false|0|false
116.15|(4314.27,-.43)|(1.00,.01)|4313.271759376993|24.586499776486363|4313|0|0|(4324.27,.00)|(4412.62,.00)|(4332.30,.00)|0.26|1.00|0.00|(4334.27,.00)|(1.00,.00)|4333.271759376993|24.586499776486363|0|null|2.381265534937983|0|null|false|0|false
116.20|(4316.24,-.39)|(1.00,.01)|4315.240480246744|24.586499776486363|4315|0|0|(4326.24,.00)|(4414.59,.00)|(4334.27,.00)|0.26|1.00|0.00|(4336.24,.00)|(1.00,.00)|4335.240480246744|24.586499776486363|0|null|2.3940162084409637|0|null|false|0|false
116.25|(4318.21,-.33)|(1.00,.02)|4317.209041812328|24.586499776486363|4317|0|0|(4328.21,.00)|(4416.56,.00)|(4336.24,.00)|0.26|1.00|0.00|(4338.21,.00)|(1.00,.00)|4337.209041812328|24.586499776486363|0|null|2.408571443513444|0|null|false|0|false
116.30|(4320.18,-.28)|(1.00,.02)|4319.177665249454|24.586499776486363|4319|0|0|(4330.18,.00)|(4418.52,.00)|(4338.21,.00)|0.15|1.00|0.00|(4340.18,.00)|(1.00,.00)|4339.177665249454|24.586499776486363|0|null|2.4230345041178083|0|null|false|0|false
116.35|(4322.15,-.22)|(1.00,.02)|4321.146176522912|24.586499776486363|4321|0|0|(4332.15,.00)|(4420.49,.00)|(4340.18,.00)|0.15|1.00|0.00|(4342.15,.00)|(1.00,.00)|4341.146176522912|24.586499776486363|0|null|2.438651528019991|0|null|false|0|false
116.40|(4324.11,-.16)|(1.00,.02)|4323.11456638585|24.586499776486363|4323|0|0|(4334.11,.00)|(4422.46,.00)|(4342.15,.00)|0.15|1.00|0.00|(4344.11,.00)|(1.00,.00)|4343.11456638585|24.586499776486363|0|null|2.455418671751399|0|null|false|0|false
116.45|(4326.08,-.10)|(1.00,.03)|4325.082825560352|24.586499776486363|4325|0|0|(4336.08,.00)|(4424.43,.00)|(4344.11,.00)|0.15|1.00|0.00|(4346.08,.00)|(1.00,.00)|4345.082825560352|24.586499776486363|0|null|2.4733338132461338|0|null|false|0|false
116.50|(4328.05,-.03)|(1.00,.03)|4327.050944688922|24.586499776486363|4327|0|0|(4338.05,.00)|(4426.40,.00)|(4346.08,.00)|0.15|1.00|0.00|(4348.05,.00)|(1.00,.00)|4347.050944688922|24.586499776486363|0|null|2.4923963668003504|0|null|false|0|false
116.55|(4330.02,.04)|(1.00,.03)|4329.019236855624|24.586499776486363|4329|0|0|(4340.02,.00)|(4428.37,.00)|(4348.05,.00)|-0.00|1.00|0.00|(4350.02,.00)|(1.00,.00)|4349.019236855624|24.586499776486363|0|null|2.509903019872053|0|null|false|0|false
116.60|(4331.99,.10)|(1.00,.03)|4330.987511271262|24.586499776486363|4330|0|0|(4341.99,.00)|(4430.33,.00)|(4350.02,.00)|-0.00|1.00|0.00|(4351.99,.00)|(1.00,.00)|4350.987511271262|24.586499776486363|0|null|2.527631195927832|0|null|false|0|false
116.65|(4333.96,.17)|(1.00,.03)|4332.955767595655|24.586499776486363|4332|0|0|(4343.96,.00)|(4432.30,.00)|(4351.99,.00)|-0.00|1.00|0.00|(4353.96,.00)|(1.00,.00)|4352.955767595655|24.586499776486363|0|null|2.545574948692165|0|null|false|0|false
116.70|(4335.92,.22)|(1.00,.03)|4334.924205243079|24.586499776486363|4334|0|0|(4345.92,.00)|(4434.27,.00)|(4353.96,.00)|-0.16|1.00|0.00|(4355.92,.00)|(1.00,.00)|4354.924205243079|24.586499776486363|0|null|2.5610751930013422|0|null|false|0|false
116.75|(4337.89,.28)|(1.00,.03)|4336.89273136709|24.586499776486363|4336|0|0|(4347.89,.00)|(4436.24,.00)|(4355.92,.00)|-0.16|1.00|0.00|(4357.89,.00)|(1.00,.00)|4356.89273136709|24.586499776486363|0|null|2.5758716411153992|0|null|false|0|false
116.80|(4339.86,.33)|(1.00,.03)|4338.861342246282|24.586499776486363|4338|0|0|(4349.86,.00)|(4438.21,.00)|(4357.89,.00)|-0.16|1.00|0.00|(4359.86,.00)|(1.00,.00)|4358.861342246282|24.586499776486363|0|null|2.589953030291695|0|null|false|0|false
116.85|(4341.83,.37)|(1.00,.03)|4340.830071478385|24.586499776486363|4340|0|0|(4351.83,.00)|(4440.18,.00)|(4359.86,.00)|-0.23|1.00|0.00|(4361.83,.00)|(1.00,.00)|4360.830071478385|24.586499776486363|0|null|2.6020413023713718|0|null|false|0|false
116.90|(4343.80,.41)|(1.00,.03)|4342.7989093650485|24.586499776486363|4342|0|0|(4353.80,.00)|(4442.14,.00)|(4361.83,.00)|-0.23|1.00|0.00|(4363.80,.00)|(1.00,.00)|4362.7989093650485|24.586499776486363|0|null|2.612959906892152|0|null|false|0|false
116.95|(4345.77,.45)|(1.00,.02)|4344.767845740872|24.586499776486363|4344|0|0|(4355.77,.00)|(4444.11,.00)|(4363.80,.00)|-0.23|1.00|0.00|(4365.77,.00)|(1.00,.00)|4364.767845740872|24.586499776486363|0|null|2.622696003076255|0|null|false|0|false
117.00|(4347.74,.48)|(1.00,.02)|4346.73686496425|24.586499776486363|4346|0|0|(4357.74,.00)|(4446.08,.00)|(4365.77,.00)|-0.28|1.00|0.00|(4367.74,.00)|(1.00,.00)|4366.73686496425|24.586499776486363|0|null|2.6304273576418185|0|null|false|0|false
117.05|(4349.71,.50)|(1.00,.02)|4348.7059703412915|24.586499776486363|4348|0|0|(4359.71,.00)|(4448.05,.00)|(4367.74,.00)|-0.28|1.00|0.00|(4369.71,.00)|(1.00,.00)|4368.7059703412915|24.586499776486363|0|null|2.63667357318669|0|null|false|0|false
117.10|(4351.68,.52)|(1.00,.02)|4350.675145640133|24.586499776486363|4350|0|0|(4361.68,.00)|(4450.02,.00)|(4369.71,.00)|-0.28|1.00|0.00|(4371.68,.00)|(1.00,.00)|4370.675145640133|24.586499776486363|0|null|2.6414196991064354|0|null|false|0|false
117.15|(4353.64,.53)|(1.00,.01)|4352.644374305133|24.586499776486363|4352|0|0|(4363.64,.00)|(4451.99,.00)|(4371.68,.00)|-0.28|1.00|0.00|(4373.64,.00)|(1.00,.00)|4372.644374305133|24.586499776486363|0|null|2.644650623210655|0|null|false|0|false
117.20|(4355.61,.54)|(1.00,.01)|4354.613639449271|24.586499776486363|4354|0|0|(4365.61,.00)|(4453.96,.00)|(4373.64,.00)|-0.28|1.00|0.00|(4375.61,.00)|(1.00,.00)|4374.613639449271|24.586499776486363|0|null|2.6463508242878566|0|null|false|0|false
117.25|(4357.58,.54)|(1.00,.01)|4356.582927360631|24.586499776486363|4356|0|0|(4367.58,.00)|(4455.93,.00)|(4375.61,.00)|-0.27|1.00|0.00|(4377.58,.00)|(1.00,.00)|4376.582927360631|24.586499776486363|0|null|2.646572537615|0|null|false|0|false
117.30|(4359.55,.53)|(1.00,.01)|4358.55221763648|24.586499776486363|4358|0|0|(4369.55,.00)|(4457.90,.00)|(4377.58,.00)|-0.27|1.00|0.00|(4379.55,.00)|(1.00,.00)|4378.55221763648|24.586499776486363|0|null|2.645254005051883|0|null|false|0|false
117.35|(4361.52,.52)|(1.00,.00)|4360.52149274869|24.586499776486363|4360|0|0|(4371.52,.00)|(4459.87,.00)|(4379.55,.00)|-0.27|1.00|0.00|(4381.52,.00)|(1.00,.00)|4380.52149274869|24.586499776486363|0|null|2.6423777298734814|0|null|false|0|false
117.40|(4363.49,.50)|(1.00,.00)|4362.490734701256|24.586499776486363|4362|0|0|(4373.49,.00)|(4461.84,.00)|(4381.52,.00)|-0.27|1.00|0.00|(4383.49,.00)|(1.00,.00)|4382.490734701256|24.586499776486363|0|null|2.6379253141096237|0|null|false|0|false
117.45|(4365.46,.49)|(1.00,-.00)|4364.4599943832645|24.586499776486363|4364|0|0|(4375.46,.00)|(4463.81,.00)|(4383.49,.00)|-0.22|1.00|0.00|(4385.46,.00)|(1.00,.00)|4384.4599943832645|24.586499776486363|0|null|2.632784714571435|0|null|false|0|false
117.50|(4367.43,.46)|(1.00,-.00)|4366.429206130722|24.586499776486363|4366|0|0|(4377.43,.00)|(4465.78,.00)|(4385.46,.00)|-0.22|1.00|0.00|(4387.43,.00)|(1.00,.00)|4386.429206130722|24.586499776486363|0|null|2.626340166798138|0|null|false|0|false
117.55|(4369.40,.43)|(1.00,-.01)|4368.3983569437505|24.586499776486363|4368|0|0|(4379.40,.00)|(4467.74,.00)|(4387.43,.00)|-0.22|1.00|0.00|(4389.40,.00)|(1.00,.00)|4388.3983569437505|24.586499776486363|0|null|2.6185737043946204|0|null|false|0|false
117.60|(4371.37,.40)|(1.00,-.01)|4370.367433351224|24.586499776486363|4370|0|0|(4381.37,.00)|(4469.71,.00)|(4389.40,.00)|-0.22|1.00|0.00|(4391.37,.00)|(1.00,.00)|4390.367433351224|24.586499776486363|0|null|2.6094664692314824|0|null|false|0|false
117.65|(4373.34,.36)|(1.00,-.01)|4372.336421377038|24.586499776486363|4372|0|0|(4383.34,.00)|(4471.68,.00)|(4391.37,.00)|-0.22|1.00|0.00|(4393.34,.00)|(1.00,.00)|4392.336421377038|24.586499776486363|0|null|2.5989989142573267|0|null|false|0|false
117.70|(4375.31,.32)|(1.00,-.01)|4374.305306517916|24.586499776486363|4374|0|0|(4385.31,.00)|(4473.65,.00)|(4393.34,.00)|-0.22|1.00|0.00|(4395.31,.00)|(1.00,.00)|4394.305306517916|24.586499776486363|0|null|2.587151034146|0|null|false|0|false
117.75|(4377.27,.27)|(1.00,-.02)|4376.274073734156|24.586499776486363|4376|0|0|(4387.27,.00)|(4475.62,.00)|(4395.31,.00)|-0.22|1.00|0.00|(4397.27,.00)|(1.00,.00)|4396.274073734156|24.586499776486363|0|null|2.573902617441488|0|null|false|0|false
117.80|(4379.24,.22)|(1.00,-.02)|4378.242707454354|24.586499776486363|4378|0|0|(4389.24,.00)|(4477.59,.00)|(4397.27,.00)|-0.22|1.00|0.00|(4399.24,.00)|(1.00,.00)|4398.242707454354|24.586499776486363|0|null|2.5592335135176016|0|null|false|0|false
117.85|(4381.21,.16)|(1.00,-.02)|4380.21119159461|24.586499776486363|4380|0|0|(4391.21,.00)|(4479.56,.00)|(4399.24,.00)|-0.22|1.00|0.00|(4401.21,.00)|(1.00,.00)|4400.21119159461|24.586499776486363|0|null|2.5431239074636167|0|null|false|0|false
117.90|(4383.18,.09)|(1.00,-.02)|4382.179509592301|24.586499776486363|4382|0|0|(4393.18,.00)|(4481.53,.00)|(4401.21,.00)|-0.22|1.00|0.00|(4403.18,.00)|(1.00,.00)|4402.179509592301|24.586499776486363|0|null|2.5255545959452315|0|null|false|0|false
117.95|(4385.15,.02)|(1.00,-.03)|4384.147644453954|24.586499776486363|4384|0|0|(4395.15,.00)|(4483.49,.00)|(4403.18,.00)|-0.22|1.00|0.00|(4405.15,.00)|(1.00,.00)|4404.147644453954|24.586499776486363|0|null|2.5065072571739266|0|null|false|0|false
118.00|(4387.12,-.05)|(1.00,-.03)|4386.115578816278|24.586499776486363|4386|0|0|(4397.12,.00)|(4485.46,.00)|(4405.15,.00)|-0.22|1.00|0.00|(4407.12,.00)|(1.00,.00)|4406.115578816278|24.586499776486363|0|null|2.48596470834541|0|null|false|0|false
118.05|(4389.08,-.13)|(1.00,-.03)|4388.08329501891|24.586499776486363|4388|0|0|(4399.08,.00)|(4487.43,.00)|(4407.12,.00)|-0.22|1.00|0.00|(4409.08,.00)|(1.00,.00)|4408.08329501891|24.586499776486363|0|null|2.463911144274393|0|null|false|0|false
118.10|(4391.05,-.22)|(1.00,-.04)|4390.050775186991|24.586499776486363|4390|0|0|(4401.05,.00)|(4489.40,.00)|(4409.08,.00)|-0.22|1.00|0.00|(4411.05,.00)|(1.00,.00)|4410.050775186991|24.586499776486363|0|null|2.4403323514507034|0|null|false|0|false
118.15|(4393.02,-.31)|(1.00,-.04)|4392.018001321269|24.586499776486363|4392|0|0|(4403.02,.00)|(4491.36,.00)|(4411.05,.00)|-0.22|1.00|0.00|(4413.02,.00)|(1.00,.00)|4412.018001321269|24.586499776486363|0|null|2.4152158923598526|0|null|false|0|false
118.20|(4394.98,-.41)|(1.00,-.04)|4393.984955393083|24.586499776486363|4393|0|0|(4404.98,.00)|(4493.33,.00)|(4413.02,.00)|-0.22|1.00|0.00|(4414.98,.00)|(1.00,.00)|4413.984955393083|24.586499776486363|0|null|2.38855125563631|0|null|false|0|false
118.25|(4396.95,-.51)|(1.00,-.04)|4395.951619441337|24.586499776486363|4395|0|0|(4406.95,.00)|(4495.30,.00)|(4414.98,.00)|-0.22|1.00|0.00|(4416.95,.00)|(1.00,.00)|4415.951619441337|24.586499776486363|0|null|2.3603299684341046|0|null|false|0|false
118.30|(4398.92,-.62)|(1.00,-.05)|4397.917975668405|24.586499776486363|4397|0|0|(4408.92,.00)|(4497.26,.00)|(4416.95,.00)|-0.22|1.00|0.00|(4418.92,.00)|(1.00,.00)|4417.917975668405|24.586499776486363|0|null|2.330545668289181|0|null|false|0|false
118.35|(4400.88,-.73)|(1.00,-.05)|4399.884006531814|24.586499776486363|4399|0|0|(4410.88,.00)|(4499.23,.00)|(4418.92,.00)|-0.22|1.00|0.00|(4420.88,.00)|(1.00,.00)|4419.884006531814|24.586499776486363|0|null|2.299194132691813|0|null|false|0|false
118.40|(4402.85,-.82)|(1.00,-.05)|4401.851151565696|24.586499776486363|4401|0|0|(4412.85,.00)|(4501.20,.00)|(4420.88,.00)|0.31|1.00|0.00|(4422.85,.00)|(1.00,.00)|4421.851151565696|24.586499776486363|0|null|2.275495081838861|0|null|false|0|false
118.45|(4404.82,-.90)|(1.00,-.05)|4403.818576959835|24.586499776486363|4403|0|0|(4414.82,.00)|(4503.16,.00)|(4422.85,.00)|0.31|1.00|0.00|(4424.82,.00)|(1.00,.00)|4423.818576959835|24.586499776486363|0|null|2.2533919895410253|0|null|false|0|false
118.50|(4406.79,-.98)|(1.00,-.04)|4405.786266475305|24.586499776486363|4405|0|0|(4416.79,.00)|(4505.13,.00)|(4424.82,.00)|0.31|1.00|0.00|(4426.79,.00)|(1.00,.00)|4425.786266475305|24.586499776486363|0|null|2.2329162294089038|0|null|false|0|false
118.55|(4408.75,-1.03)|(1.00,-.04)|4407.754187492156|24.586499776486363|4407|0|0|(4418.75,.00)|(4507.10,.00)|(4426.79,.00)|0.62|1.00|0.00|(4428.75,.00)|(1.00,.00)|4427.754187492156|24.586499776486363|0|null|2.219380265512524|0|null|false|0|false
118.60|(4410.72,-1.06)|(1.00,-.03)|4409.722446648405|24.586499776486363|4409|0|0|(4420.72,.00)|(4509.07,.00)|(4428.75,.00)|0.62|1.00|0.00|(4430.72,.00)|(1.00,.00)|4429.722446648405|24.586499776486363|0|null|2.209343588748637|0|null|false|0|false
118.65|(4412.69,-1.09)|(1.00,-.03)|4411.690956961967|24.586499776486363|4411|0|0|(4422.69,.00)|(4511.04,.00)|(4430.72,.00)|0.62|1.00|0.00|(4432.69,.00)|(1.00,.00)|4431.690956961967|24.586499776486363|0|null|2.202850979133512|0|null|false|0|false
118.70|(4414.66,-1.10)|(1.00,-.02)|4413.659628692702|24.586499776486363|4413|0|0|(4424.66,.00)|(4513.01,.00)|(4432.69,.00)|0.62|1.00|0.00|(4434.66,.00)|(1.00,.00)|4433.659628692702|24.586499776486363|0|null|2.1999439624821653|0|null|false|0|false
118.75|(4416.63,-1.10)|(1.00,-.02)|4415.628360332605|24.586499776486363|4415|0|0|(4426.63,.00)|(4514.97,.00)|(4434.66,.00)|0.62|1.00|0.00|(4436.63,.00)|(1.00,.00)|4435.628360332605|24.586499776486363|0|null|2.2007312736962907|0|null|false|0|false
118.80|(4418.60,-1.08)|(1.00,-.01)|4417.597064558333|24.586499776486363|4417|0|0|(4428.60,.00)|(4516.94,.00)|(4436.63,.00)|0.62|1.00|0.00|(4438.60,.00)|(1.00,.00)|4437.597064558333|24.586499776486363|0|null|2.20520189381033|0|null|false|0|false
118.85|(4420.57,-1.05)|(1.00,-.00)|4419.565643524536|24.586499776486363|4419|0|0|(4430.57,.00)|(4518.91,.00)|(4438.60,.00)|0.62|1.00|0.00|(4440.57,.00)|(1.00,.00)|4439.565643524536|24.586499776486363|0|null|2.2133881140557623|0|null|false|0|false
118.90|(4422.53,-1.01)|(1.00,.00)|4421.534288319508|24.586499776486363|4421|0|0|(4432.53,.00)|(4520.88,.00)|(4440.57,.00)|0.53|1.00|0.00|(4442.53,.00)|(1.00,.00)|4441.534288319508|24.586499776486363|0|null|2.2236903704786743|0|null|false|0|false
118.95|(4424.50,-.96)|(1.00,.01)|4423.502694125867|24.586499776486363|4423|0|0|(4434.50,.00)|(4522.85,.00)|(4442.53,.00)|0.53|1.00|0.00|(4444.50,.00)|(1.00,.00)|4443.502694125867|24.586499776486363|0|null|2.237203969320234|0|null|false|0|false
119.00|(4426.47,-.90)|(1.00,.01)|4425.470786673323|24.586499776486363|4425|0|0|(4436.47,.00)|(4524.82,.00)|(4444.50,.00)|0.53|1.00|0.00|(4446.47,.00)|(1.00,.00)|4445.470786673323|24.586499776486363|0|null|2.253946708641595|0|null|false|0|false
119.05|(4428.44,-.83)|(1.00,.02)|4427.43849110339|24.586499776486363|4427|0|0|(4438.44,.00)|(4526.78,.00)|(4446.47,.00)|0.53|1.00|0.00|(4448.44,.00)|(1.00,.00)|4447.43849110339|24.586499776486363|0|null|2.2739337854574946|0|null|false|0|false
119.10|(4430.41,-.74)|(1.00,.02)|4429.405732166081|24.586499776486363|4429|0|0|(4440.41,.00)|(4528.75,.00)|(4448.44,.00)|0.53|1.00|0.00|(4450.41,.00)|(1.00,.00)|4449.405732166081|24.586499776486363|0|null|2.2971777324421923|0|null|false|0|false
119.15|(4432.37,-.66)|(1.00,.03)|4431.373147970229|24.586499776486363|4431|0|0|(4442.37,.00)|(4530.72,.00)|(4450.41,.00)|0.35|1.00|0.00|(4452.37,.00)|(1.00,.00)|4451.373147970229|24.586499776486363|0|null|2.320513446350571|0|null|false|0|false
119.20|(4434.34,-.56)|(1.00,.03)|4433.340210266844|24.586499776486363|4433|0|0|(4444.34,.00)|(4532.69,.00)|(4452.37,.00)|0.35|1.00|0.00|(4454.34,.00)|(1.00,.00)|4453.340210266844|24.586499776486363|0|null|2.3460328629072826|0|null|false|0|false
119.25|(4436.31,-.46)|(1.00,.04)|4435.30688662662|24.586499776486363|4435|0|0|(4446.31,.00)|(4534.65,.00)|(4454.34,.00)|0.35|1.00|0.00|(4456.31,.00)|(1.00,.00)|4455.30688662662|24.586499776486363|0|null|2.3737308396404586|0|null|false|0|false
119.30|(4438.27,-.37)|(1.00,.04)|4437.2739768009|24.586499776486363|4437|0|0|(4448.27,.00)|(4536.62,.00)|(4456.31,.00)|0.09|1.00|0.00|(4458.27,.00)|(1.00,.00)|4457.2739768009|24.586499776486363|0|null|2.3992777166313326|0|null|false|0|false
119.35|(4440.24,-.27)|(1.00,.04)|4439.2409613917625|24.586499776486363|4439|0|0|(4450.24,.00)|(4538.59,.00)|(4458.27,.00)|0.09|1.00|0.00|(4460.24,.00)|(1.00,.00)|4459.2409613917625|24.586499776486363|0|null|2.425504309756127|0|null|false|0|false
119.40|(4442.21,-.17)|(1.00,.04)|4441.207840068004|24.586499776486363|4441|0|0|(4452.21,.00)|(4540.55,.00)|(4460.24,.00)|0.09|1.00|0.00|(4462.21,.00)|(1.00,.00)|4461.207840068004|24.586499776486363|0|null|2.4523873931186477|0|null|false|0|false
119.45|(4444.18,-.08)|(1.00,.04)|4443.17500777314|24.586499776486363|4443|0|0|(4454.18,.00)|(4542.52,.00)|(4462.21,.00)|-0.07|1.00|0.00|(4464.18,.00)|(1.00,.00)|4463.17500777314|24.586499776486363|0|null|2.477033208749727|0|null|false|0|false
119.50|(4446.14,.00)|(1.00,.04)|4445.142258846848|24.586499776486363|4445|0|0|(4456.14,.00)|(4544.49,.00)|(4464.18,.00)|-0.07|1.00|0.00|(4466.14,.00)|(1.00,.00)|4465.142258846848|24.586499776486363|0|null|2.501303701784697|0|null|false|0|false
119.55|(4448.11,.09)|(1.00,.04)|4447.109595490898|24.586499776486363|4447|0|0|(4458.11,.00)|(4546.46,.00)|(4466.14,.00)|-0.07|1.00|0.00|(4468.11,.00)|(1.00,.00)|4467.109595490898|24.586499776486363|0|null|2.52516627924299|0|null|false|0|false
119.60|(4450.08,.18)|(1.00,.04)|4449.077019683435|24.586499776486363|4449|0|0|(4460.08,.00)|(4548.42,.00)|(4468.11,.00)|-0.07|1.00|0.00|(4470.08,.00)|(1.00,.00)|4469.077019683435|24.586499776486363|0|null|2.54858930257581|0|null|false|0|false
119.65|(4452.04,.25)|(1.00,.04)|4451.044756759493|24.586499776486363|4451|0|0|(4462.04,.00)|(4550.39,.00)|(4470.08,.00)|-0.24|1.00|0.00|(4472.04,.00)|(1.00,.00)|4471.044756759493|24.586499776486363|0|null|2.568638306278713|0|null|false|0|false
119.70|(4454.01,.32)|(1.00,.04)|4453.012717673573|24.586499776486363|4453|0|0|(4464.01,.00)|(4552.36,.00)|(4472.04,.00)|-0.24|1.00|0.00|(4474.01,.00)|(1.00,.00)|4473.012717673573|24.586499776486363|0|null|2.587190712361587|0|null|false|0|false
119.75|(4455.98,.38)|(1.00,.04)|4454.980888826083|24.586499776486363|4454|0|0|(4465.98,.00)|(4554.33,.00)|(4474.01,.00)|-0.24|1.00|0.00|(4475.98,.00)|(1.00,.00)|4474.980888826083|24.586499776486363|0|null|2.6042085418209613|0|null|false|0|false
119.80|(4457.95,.43)|(1.00,.04)|4456.9492740519545|24.586499776486363|4456|0|0|(4467.95,.00)|(4556.30,.00)|(4475.98,.00)|-0.32|1.00|0.00|(4477.95,.00)|(1.00,.00)|4476.9492740519545|24.586499776486363|0|null|2.6183065025174703|0|null|false|0|false
119.85|(4459.92,.48)|(1.00,.03)|4458.917869794723|24.586499776486363|4458|0|0|(4469.92,.00)|(4558.26,.00)|(4477.95,.00)|-0.32|1.00|0.00|(4479.92,.00)|(1.00,.00)|4478.917869794723|24.586499776486363|0|null|2.630337374015234|0|null|false|0|false
119.90|(4461.89,.51)|(1.00,.03)|4460.886646768546|24.586499776486363|4460|0|0|(4471.89,.00)|(4560.23,.00)|(4479.92,.00)|-0.32|1.00|0.00|(4481.89,.00)|(1.00,.00)|4480.886646768546|24.586499776486363|0|null|2.6402657134601544|0|null|false|0|false
119.95|(4463.86,.54)|(1.00,.03)|4462.855574294086|24.586499776486363|4462|0|0|(4473.86,.00)|(4562.20,.00)|(4481.89,.00)|-0.32|1.00|0.00|(4483.86,.00)|(1.00,.00)|4482.855574294086|24.586499776486363|0|null|2.6480590587632387|0|null|false|0|false
120.00|(4465.82,.56)|(1.00,.02)|4464.824594641106|24.586499776486363|4464|0|0|(4475.82,.00)|(4564.17,.00)|(4483.86,.00)|-0.35|1.00|0.00|(4485.82,.00)|(1.00,.00)|4484.824594641106|24.586499776486363|0|null|2.6531549943560035|0|null|false|0|false
120.05|(4467.79,.57)|(1.00,.02)|4466.7936984351845|24.586499776486363|4466|0|0|(4477.79,.00)|(4566.14,.00)|(4485.82,.00)|-0.35|1.00|0.00|(4487.79,.00)|(1.00,.00)|4486.7936984351845|24.586499776486363|0|null|2.6558772568441262|0|null|false|0|false
120.10|(4469.76,.57)|(1.00,.01)|4468.762845609372|24.586499776486363|4468|0|0|(4479.76,.00)|(4568.11,.00)|(4487.79,.00)|-0.35|1.00|0.00|(4489.76,.00)|(1.00,.00)|4488.762845609372|24.586499776486363|0|null|2.656201137533765|0|null|false|0|false
120.15|(4471.73,.56)|(1.00,.01)|4470.731995152512|24.586499776486363|4470|0|0|(4481.73,.00)|(4570.08,.00)|(4489.76,.00)|-0.35|1.00|0.00|(4491.73,.00)|(1.00,.00)|4490.731995152512|24.586499776486363|0|null|2.654105438874351|0|null|false|0|false
120.20|(4473.70,.55)|(1.00,.01)|4472.701157985819|24.586499776486363|4472|0|0|(4483.70,.00)|(4572.05,.00)|(4491.73,.00)|-0.32|1.00|0.00|(4493.70,.00)|(1.00,.00)|4492.701157985819|24.586499776486363|0|null|2.6500985587067856|0|null|false|0|false
120.25|(4475.67,.53)|(1.00,.00)|4474.670254056552|24.586499776486363|4474|0|0|(4485.67,.00)|(4574.02,.00)|(4493.70,.00)|-0.32|1.00|0.00|(4495.67,.00)|(1.00,.00)|4494.670254056552|24.586499776486363|0|null|2.64382107990682|0|null|false|0|false
120.30|(4477.64,.50)|(1.00,-.00)|4476.639246818226|24.586499776486363|4476|0|0|(4487.64,.00)|(4575.99,.00)|(4495.67,.00)|-0.32|1.00|0.00|(4497.64,.00)|(1.00,.00)|4496.639246818226|24.586499776486363|0|null|2.6352642099941073|0|null|false|0|false
120.35|(4479.61,.46)|(1.00,-.01)|4478.608099681436|24.586499776486363|4478|0|0|(4489.61,.00)|(4577.95,.00)|(4497.64,.00)|-0.32|1.00|0.00|(4499.61,.00)|(1.00,.00)|4498.608099681436|24.586499776486363|0|null|2.624422545156225|0|null|false|0|false
120.40|(4481.58,.41)|(1.00,-.01)|4480.576776200612|24.586499776486363|4480|0|0|(4491.58,.00)|(4579.92,.00)|(4499.61,.00)|-0.32|1.00|0.00|(4501.58,.00)|(1.00,.00)|4500.576776200612|24.586499776486363|0|null|2.6112940315279527|0|null|false|0|false
120.45|(4483.55,.35)|(1.00,-.01)|4482.545240256563|24.586499776486363|4482|0|0|(4493.55,.00)|(4581.89,.00)|(4501.58,.00)|-0.32|1.00|0.00|(4503.55,.00)|(1.00,.00)|4502.545240256563|24.586499776486363|0|null|2.5958798922085657|0|null|false|0|false
120.50|(4485.51,.29)|(1.00,-.02)|4484.513456230858|24.586499776486363|4484|0|0|(4495.51,.00)|(4583.86,.00)|(4503.55,.00)|-0.32|1.00|0.00|(4505.51,.00)|(1.00,.00)|4504.513456230858|24.586499776486363|0|null|2.578184518460544|0|null|false|0|false
120.55|(4487.48,.21)|(1.00,-.02)|4486.481389168013|24.586499776486363|4486|0|0|(4497.48,.00)|(4585.83,.00)|(4505.51,.00)|-0.32|1.00|0.00|(4507.48,.00)|(1.00,.00)|4506.481389168013|24.586499776486363|0|null|2.558215324498482|0|null|false|0|false
120.60|(4489.45,.13)|(1.00,-.03)|4488.449004921661|24.586499776486363|4488|0|0|(4499.45,.00)|(4587.80,.00)|(4507.48,.00)|-0.32|1.00|0.00|(4509.45,.00)|(1.00,.00)|4508.449004921661|24.586499776486363|0|null|2.5359825662518105|0|null|false|0|false
120.65|(4491.42,.04)|(1.00,-.03)|4490.416270281112|24.586499776486363|4490|0|0|(4501.42,.00)|(4589.76,.00)|(4509.45,.00)|-0.32|1.00|0.00|(4511.42,.00)|(1.00,.00)|4510.416270281112|24.586499776486363|0|null|2.5114991254464476|0|null|false|0|false
120.70|(4493.38,-.06)|(1.00,-.04)|4492.383153075191|24.586499776486363|4492|0|0|(4503.38,.00)|(4591.73,.00)|(4511.42,.00)|-0.32|1.00|0.00|(4513.38,.00)|(1.00,.00)|4512.383153075191|24.586499776486363|0|null|2.484780261276325|0|null|false|0|false
120.75|(4495.35,-.16)|(1.00,-.04)|4494.349622250792|24.586499776486363|4494|0|0|(4505.35,.00)|(4593.70,.00)|(4513.38,.00)|-0.32|1.00|0.00|(4515.35,.00)|(1.00,.00)|4514.349622250792|24.586499776486363|0|null|2.4558433328047884|0|null|false|0|false
120.80|(4497.32,-.28)|(1.00,-.05)|4496.315647924235|24.586499776486363|4496|0|0|(4507.32,.00)|(4595.66,.00)|(4515.35,.00)|-0.32|1.00|0.00|(4517.32,.00)|(1.00,.00)|4516.315647924235|24.586499776486363|0|null|2.424707496028419|0|null|false|0|false
120.85|(4499.28,-.40)|(1.00,-.05)|4498.281201404279|24.586499776486363|4498|0|0|(4509.28,.00)|(4597.63,.00)|(4517.32,.00)|-0.32|1.00|0.00|(4519.28,.00)|(1.00,.00)|4518.281201404279|24.586499776486363|0|null|2.3913933802340717|0|null|false|0|false
120.90|(4501.25,-.53)|(1.00,-.05)|4500.246255186404|24.586499776486363|4500|0|0|(4511.25,.00)|(4599.59,.00)|(4519.28,.00)|-0.32|1.00|0.00|(4521.25,.00)|(1.00,.00)|4520.246255186404|24.586499776486363|0|null|2.3559227488685797|0|null|false|0|false
120.95|(4503.21,-.66)|(1.00,-.06)|4502.210782918792|24.586499776486363|4502|0|0|(4513.21,.00)|(4601.56,.00)|(4521.25,.00)|-0.32|1.00|0.00|(4523.21,.00)|(1.00,.00)|4522.210782918792|24.586499776486363|0|null|2.31831815060667|0|null|false|0|false
121.00|(4505.17,-.81)|(1.00,-.06)|4504.17475934123|24.586499776486363|4504|0|0|(4515.17,.00)|(4603.52,.00)|(4523.21,.00)|-0.32|1.00|0.00|(4525.17,.00)|(1.00,.00)|4524.17475934123|24.586499776486363|0|null|2.2786025666363208|0|null|false|0|false
121.05|(4507.14,-.96)|(1.00,-.07)|4506.138160198891|24.586499776486363|4506|0|0|(4517.14,.00)|(4605.48,.00)|(4525.17,.00)|-0.32|1.00|0.00|(4527.14,.00)|(1.00,.00)|4526.138160198891|24.586499776486363|0|null|2.2367990603751444|0|null|false|0|false
121.10|(4509.10,-1.12)|(1.00,-.07)|4508.100962133651|24.586499776486363|4508|0|0|(4519.10,.00)|(4607.45,.00)|(4527.14,.00)|-0.32|1.00|0.00|(4529.10,.00)|(1.00,.00)|4528.100962133651|24.586499776486363|0|null|2.1929304358825776|0|null|false|0|false
121.15|(4511.06,-1.29)|(1.00,-.07)|4510.06314255621|24.586499776486363|4510|0|0|(4521.06,.00)|(4609.41,.00)|(4529.10,.00)|-0.32|1.00|0.00|(4531.06,.00)|(1.00,.00)|4530.06314255621|24.586499776486363|0|null|2.147018911140179|0|null|false|0|false
121.20|(4513.02,-1.47)|(1.00,-.08)|4512.024679502768|24.586499776486363|4512|0|0|(4523.02,.00)|(4611.37,.00)|(4531.06,.00)|-0.32|1.00|0.00|(4533.02,.00)|(1.00,.00)|4532.024679502768|24.586499776486363|0|null|2.0990858121386884|0|null|false|0|false
121.25|(4514.99,-1.65)|(1.00,-.08)|4513.9855514804185|24.586499776486363|4513|0|0|(4524.99,.00)|(4613.33,.00)|(4533.02,.00)|-0.32|1.00|0.00|(4534.99,.00)|(1.00,.00)|4533.9855514804185|24.586499776486363|0|null|2.0491512933413363|0|null|false|0|false
121.30|(4516.95,-1.84)|(1.00,-.09)|4515.945737305683|24.586499776486363|4515|0|0|(4526.95,.00)|(4615.29,.00)|(4534.99,.00)|-0.32|1.00|0.00|(4536.95,.00)|(1.00,.00)|4535.945737305683|24.586499776486363|0|null|1.9972340895966942|0|null|false|0|false
121.35|(4518.91,-2.04)|(1.00,-.09)|4517.905215940763|24.586499776486363|4517|0|0|(4528.91,.00)|(4617.25,.00)|(4536.95,.00)|-0.32|1.00|0.00|(4538.91,.00)|(1.00,.00)|4537.905215940763|24.586499776486363|0|null|1.9433513039624315|0|null|false|0|false
121.40|(4520.87,-2.17)|(1.00,-.08)|4519.868134598187|24.586499776486363|4519|0|0|(4530.87,.00)|(4619.21,.00)|(4538.91,.00)|0.80|1.00|0.00|(4540.87,.00)|(1.00,.00)|4539.868134598187|24.586499776486363|0|null|1.9067849598129738|0|null|false|0|false
121.45|(4522.83,-2.29)|(1.00,-.08)|4521.832275109486|24.586499776486363|4521|0|0|(4532.83,.00)|(4621.18,.00)|(4540.87,.00)|0.80|1.00|0.00|(4542.83,.00)|(1.00,.00)|4541.832275109486|24.586499776486363|0|null|1.8748861331347317|0|null|false|0|false
121.50|(4524.80,-2.39)|(1.00,-.07)|4523.797491891745|24.586499776486363|4523|0|0|(4534.80,.00)|(4623.14,.00)|(4542.83,.00)|0.80|1.00|0.00|(4544.80,.00)|(1.00,.00)|4543.797491891745|24.586499776486363|0|null|1.8477302986891075|0|null|false|0|false
121.55|(4526.76,-2.47)|(1.00,-.06)|4525.763631700201|24.586499776486363|4525|0|0|(4536.76,.00)|(4625.11,.00)|(4544.80,.00)|0.80|1.00|0.00|(4546.76,.00)|(1.00,.00)|4545.763631700201|24.586499776486363|0|null|1.8253838820237638|0|null|false|0|false
121.60|(4528.73,-2.50)|(1.00,-.05)|4527.729056549223|24.586499776486363|4527|0|0|(4538.73,.00)|(4627.08,.00)|(4546.76,.00)|1.34|1.00|0.00|(4548.73,.00)|(1.00,.00)|4547.729056549223|24.586499776486363|0|null|1.81728661069997|0|null|false|0|false
121.65|(4530.69,-2.50)|(1.00,-.04)|4529.69492081575|24.586499776486363|4529|0|0|(4540.69,.00)|(4629.04,.00)|(4548.73,.00)|1.34|1.00|0.00|(4550.69,.00)|(1.00,.00)|4549.69492081575|24.586499776486363|0|null|1.81732395000529|0|null|false|0|false
121.70|(4532.66,-2.47)|(1.00,-.03)|4531.6607525744985|24.586499776486363|4531|0|0|(4542.66,.00)|(4631.01,.00)|(4550.69,.00)|1.34|1.00|0.00|(4552.66,.00)|(1.00,.00)|4551.6607525744985|24.586499776486363|0|null|1.8255682365924524|0|null|false|0|false
121.75|(4534.63,-2.41)|(1.00,-.01)|4533.626070213591|24.586499776486363|4533|0|0|(4544.63,.00)|(4632.97,.00)|(4552.66,.00)|1.34|1.00|0.00|(4554.63,.00)|(1.00,.00)|4553.626070213591|24.586499776486363|0|null|1.842079815982796|0|null|false|0|false
121.80|(4536.59,-2.33)|(1.00,.00)|4535.5917596869|24.586499776486363|4535|0|0|(4546.59,.00)|(4634.94,.00)|(4554.63,.00)|1.14|1.00|0.00|(4556.59,.00)|(1.00,.00)|4555.5917596869|24.586499776486363|0|null|1.863448558441818|0|null|false|0|false
121.85|(4538.56,-2.23)|(1.00,.01)|4537.556346086182|24.586499776486363|4537|0|0|(4548.56,.00)|(4636.90,.00)|(4556.59,.00)|1.14|1.00|0.00|(4558.56,.00)|(1.00,.00)|4557.556346086182|24.586499776486363|0|null|1.8919847469765556|0|null|false|0|false
121.90|(4540.52,-2.09)|(1.00,.03)|4539.519463366177|24.586499776486363|4539|0|0|(4550.52,.00)|(4638.87,.00)|(4558.56,.00)|1.14|1.00|0.00|(4560.52,.00)|(1.00,.00)|4559.519463366177|24.586499776486363|0|null|1.927708999390478|0|null|false|0|false
121.95|(4542.48,-1.96)|(1.00,.04)|4541.483035628177|24.586499776486363|4541|0|0|(4552.48,.00)|(4640.83,.00)|(4560.52,.00)|0.84|1.00|0.00|(4562.48,.00)|(1.00,.00)|4561.483035628177|24.586499776486363|0|null|1.965368391182234|0|null|false|0|false
122.00|(4544.45,-1.80)|(1.00,.05)|4543.445176192994|24.586499776486363|4543|0|0|(4554.45,.00)|(4642.79,.00)|(4562.48,.00)|0.84|1.00|0.00|(4564.45,.00)|(1.00,.00)|4563.445176192994|24.586499776486363|0|null|2.008429801994638|0|null|false|0|false
122.05|(4546.41,-1.62)|(1.00,.06)|4545.405682511392|24.586499776486363|4545|0|0|(4556.41,.00)|(4644.75,.00)|(4564.45,.00)|0.84|1.00|0.00|(4566.41,.00)|(1.00,.00)|4565.405682511392|24.586499776486363|0|null|2.056883361414979|0|null|false|0|false
122.10|(4548.37,-1.45)|(1.00,.06)|4547.366851229731|24.586499776486363|4547|0|0|(4558.37,.00)|(4646.71,.00)|(4566.41,.00)|0.49|1.00|0.00|(4568.37,.00)|(1.00,.00)|4567.366851229731|24.586499776486363|0|null|2.1047597898395463|0|null|false|0|false
122.15|(4550.33,-1.26)|(1.00,.07)|4549.326931312005|24.586499776486363|4549|0|0|(4560.33,.00)|(4648.67,.00)|(4568.37,.00)|0.49|1.00|0.00|(4570.33,.00)|(1.00,.00)|4569.326931312005|24.586499776486363|0|null|2.1559602371151736|0|null|false|0|false
122.20|(4552.29,-1.06)|(1.00,.08)|4551.285853894124|24.586499776486363|4551|0|0|(4562.29,.00)|(4650.63,.00)|(4570.33,.00)|0.49|1.00|0.00|(4572.29,.00)|(1.00,.00)|4571.285853894124|24.586499776486363|0|null|2.2104551705284914|0|null|false|0|false
122.25|(4554.25,-.87)|(1.00,.08)|4553.245736599771|24.586499776486363|4553|0|0|(4564.25,.00)|(4652.59,.00)|(4572.29,.00)|0.14|1.00|0.00|(4574.25,.00)|(1.00,.00)|4573.245736599771|24.586499776486363|0|null|2.2621927761280616|0|null|false|0|false
122.30|(4556.21,-.68)|(1.00,.09)|4555.205247878849|24.586499776486363|4555|0|0|(4566.21,.00)|(4654.55,.00)|(4574.25,.00)|0.14|1.00|0.00|(4576.21,.00)|(1.00,.00)|4575.205247878849|24.586499776486363|0|null|2.3151077631844474|0|null|false|0|false
122.35|(4558.16,-.48)|(1.00,.09)|4557.164388585385|24.586499776486363|4557|0|0|(4568.16,.00)|(4656.51,.00)|(4576.21,.00)|0.14|1.00|0.00|(4578.16,.00)|(1.00,.00)|4577.164388585385|24.586499776486363|0|null|2.369159625980866|0|null|false|0|false
122.40|(4560.12,-.28)|(1.00,.09)|4559.123159244296|24.586499776486363|4559|0|0|(4570.12,.00)|(4658.47,.00)|(4578.16,.00)|0.14|1.00|0.00|(4580.12,.00)|(1.00,.00)|4579.123159244296|24.586499776486363|0|null|2.4243125393791822|0|null|false|0|false
122.45|(4562.08,-.07)|(1.00,.10)|4561.081559800422|24.586499776486363|4561|0|0|(4572.08,.00)|(4660.43,.00)|(4580.12,.00)|0.14|1.00|0.00|(4582.08,.00)|(1.00,.00)|4581.081559800422|24.586499776486363|0|null|2.4805353343852716|0|null|false|0|false
122.50|(4564.04,.11)|(1.00,.09)|4563.041919580795|24.586499776486363|4563|0|0|(4574.04,.00)|(4662.39,.00)|(4582.08,.00)|-0.38|1.00|0.00|(4584.04,.00)|(1.00,.00)|4583.041919580795|24.586499776486363|0|null|2.5288639594831537|0|null|false|0|false
122.55|(4566.00,.28)|(1.00,.09)|4565.003045630535|24.586499776486363|4565|0|0|(4576.00,.00)|(4664.35,.00)|(4584.04,.00)|-0.38|1.00|0.00|(4586.00,.00)|(1.00,.00)|4585.003045630535|24.586499776486363|0|null|2.5751530524015016|0|null|false|0|false
122.60|(4567.96,.44)|(1.00,.09)|4566.964914351819|24.586499776486363|4566|0|0|(4577.96,.00)|(4666.31,.00)|(4586.00,.00)|-0.38|1.00|0.00|(4587.96,.00)|(1.00,.00)|4586.964914351819|24.586499776486363|0|null|2.619355419703092|0|null|false|0|false
122.65|(4569.93,.58)|(1.00,.09)|4568.927952627522|24.586499776486363|4568|0|0|(4579.93,.00)|(4668.27,.00)|(4587.96,.00)|-0.62|1.00|0.00|(4589.93,.00)|(1.00,.00)|4588.927952627522|24.586499776486363|0|null|2.657281538431338|0|null|false|0|false
122.70|(4571.89,.70)|(1.00,.08)|4570.8920019922925|24.586499776486363|4570|0|0|(4581.89,.00)|(4670.24,.00)|(4589.93,.00)|-0.62|1.00|0.00|(4591.89,.00)|(1.00,.00)|4590.8920019922925|24.586499776486363|0|null|2.691626056887862|0|null|false|0|false
122.75|(4573.86,.81)|(1.00,.07)|4572.856972021093|24.586499776486363|4572|0|0|(4583.86,.00)|(4672.20,.00)|(4591.89,.00)|-0.62|1.00|0.00|(4593.86,.00)|(1.00,.00)|4592.856972021093|24.586499776486363|0|null|2.7223477101754012|0|null|false|0|false
122.80|(4575.82,.91)|(1.00,.07)|4574.82276874853|24.586499776486363|4574|0|0|(4585.82,.00)|(4674.17,.00)|(4593.86,.00)|-0.62|1.00|0.00|(4595.82,.00)|(1.00,.00)|4594.82276874853|24.586499776486363|0|null|2.7494126611456124|0|null|false|0|false
122.85|(4577.79,.99)|(1.00,.06)|4576.78925020412|24.586499776486363|4576|0|0|(4587.79,.00)|(4676.14,.00)|(4595.82,.00)|-0.75|1.00|0.00|(4597.79,.00)|(1.00,.00)|4596.78925020412|24.586499776486363|0|null|2.770606317541516|0|null|false|0|false
122.90|(4579.76,1.05)|(1.00,.06)|4578.756418629669|24.586499776486363|4578|0|0|(4589.76,.00)|(4678.10,.00)|(4597.79,.00)|-0.75|1.00|0.00|(4599.76,.00)|(1.00,.00)|4598.756418629669|24.586499776486363|0|null|2.7873449338325167|0|null|false|0|false
122.95|(4581.72,1.10)|(1.00,.05)|4580.724130342772|24.586499776486363|4580|0|0|(4591.72,.00)|(4680.07,.00)|(4599.76,.00)|-0.75|1.00|0.00|(4601.72,.00)|(1.00,.00)|4600.724130342772|24.586499776486363|0|null|2.7996058107900037|0|null|false|0|false
123.00|(4583.69,1.12)|(1.00,.04)|4582.692226208082|24.586499776486363|4582|0|0|(4593.69,.00)|(4682.04,.00)|(4601.72,.00)|-0.76|1.00|0.00|(4603.69,.00)|(1.00,.00)|4602.692226208082|24.586499776486363|0|null|2.8072446801307795|0|null|false|0|false
123.05|(4585.66,1.14)|(1.00,.03)|4584.660572269453|24.586499776486363|4584|0|0|(4595.66,.00)|(4684.01,.00)|(4603.69,.00)|-0.76|1.00|0.00|(4605.66,.00)|(1.00,.00)|4604.660572269453|24.586499776486363|0|null|2.8103333190362925|0|null|false|0|false
123.10|(4587.63,1.13)|(1.00,.02)|4586.629019316835|24.586499776486363|4586|0|0|(4597.63,.00)|(4685.98,.00)|(4605.66,.00)|-0.76|1.00|0.00|(4607.63,.00)|(1.00,.00)|4606.629019316835|24.586499776486363|0|null|2.8088638406968776|0|null|false|0|false
123.15|(4589.60,1.11)|(1.00,.02)|4588.597418244362|24.586499776486363|4588|0|0|(4599.60,.00)|(4687.94,.00)|(4607.63,.00)|-0.76|1.00|0.00|(4609.60,.00)|(1.00,.00)|4608.597418244362|24.586499776486363|0|null|2.8028321020433387|0|null|false|0|false
123.20|(4591.57,1.08)|(1.00,.01)|4590.5660042411755|24.586499776486363|4590|0|0|(4601.57,.00)|(4689.91,.00)|(4609.60,.00)|-0.64|1.00|0.00|(4611.57,.00)|(1.00,.00)|4610.5660042411755|24.586499776486363|0|null|2.7943226334342146|0|null|false|0|false
123.25|(4593.53,1.03)|(1.00,.00)|4592.534360076994|24.586499776486363|4592|0|0|(4603.53,.00)|(4691.88,.00)|(4611.57,.00)|-0.64|1.00|0.00|(4613.53,.00)|(1.00,.00)|4612.534360076994|24.586499776486363|0|null|2.781967405847612|0|null|false|0|false
123.30|(4595.50,.97)|(1.00,-.01)|4594.502381412559|24.586499776486363|4594|0|0|(4605.50,.00)|(4693.85,.00)|(4613.53,.00)|-0.64|1.00|0.00|(4615.50,.00)|(1.00,.00)|4614.502381412559|24.586499776486363|0|null|2.7657759041884464|0|null|false|0|false
123.35|(4597.47,.91)|(1.00,-.01)|4596.470511558532|24.586499776486363|4596|0|0|(4607.47,.00)|(4695.82,.00)|(4615.50,.00)|-0.48|1.00|0.00|(4617.47,.00)|(1.00,.00)|4616.470511558532|24.586499776486363|0|null|2.7485087957284593|0|null|false|0|false
123.40|(4599.44,.84)|(1.00,-.02)|4598.438299144631|24.586499776486363|4598|0|0|(4609.44,.00)|(4697.78,.00)|(4617.47,.00)|-0.48|1.00|0.00|(4619.44,.00)|(1.00,.00)|4618.438299144631|24.586499776486363|0|null|2.728369669259277|0|null|false|0|false
123.45|(4601.41,.75)|(1.00,-.02)|4600.4056880499875|24.586499776486363|4600|0|0|(4611.41,.00)|(4699.75,.00)|(4619.44,.00)|-0.48|1.00|0.00|(4621.41,.00)|(1.00,.00)|4620.4056880499875|24.586499776486363|0|null|2.7053761643167684|0|null|false|0|false
123.50|(4603.37,.66)|(1.00,-.03)|4602.372623181937|24.586499776486363|4602|0|0|(4613.37,.00)|(4701.72,.00)|(4621.41,.00)|-0.48|1.00|0.00|(4623.37,.00)|(1.00,.00)|4622.372623181937|24.586499776486363|0|null|2.679544081630266|0|null|false|0|false
123.55|(4605.34,.57)|(1.00,-.03)|4604.339864307103|24.586499776486363|4604|0|0|(4615.34,.00)|(4703.69,.00)|(4623.37,.00)|-0.23|1.00|0.00|(4625.34,.00)|(1.00,.00)|4624.339864307103|24.586499776486363|0|null|2.655045748354398|0|null|false|0|false
123.60|(4607.31,.47)|(1.00,-.04)|4606.306887095806|24.586499776486363|4606|0|0|(4617.31,.00)|(4705.65,.00)|(4625.34,.00)|-0.23|1.00|0.00|(4627.31,.00)|(1.00,.00)|4626.306887095806|24.586499776486363|0|null|2.6291613155819067|0|null|false|0|false
123.65|(4609.27,.37)|(1.00,-.04)|4608.273680669068|24.586499776486363|4608|0|0|(4619.27,.00)|(4707.62,.00)|(4627.31,.00)|-0.23|1.00|0.00|(4629.27,.00)|(1.00,.00)|4628.273680669068|24.586499776486363|0|null|2.60191251993813|0|null|false|0|false
123.70|(4611.24,.28)|(1.00,-.04)|4610.240718315343|24.586499776486363|4610|0|0|(4621.24,.00)|(4709.59,.00)|(4629.27,.00)|-0.05|1.00|0.00|(4631.24,.00)|(1.00,.00)|4630.240718315343|24.586499776486363|0|null|2.5765186844934616|0|null|false|0|false
123.75|(4613.21,.19)|(1.00,-.04)|4612.207742812481|24.586499776486363|4612|0|0|(4623.21,.00)|(4711.55,.00)|(4631.24,.00)|-0.05|1.00|0.00|(4633.21,.00)|(1.00,.00)|4632.207742812481|24.586499776486363|0|null|2.550890926259473|0|null|false|0|false
123.80|(4615.17,.09)|(1.00,-.04)|4614.1747551518165|24.586499776486363|4614|0|0|(4625.17,.00)|(4713.52,.00)|(4633.21,.00)|-0.05|1.00|0.00|(4635.17,.00)|(1.00,.00)|4634.1747551518165|24.586499776486363|0|null|2.525049691400989|0|null|false|0|false
123.85|(4617.14,-.00)|(1.00,-.05)|4616.141755771532|24.586499776486363|4616|0|0|(4627.14,.00)|(4715.49,.00)|(4635.17,.00)|-0.05|1.00|0.00|(4637.14,.00)|(1.00,.00)|4636.141755771532|24.586499776486363|0|null|2.4990108629457817|0|null|false|0|false
123.90|(4619.11,-.09)|(1.00,-.04)|4618.109089762754|24.586499776486363|4618|0|0|(4629.11,.00)|(4717.46,.00)|(4637.14,.00)|0.15|1.00|0.00|(4639.11,.00)|(1.00,.00)|4638.109089762754|24.586499776486363|0|null|2.476275003323225|0|null|false|0|false
123.95|(4621.08,-.17)|(1.00,-.04)|4620.076618168887|24.586499776486363|4620|0|0|(4631.08,.00)|(4719.42,.00)|(4639.11,.00)|0.15|1.00|0.00|(4641.08,.00)|(1.00,.00)|4640.076618168887|24.586499776486363|0|null|2.45455817724685|0|null|false|0|false
124.00|(4623.04,-.24)|(1.00,-.04)|4622.044332690296|24.586499776486363|4622|0|0|(4633.04,.00)|(4721.39,.00)|(4641.08,.00)|0.15|1.00|0.00|(4643.04,.00)|(1.00,.00)|4642.044332690296|24.586499776486363|0|null|2.4338758632268296|0|null|false|0|false
124.05|(4625.01,-.31)|(1.00,-.04)|4624.012224302116|24.586499776486363|4624|0|0|(4635.01,.00)|(4723.36,.00)|(4643.04,.00)|0.15|1.00|0.00|(4645.01,.00)|(1.00,.00)|4644.012224302116|24.586499776486363|0|null|2.4142392117168026|0|null|false|0|false
124.10|(4626.98,-.38)|(1.00,-.04)|4625.980346790787|24.586499776486363|4625|0|0|(4636.98,.00)|(4725.33,.00)|(4645.01,.00)|0.26|1.00|0.00|(4646.98,.00)|(1.00,.00)|4645.980346790787|24.586499776486363|0|null|2.397516167055057|0|null|false|0|false
124.15|(4628.95,-.43)|(1.00,-.04)|4627.948692422404|24.586499776486363|4627|0|0|(4638.95,.00)|(4727.29,.00)|(4646.98,.00)|0.26|1.00|0.00|(4648.95,.00)|(1.00,.00)|4647.948692422404|24.586499776486363|0|null|2.382488809170639|0|null|false|0|false
124.20|(4630.92,-.48)|(1.00,-.03)|4629.917238514716|24.586499776486363|4629|0|0|(4640.92,.00)|(4729.26,.00)|(4648.95,.00)|0.26|1.00|0.00|(4650.92,.00)|(1.00,.00)|4649.917238514716|24.586499776486363|0|null|2.3691644051303675|0|null|false|0|false
124.25|(4632.89,-.52)|(1.00,-.03)|4631.885935965276|24.586499776486363|4631|0|0|(4642.89,.00)|(4731.23,.00)|(4650.92,.00)|0.34|1.00|0.00|(4652.89,.00)|(1.00,.00)|4651.885935965276|24.586499776486363|0|null|2.358979949539849|0|null|false|0|false
124.30|(4634.85,-.55)|(1.00,-.03)|4633.854808043386|24.586499776486363|4633|0|0|(4644.85,.00)|(4733.20,.00)|(4652.89,.00)|0.34|1.00|0.00|(4654.85,.00)|(1.00,.00)|4653.854808043386|24.586499776486363|0|null|2.3509965680724125|0|null|false|0|false
124.35|(4636.82,-.57)|(1.00,-.02)|4635.823818071284|24.586499776486363|4635|0|0|(4646.82,.00)|(4735.17,.00)|(4654.85,.00)|0.34|1.00|0.00|(4656.82,.00)|(1.00,.00)|4655.823818071284|24.586499776486363|0|null|2.34521888695354|0|null|false|0|false
124.40|(4638.79,-.58)|(1.00,-.02)|4637.792929393981|24.586499776486363|4637|0|0|(4648.79,.00)|(4737.14,.00)|(4656.82,.00)|0.34|1.00|0.00|(4658.79,.00)|(1.00,.00)|4657.792929393981|24.586499776486363|0|null|2.341649599323412|0|null|false|0|false
124.45|(4640.76,-.59)|(1.00,-.02)|4639.762120770787|24.586499776486363|4639|0|0|(4650.76,.00)|(4739.11,.00)|(4658.79,.00)|0.33|1.00|0.00|(4660.76,.00)|(1.00,.00)|4659.762120770787|24.586499776486363|0|null|2.3400730748875302|0|null|false|0|false
124.50|(4642.73,-.58)|(1.00,-.01)|4641.731343113808|24.586499776486363|4641|0|0|(4652.73,.00)|(4741.08,.00)|(4660.76,.00)|0.33|1.00|0.00|(4662.73,.00)|(1.00,.00)|4661.731343113808|24.586499776486363|0|null|2.3406319560688478|0|null|false|0|false
124.55|(4644.70,-.57)|(1.00,-.01)|4643.70056272224|24.586499776486363|4643|0|0|(4654.70,.00)|(4743.05,.00)|(4662.73,.00)|0.33|1.00|0.00|(4664.70,.00)|(1.00,.00)|4663.70056272224|24.586499776486363|0|null|2.343325202983854|0|null|false|0|false
124.60|(4646.67,-.56)|(1.00,-.00)|4645.669746203436|24.586499776486363|4645|0|0|(4656.67,.00)|(4745.02,.00)|(4664.70,.00)|0.33|1.00|0.00|(4666.67,.00)|(1.00,.00)|4665.669746203436|24.586499776486363|0|null|2.3481516054407816|0|null|false|0|false
124.65|(4648.64,-.53)|(1.00,-.00)|4647.638860457956|24.586499776486363|4647|0|0|(4658.64,.00)|(4746.98,.00)|(4666.67,.00)|0.33|1.00|0.00|(4668.64,.00)|(1.00,.00)|4667.638860457956|24.586499776486363|0|null|2.3551100745794677|0|null|false|0|false
124.70|(4650.61,-.50)|(1.00,.00)|4649.608006752067|24.586499776486363|4649|0|0|(4660.61,.00)|(4748.95,.00)|(4668.64,.00)|0.26|1.00|0.00|(4670.61,.00)|(1.00,.00)|4669.608006752067|24.586499776486363|0|null|2.362967941993613|0|null|false|0|false
124.75|(4652.58,-.47)|(1.00,.01)|4651.57706132056|24.586499776486363|4651|0|0|(4662.58,.00)|(4750.92,.00)|(4670.61,.00)|0.26|1.00|0.00|(4672.58,.00)|(1.00,.00)|4671.57706132056|24.586499776486363|0|null|2.372533848375402|0|null|false|0|false
124.80|(4654.55,-.43)|(1.00,.01)|4653.546003355235|24.586499776486363|4653|0|0|(4664.55,.00)|(4752.89,.00)|(4672.58,.00)|0.26|1.00|0.00|(4674.55,.00)|(1.00,.00)|4673.546003355235|24.586499776486363|0|null|2.383804411179675|0|null|false|0|false
124.85|(4656.51,-.38)|(1.00,.01)|4655.514812227009|24.586499776486363|4655|0|0|(4666.51,.00)|(4754.86,.00)|(4674.55,.00)|0.26|1.00|0.00|(4676.51,.00)|(1.00,.00)|4675.514812227009|24.586499776486363|0|null|2.3967774215148774|0|null|false|0|false
124.90|(4658.48,-.33)|(1.00,.01)|4657.483744561912|24.586499776486363|4657|0|0|(4668.48,.00)|(4756.83,.00)|(4676.51,.00)|0.11|1.00|0.00|(4678.48,.00)|(1.00,.00)|4677.483744561912|24.586499776486363|0|null|2.408912866514743|0|null|false|0|false
124.95|(4660.45,-.29)|(1.00,.02)|4659.452611443185|24.586499776486363|4659|0|0|(4670.45,.00)|(4758.80,.00)|(4678.48,.00)|0.11|1.00|0.00|(4680.45,.00)|(1.00,.00)|4679.452611443185|24.586499776486363|0|null|2.4218778619504313|0|null|false|0|false
125.00|(4662.42,-.24)|(1.00,.02)|4661.421408293025|24.586499776486363|4661|0|0|(4672.42,.00)|(4760.77,.00)|(4680.45,.00)|0.11|1.00|0.00|(4682.42,.00)|(1.00,.00)|4681.421408293025|24.586499776486363|0|null|2.4356654832421842|0|null|false|0|false
125.05|(4664.39,-.18)|(1.00,.02)|4663.390130556199|24.586499776486363|4663|0|0|(4674.39,.00)|(4762.74,.00)|(4682.42,.00)|0.11|1.00|0.00|(4684.39,.00)|(1.00,.00)|4683.390130556199|24.586499776486363|0|null|2.45027053501821|0|null|false|0|false
125.10|(4666.36,-.13)|(1.00,.02)|4665.358958519566|24.586499776486363|4665|0|0|(4676.36,.00)|(4764.70,.00)|(4684.39,.00)|-0.02|1.00|0.00|(4686.36,.00)|(1.00,.00)|4685.358958519566|24.586499776486363|0|null|2.4634704917717403|0|null|false|0|false
125.15|(4668.33,-.09)|(1.00,.02)|4667.327789913065|24.586499776486363|4667|0|0|(4678.33,.00)|(4766.67,.00)|(4686.36,.00)|-0.02|1.00|0.00|(4688.33,.00)|(1.00,.00)|4687.327789913065|24.586499776486363|0|null|2.4767197804880006|0|null|false|0|false
125.20|(4670.30,-.04)|(1.00,.02)|4669.29662484463|24.586499776486363|4669|0|0|(4680.30,.00)|(4768.64,.00)|(4688.33,.00)|-0.02|1.00|0.00|(4690.30,.00)|(1.00,.00)|4689.29662484463|24.586499776486363|0|null|2.4900097854579935|0|null|false|0|false
125.25|(4672.27,.01)|(1.00,.02)|4671.265463340606|24.586499776486363|4671|0|0|(4682.27,.00)|(4770.61,.00)|(4690.30,.00)|-0.02|1.00|0.00|(4692.27,.00)|(1.00,.00)|4691.265463340606|24.586499776486363|0|null|2.503333274093228|0|null|false|0|false
125.30|(4674.23,.06)|(1.00,.02)|4673.23438519407|24.586499776486363|4673|0|0|(4684.23,.00)|(4772.58,.00)|(4692.27,.00)|-0.11|1.00|0.00|(4694.23,.00)|(1.00,.00)|4693.23438519407|24.586499776486363|0|null|2.5151319376592904|0|null|false|0|false
125.35|(4676.20,.10)|(1.00,.02)|4675.203357229002|24.586499776486363|4675|0|0|(4686.20,.00)|(4774.55,.00)|(4694.23,.00)|-0.11|1.00|0.00|(4696.20,.00)|(1.00,.00)|4695.203357229002|24.586499776486363|0|null|2.526419357024674|0|null|false|0|false
125.40|(4678.17,.14)|(1.00,.02)|4677.17237745846|24.586499776486363|4677|0|0|(4688.17,.00)|(4776.52,.00)|(4696.20,.00)|-0.11|1.00|0.00|(4698.17,.00)|(1.00,.00)|4697.17237745846|24.586499776486363|0|null|2.537185323398119|0|null|false|0|false
125.45|(4680.14,.17)|(1.00,.02)|4679.141467562919|24.586499776486363|4679|0|0|(4690.14,.00)|(4778.49,.00)|(4698.17,.00)|-0.18|1.00|0.00|(4700.14,.00)|(1.00,.00)|4699.141467562919|24.586499776486363|0|null|2.546192780925527|0|null|false|0|false
125.50|(4682.11,.20)|(1.00,.02)|4681.110624882886|24.586499776486363|4681|0|0|(4692.11,.00)|(4780.46,.00)|(4700.14,.00)|-0.18|1.00|0.00|(4702.11,.00)|(1.00,.00)|4701.110624882886|24.586499776486363|0|null|2.5542380788384036|0|null|false|0|false
125.55|(4684.08,.22)|(1.00,.02)|4683.079842566162|24.586499776486363|4683|0|0|(4694.08,.00)|(4782.43,.00)|(4702.11,.00)|-0.18|1.00|0.00|(4704.08,.00)|(1.00,.00)|4703.079842566162|24.586499776486363|0|null|2.5613075949091977|0|null|false|0|false
125.60|(4686.05,.24)|(1.00,.02)|4685.049108911708|24.586499776486363|4685|0|0|(4696.05,.00)|(4784.40,.00)|(4704.08,.00)|-0.20|1.00|0.00|(4706.05,.00)|(1.00,.00)|4705.049108911708|24.586499776486363|0|null|2.5669308026493303|0|null|false|0|false
125.65|(4688.02,.26)|(1.00,.01)|4687.018424520412|24.586499776486363|4687|0|0|(4698.02,.00)|(4786.36,.00)|(4706.05,.00)|-0.20|1.00|0.00|(4708.02,.00)|(1.00,.00)|4707.018424520412|24.586499776486363|0|null|2.571393781124133|0|null|false|0|false
125.70|(4689.99,.27)|(1.00,.01)|4688.987779470666|24.586499776486363|4688|0|0|(4699.99,.00)|(4788.33,.00)|(4708.02,.00)|-0.20|1.00|0.00|(4709.99,.00)|(1.00,.00)|4708.987779470666|24.586499776486363|0|null|2.5746806583082744|0|null|false|0|false
125.75|(4691.96,.28)|(1.00,.01)|4690.957163560407|24.586499776486363|4690|0|0|(4701.96,.00)|(4790.30,.00)|(4709.99,.00)|-0.20|1.00|0.00|(4711.96,.00)|(1.00,.00)|4710.957163560407|24.586499776486363|0|null|2.5767750427508553|0|null|false|0|false
125.80|(4693.93,.28)|(1.00,.01)|4692.926566285695|24.586499776486363|4692|0|0|(4703.93,.00)|(4792.27,.00)|(4711.96,.00)|-0.20|1.00|0.00|(4713.93,.00)|(1.00,.00)|4712.926566285695|24.586499776486363|0|null|2.5776598856422037|0|null|false|0|false
125.85|(4695.90,.28)|(1.00,.01)|4694.895976811694|24.586499776486363|4694|0|0|(4705.90,.00)|(4794.24,.00)|(4713.93,.00)|-0.20|1.00|0.00|(4715.90,.00)|(1.00,.00)|4714.895976811694|24.586499776486363|0|null|2.577317393800428|0|null|false|0|false
125.90|(4697.87,.28)|(1.00,.00)|4696.865383938411|24.586499776486363|4696|0|0|(4707.87,.00)|(4796.21,.00)|(4715.90,.00)|-0.20|1.00|0.00|(4717.87,.00)|(1.00,.00)|4716.865383938411|24.586499776486363|0|null|2.5757289932627816|0|null|false|0|false
125.95|(4699.83,.27)|(1.00,.00)|4698.834776063787|24.586499776486363|4698|0|0|(4709.83,.00)|(4798.18,.00)|(4717.87,.00)|-0.20|1.00|0.00|(4719.83,.00)|(1.00,.00)|4718.834776063787|24.586499776486363|0|null|2.5728753421446333|0|null|false|0|false
126.00|(4701.80,.25)|(1.00,-.00)|4700.8041411467775|24.586499776486363|4700|0|0|(4711.80,.00)|(4800.15,.00)|(4719.83,.00)|-0.20|1.00|0.00|(4721.80,.00)|(1.00,.00)|4720.8041411467775|24.586499776486363|0|null|2.5687363904426497|0|null|false|0|false
126.05|(4703.77,.23)|(1.00,-.00)|4702.773466673044|24.586499776486363|4702|0|0|(4713.77,.00)|(4802.12,.00)|(4721.80,.00)|-0.20|1.00|0.00|(4723.77,.00)|(1.00,.00)|4722.773466673044|24.586499776486363|0|null|2.5632914835283556|0|null|false|0|false
126.10|(4705.74,.21)|(1.00,-.00)|4704.742739625806|24.586499776486363|4704|0|0|(4715.74,.00)|(4804.09,.00)|(4723.77,.00)|-0.20|1.00|0.00|(4725.74,.00)|(1.00,.00)|4724.742739625806|24.586499776486363|0|null|2.5565195052222145|0|null|false|0|false
126.15|(4707.71,.18)|(1.00,-.01)|4706.7119464641755|24.586499776486363|4706|0|0|(4717.71,.00)|(4806.06,.00)|(4725.74,.00)|-0.20|1.00|0.00|(4727.71,.00)|(1.00,.00)|4726.7119464641755|24.586499776486363|0|null|2.548399055573959|0|null|false|0|false
126.20|(4709.68,.14)|(1.00,-.01)|4708.6810731110445|24.586499776486363|4708|0|0|(4719.68,.00)|(4808.03,.00)|(4727.71,.00)|-0.20|1.00|0.00|(4729.68,.00)|(1.00,.00)|4728.6810731110445|24.586499776486363|0|null|2.5389086578176476|0|null|false|0|false
126.25|(4711.65,.10)|(1.00,-.01)|4710.650104952268|24.586499776486363|4710|0|0|(4721.65,.00)|(4810.00,.00)|(4729.68,.00)|-0.20|1.00|0.00|(4731.65,.00)|(1.00,.00)|4730.650104952268|24.586499776486363|0|null|2.5280269884331186|0|null|false|0|false
126.30|(4713.62,.06)|(1.00,-.01)|4712.619026848447|24.586499776486363|4712|0|0|(4723.62,.00)|(4811.97,.00)|(4731.65,.00)|-0.20|1.00|0.00|(4733.62,.00)|(1.00,.00)|4732.619026848447|24.586499776486363|0|null|2.51573312384006|0|null|false|0|false
126.35|(4715.59,.01)|(1.00,-.02)|4714.587823160207|24.586499776486363|4714|0|0|(4725.59,.00)|(4813.93,.00)|(4733.62,.00)|-0.20|1.00|0.00|(4735.59,.00)|(1.00,.00)|4734.587823160207|24.586499776486363|0|null|2.502006796985075|0|null|false|0|false
126.40|(4717.56,-.05)|(1.00,-.02)|4716.556477787327|24.586499776486363|4716|0|0|(4727.56,.00)|(4815.90,.00)|(4735.59,.00)|-0.20|1.00|0.00|(4737.56,.00)|(1.00,.00)|4736.556477787327|24.586499776486363|0|null|2.4868286569610945|0|null|false|0|false
126.45|(4719.52,-.11)|(1.00,-.02)|4718.524974221581|24.586499776486363|4718|0|0|(4729.52,.00)|(4817.87,.00)|(4737.56,.00)|-0.20|1.00|0.00|(4739.52,.00)|(1.00,.00)|4738.524974221581|24.586499776486363|0|null|2.470180524824629|0|null|false|0|false
126.50|(4721.49,-.16)|(1.00,-.02)|4720.493728389327|24.586499776486363|4720|0|0|(4731.49,.00)|(4819.84,.00)|(4739.52,.00)|0.01|1.00|0.00|(4741.49,.00)|(1.00,.00)|4740.493728389327|24.586499776486363|0|null|2.4557879301664753|0|null|false|0|false
126.55|(4723.46,-.22)|(1.00,-.02)|4722.462466477393|24.586499776486363|4722|0|0|(4733.46,.00)|(4821.81,.00)|(4741.49,.00)|0.01|1.00|0.00|(4743.46,.00)|(1.00,.00)|4742.462466477393|24.586499776486363|0|null|2.4411785341192807|0|null|false|0|false
126.60|(4725.43,-.27)|(1.00,-.03)|4724.431187451875|24.586499776486363|4724|0|0|(4735.43,.00)|(4823.78,.00)|(4743.46,.00)|0.01|1.00|0.00|(4745.43,.00)|(1.00,.00)|4744.431187451875|24.586499776486363|0|null|2.4263508581301205|0|null|false|0|false
126.65|(4727.40,-.32)|(1.00,-.03)|4726.399890390791|24.586499776486363|4726|0|0|(4737.40,.00)|(4825.75,.00)|(4745.43,.00)|0.01|1.00|0.00|(4747.40,.00)|(1.00,.00)|4746.399890390791|24.586499776486363|0|null|2.4113041604918646|0|null|false|0|false
126.70|(4729.37,-.38)|(1.00,-.03)|4728.368574511804|24.586499776486363|4728|0|0|(4739.37,.00)|(4827.71,.00)|(4747.40,.00)|0.01|1.00|0.00|(4749.37,.00)|(1.00,.00)|4748.368574511804|24.586499776486363|0|null|2.396038676022859|0|null|false|0|false
126.75|(4731.34,-.44)|(1.00,-.03)|4730.337239198328|24.586499776486363|4730|0|0|(4741.34,.00)|(4829.68,.00)|(4749.37,.00)|0.01|1.00|0.00|(4751.34,.00)|(1.00,.00)|4750.337239198328|24.586499776486363|0|null|2.3805558157140485|0|null|false|0|false
126.80|(4733.31,-.49)|(1.00,-.03)|4732.305884022652|24.586499776486363|4732|0|0|(4743.31,.00)|(4831.65,.00)|(4751.34,.00)|0.01|1.00|0.00|(4753.31,.00)|(1.00,.00)|4752.305884022652|24.586499776486363|0|null|2.3648583231429994|0|null|false|0|false
126.85|(4735.27,-.55)|(1.00,-.03)|4734.274508764933|24.586499776486363|4734|0|0|(4745.27,.00)|(4833.62,.00)|(4753.31,.00)|0.01|1.00|0.00|(4755.27,.00)|(1.00,.00)|4754.274508764933|24.586499776486363|0|null|2.348950385430799|0|null|false|0|false
126.90|(4737.24,-.61)|(1.00,-.03)|4736.2431134271455|24.586499776486363|4736|0|0|(4747.24,.00)|(4835.59,.00)|(4755.27,.00)|0.01|1.00|0.00|(4757.24,.00)|(1.00,.00)|4756.2431134271455|24.586499776486363|0|null|2.332837697527671|0|null|false|0|false
126.95|(4739.21,-.67)|(1.00,-.03)|4738.21169824131|24.586499776486363|4738|0|0|(4749.21,.00)|(4837.56,.00)|(4757.24,.00)|0.01|1.00|0.00|(4759.21,.00)|(1.00,.00)|4758.21169824131|24.586499776486363|0|null|2.316527479636049|0|null|false|0|false
127.00|(4741.18,-.73)|(1.00,-.03)|4740.180263671523|24.586499776486363|4740|0|0|(4751.18,.00)|(4839.53,.00)|(4759.21,.00)|0.01|1.00|0.00|(4761.18,.00)|(1.00,.00)|4760.180263671523|24.586499776486363|0|null|2.300028448595352|0|null|false|0|false
127.05|(4743.15,-.79)|(1.00,-.03)|4742.148810409578|24.586499776486363|4742|0|0|(4753.15,.00)|(4841.49,.00)|(4761.18,.00)|0.01|1.00|0.00|(4763.15,.00)|(1.00,.00)|4762.148810409578|24.586499776486363|0|null|2.2833507450401243|0|null|false|0|false
127.10|(4745.12,-.85)|(1.00,-.03)|4744.117339364184|24.586499776486363|4744|0|0|(4755.12,.00)|(4843.46,.00)|(4763.15,.00)|0.01|1.00|0.00|(4765.12,.00)|(1.00,.00)|4764.117339364184|24.586499776486363|0|null|2.2665058190826435|0|null|false|0|false
127.15|(4747.09,-.92)|(1.00,-.03)|4746.085851644008|24.586499776486363|4746|0|0|(4757.09,.00)|(4845.43,.00)|(4765.12,.00)|0.01|1.00|0.00|(4767.09,.00)|(1.00,.00)|4766.085851644008|24.586499776486363|0|null|2.2495062781434303|0|null|false|0|false
127.20|(4749.05,-.98)|(1.00,-.03)|4748.054348535011|24.586499776486363|4748|0|0|(4759.05,.00)|(4847.40,.00)|(4767.09,.00)|0.01|1.00|0.00|(4769.05,.00)|(1.00,.00)|4768.054348535011|24.586499776486363|0|null|2.2323657013404756|0|null|false|0|false
127.25|(4751.02,-1.04)|(1.00,-.03)|4750.022831472721|24.586499776486363|4750|0|0|(4761.02,.00)|(4849.37,.00)|(4769.05,.00)|0.01|1.00|0.00|(4771.02,.00)|(1.00,.00)|4770.022831472721|24.586499776486363|0|null|2.2150984255346344|0|null|false|0|false
127.30|(4752.99,-1.11)|(1.00,-.03)|4751.991302010277|24.586499776486363|4751|0|0|(4762.99,.00)|(4851.34,.00)|(4771.02,.00)|0.01|1.00|0.00|(4772.99,.00)|(1.00,.00)|4771.991302010277|24.586499776486363|0|null|2.197719308700373|0|null|false|0|false
127.35|(4754.96,-1.17)|(1.00,-.03)|4753.959761783208|24.586499776486363|4753|0|0|(4764.96,.00)|(4853.31,.00)|(4772.99,.00)|0.01|1.00|0.00|(4774.96,.00)|(1.00,.00)|4773.959761783208|24.586499776486363|0|null|2.1802434767365693|0|null|false|0|false
127.40|(4756.93,-1.23)|(1.00,-.03)|4755.928212472034|24.586499776486363|4755|0|0|(4766.93,.00)|(4855.27,.00)|(4774.96,.00)|0.01|1.00|0.00|(4776.93,.00)|(1.00,.00)|4775.928212472034|24.586499776486363|0|null|2.162686060142333|0|null|false|0|false
127.45|(4758.90,-1.30)|(1.00,-.03)|4757.89665576381|24.586499776486363|4757|0|0|(4768.90,.00)|(4857.24,.00)|(4776.93,.00)|0.01|1.00|0.00|(4778.90,.00)|(1.00,.00)|4777.89665576381|24.586499776486363|0|null|2.1450619271518727|0|null|false|0|false
127.50|(4760.87,-1.36)|(1.00,-.03)|4759.865093313777|24.586499776486363|4759|0|0|(4770.87,.00)|(4859.21,.00)|(4778.90,.00)|0.01|1.00|0.00|(4780.87,.00)|(1.00,.00)|4779.865093313777|24.586499776486363|0|null|2.1273854199471596|0|null|false|0|false
127.55|(4762.83,-1.43)|(1.00,-.03)|4761.833526708242|24.586499776486363|4761|0|0|(4772.83,.00)|(4861.18,.00)|(4780.87,.00)|0.01|1.00|0.00|(4782.83,.00)|(1.00,.00)|4781.833526708242|24.586499776486363|0|null|2.1096701004475826|0|null|false|0|false
127.60|(4764.80,-1.49)|(1.00,-.03)|4763.801957429742|24.586499776486363|4763|0|0|(4774.80,.00)|(4863.15,.00)|(4782.83,.00)|0.01|1.00|0.00|(4784.80,.00)|(1.00,.00)|4783.801957429742|24.586499776486363|0|null|2.091928511914855|0|null|false|0|false
127.65|(4766.77,-1.56)|(1.00,-.03)|4765.770386825454|24.586499776486363|4765|0|0|(4776.77,.00)|(4865.12,.00)|(4784.80,.00)|0.01|1.00|0.00|(4786.77,.00)|(1.00,.00)|4785.770386825454|24.586499776486363|0|null|2.0741719622153063|0|null|false|0|false
127.70|(4768.74,-1.58)|(1.00,-.03)|4767.738967622321|24.586499776486363|4767|0|0|(4778.74,.00)|(4867.08,.00)|(4786.77,.00)|0.63|1.00|0.00|(4788.74,.00)|(1.00,.00)|4787.738967622321|24.586499776486363|0|null|2.067109232584645|0|null|false|0|false
127.75|(4770.71,-1.60)|(1.00,-.02)|4769.707716771971|24.586499776486363|4769|0|0|(4780.71,.00)|(4869.05,.00)|(4788.74,.00)|0.63|1.00|0.00|(4790.71,.00)|(1.00,.00)|4789.707716771971|24.586499776486363|0|null|2.0637233555931287|0|null|false|0|false
127.80|(4772.68,-1.60)|(1.00,-.02)|4771.676539611058|24.586499776486363|4771|0|0|(4782.68,.00)|(4871.02,.00)|(4790.71,.00)|0.63|1.00|0.00|(4792.68,.00)|(1.00,.00)|4791.676539611058|24.586499776486363|0|null|2.064055371698199|0|null|false|0|false
127.85|(4774.64,-1.57)|(1.00,-.01)|4773.644854351577|24.586499776486363|4773|0|0|(4784.64,.00)|(4872.99,.00)|(4792.68,.00)|0.79|1.00|0.00|(4794.64,.00)|(1.00,.00)|4793.644854351577|24.586499776486363|0|null|2.070895981673006|0|null|false|0|false
127.90|(4776.61,-1.53)|(1.00,-.00)|4775.612920974147|24.586499776486363|4775|0|0|(4786.61,.00)|(4874.96,.00)|(4794.64,.00)|0.79|1.00|0.00|(4796.61,.00)|(1.00,.00)|4795.612920974147|24.586499776486363|0|null|2.082465963001334|0|null|false|0|false
127.95|(4778.58,-1.47)|(1.00,.01)|4777.580580249482|24.586499776486363|4777|0|0|(4788.58,.00)|(4876.93,.00)|(4796.61,.00)|0.79|1.00|0.00|(4798.58,.00)|(1.00,.00)|4797.580580249482|24.586499776486363|0|null|2.098798515683961|0|null|false|0|false
128.00|(4780.55,-1.39)|(1.00,.01)|4779.547670708756|24.586499776486363|4779|0|0|(4790.55,.00)|(4878.89,.00)|(4798.58,.00)|0.79|1.00|0.00|(4800.55,.00)|(1.00,.00)|4799.547670708756|24.586499776486363|0|null|2.119920806879912|0|null|false|0|false
128.05|(4782.51,-1.31)|(1.00,.02)|4781.514972396329|24.586499776486363|4781|0|0|(4792.51,.00)|(4880.86,.00)|(4800.55,.00)|0.60|1.00|0.00|(4802.51,.00)|(1.00,.00)|4801.514972396329|24.586499776486363|0|null|2.1424790000760705|0|null|false|0|false
128.10|(4784.48,-1.21)|(1.00,.03)|4783.481685823335|24.586499776486363|4783|0|0|(4794.48,.00)|(4882.83,.00)|(4802.51,.00)|0.60|1.00|0.00|(4804.48,.00)|(1.00,.00)|4803.481685823335|24.586499776486363|0|null|2.1687056871122543|0|null|false|0|false
128.15|(4786.45,-1.10)|(1.00,.03)|4785.447717223708|24.586499776486363|4785|0|0|(4796.45,.00)|(4884.79,.00)|(4804.48,.00)|0.60|1.00|0.00|(4806.45,.00)|(1.00,.00)|4805.447717223708|24.586499776486363|0|null|2.1986027831604873|0|null|false|0|false
128.20|(4788.41,-.99)|(1.00,.04)|4787.413963813408|24.586499776486363|4787|0|0|(4798.41,.00)|(4886.76,.00)|(4806.45,.00)|0.39|1.00|0.00|(4808.41,.00)|(1.00,.00)|4807.413963813408|24.586499776486363|0|null|2.228588791354591|0|null|false|0|false
128.25|(4790.38,-.87)|(1.00,.04)|4789.379704025031|24.586499776486363|4789|0|0|(4800.38,.00)|(4888.73,.00)|(4808.41,.00)|0.39|1.00|0.00|(4810.38,.00)|(1.00,.00)|4809.379704025031|24.586499776486363|0|null|2.2610115072327996|0|null|false|0|false
128.30|(4792.34,-.75)|(1.00,.05)|4791.344900051929|24.586499776486363|4791|0|0|(4802.34,.00)|(4890.69,.00)|(4810.38,.00)|0.39|1.00|0.00|(4812.34,.00)|(1.00,.00)|4811.344900051929|24.586499776486363|0|null|2.295854861458996|0|null|false|0|false
128.35|(4794.31,-.61)|(1.00,.05)|4793.309515058751|24.586499776486363|4793|0|0|(4804.31,.00)|(4892.66,.00)|(4812.34,.00)|0.39|1.00|0.00|(4814.31,.00)|(1.00,.00)|4813.309515058751|24.586499776486363|0|null|2.3331024161348597|0|null|false|0|false
128.40|(4796.27,-.47)|(1.00,.06)|4795.273513093742|24.586499776486363|4795|0|0|(4806.27,.00)|(4894.62,.00)|(4814.31,.00)|0.39|1.00|0.00|(4816.27,.00)|(1.00,.00)|4815.273513093742|24.586499776486363|0|null|2.372737689689791|0|null|false|0|false
128.45|(4798.24,-.34)|(1.00,.06)|4797.2385266847|24.586499776486363|4797|0|0|(4808.24,.00)|(4896.58,.00)|(4816.27,.00)|0.00|1.00|0.00|(4818.24,.00)|(1.00,.00)|4817.2385266847|24.586499776486363|0|null|2.408088346182544|0|null|false|0|false
128.50|(4800.20,-.21)|(1.00,.06)|4799.203547833113|24.586499776486363|4799|0|0|(4810.20,.00)|(4898.55,.00)|(4818.24,.00)|0.00|1.00|0.00|(4820.20,.00)|(1.00,.00)|4819.203547833113|24.586499776486363|0|null|2.443511327494173|0|null|false|0|false
128.55|(4802.17,-.08)|(1.00,.06)|4801.168582731723|24.586499776486363|4801|0|0|(4812.17,.00)|(4900.51,.00)|(4820.20,.00)|0.00|1.00|0.00|(4822.17,.00)|(1.00,.00)|4821.168582731723|24.586499776486363|0|null|2.47897150010204|0|null|false|0|false
128.60|(4804.13,.04)|(1.00,.06)|4803.134192373505|24.586499776486363|4803|0|0|(4814.13,.00)|(4902.48,.00)|(4822.17,.00)|-0.20|1.00|0.00|(4824.13,.00)|(1.00,.00)|4823.134192373505|24.586499776486363|0|null|2.510918507605635|0|null|false|0|false
128.65|(4806.10,.15)|(1.00,.06)|4805.100102740736|24.586499776486363|4805|0|0|(4816.10,.00)|(4904.45,.00)|(4824.13,.00)|-0.20|1.00|0.00|(4826.10,.00)|(1.00,.00)|4825.100102740736|24.586499776486363|0|null|2.5416359896516916|0|null|false|0|false
128.70|(4808.07,.26)|(1.00,.06)|4807.066307442627|24.586499776486363|4807|0|0|(4818.07,.00)|(4906.41,.00)|(4826.10,.00)|-0.20|1.00|0.00|(4828.07,.00)|(1.00,.00)|4827.066307442627|24.586499776486363|0|null|2.5710881726369794|0|null|false|0|false
128.75|(4810.03,.35)|(1.00,.06)|4809.033015488114|24.586499776486363|4809|0|0|(4820.03,.00)|(4908.38,.00)|(4828.07,.00)|-0.35|1.00|0.00|(4830.03,.00)|(1.00,.00)|4829.033015488114|24.586499776486363|0|null|2.596603489604369|0|null|false|0|false
128.80|(4812.00,.44)|(1.00,.05)|4811.000140911699|24.586499776486363|4811|0|0|(4822.00,.00)|(4910.35,.00)|(4830.03,.00)|-0.35|1.00|0.00|(4832.00,.00)|(1.00,.00)|4831.000140911699|24.586499776486363|0|null|2.6198907060955503|0|null|false|0|false
128.85|(4813.97,.52)|(1.00,.05)|4812.967650253562|24.586499776486363|4812|0|0|(4823.97,.00)|(4912.31,.00)|(4832.00,.00)|-0.35|1.00|0.00|(4833.97,.00)|(1.00,.00)|4832.967650253562|24.586499776486363|0|null|2.6409200025967676|0|null|false|0|false
128.90|(4815.94,.58)|(1.00,.05)|4814.9355082853435|24.586499776486363|4814|0|0|(4825.94,.00)|(4914.28,.00)|(4833.97,.00)|-0.35|1.00|0.00|(4835.94,.00)|(1.00,.00)|4834.9355082853435|24.586499776486363|0|null|2.659667208185116|0|null|false|0|false
128.95|(4817.90,.64)|(1.00,.04)|4816.903671945429|24.586499776486363|4816|0|0|(4827.90,.00)|(4916.25,.00)|(4835.94,.00)|-0.45|1.00|0.00|(4837.90,.00)|(1.00,.00)|4836.903671945429|24.586499776486363|0|null|2.6743815648063203|0|null|false|0|false
129.00|(4819.87,.68)|(1.00,.04)|4818.872143184878|24.586499776486363|4818|0|0|(4829.87,.00)|(4918.22,.00)|(4837.90,.00)|-0.45|1.00|0.00|(4839.87,.00)|(1.00,.00)|4838.872143184878|24.586499776486363|0|null|2.686186975307595|0|null|false|0|false
129.05|(4821.84,.71)|(1.00,.03)|4820.840861581515|24.586499776486363|4820|0|0|(4831.84,.00)|(4920.19,.00)|(4839.87,.00)|-0.45|1.00|0.00|(4841.84,.00)|(1.00,.00)|4840.840861581515|24.586499776486363|0|null|2.695069131575774|0|null|false|0|false
129.10|(4823.81,.73)|(1.00,.03)|4822.809749068497|24.586499776486363|4822|0|0|(4833.81,.00)|(4922.16,.00)|(4841.84,.00)|-0.47|1.00|0.00|(4843.81,.00)|(1.00,.00)|4842.809749068497|24.586499776486363|0|null|2.700765416071419|0|null|false|0|false
129.15|(4825.78,.74)|(1.00,.02)|4824.778759012633|24.586499776486363|4824|0|0|(4835.78,.00)|(4924.12,.00)|(4843.81,.00)|-0.47|1.00|0.00|(4845.78,.00)|(1.00,.00)|4844.778759012633|24.586499776486363|0|null|2.703438089885744|0|null|false|0|false
129.20|(4827.75,.74)|(1.00,.02)|4826.74782616232|24.586499776486363|4826|0|0|(4837.75,.00)|(4926.09,.00)|(4845.78,.00)|-0.47|1.00|0.00|(4847.75,.00)|(1.00,.00)|4846.74782616232|24.586499776486363|0|null|2.703086557156606|0|null|false|0|false
129.25|(4829.72,.73)|(1.00,.01)|4828.716885544887|24.586499776486363|4828|0|0|(4839.72,.00)|(4928.06,.00)|(4847.75,.00)|-0.47|1.00|0.00|(4849.72,.00)|(1.00,.00)|4848.716885544887|24.586499776486363|0|null|2.6997143179820684|0|null|false|0|false
129.30|(4831.69,.71)|(1.00,.01)|4830.685872764066|24.586499776486363|4830|0|0|(4841.69,.00)|(4930.03,.00)|(4849.72,.00)|-0.47|1.00|0.00|(4851.69,.00)|(1.00,.00)|4850.685872764066|24.586499776486363|0|null|2.6933285057887|0|null|false|0|false
129.35|(4833.65,.67)|(1.00,.00)|4832.654724249446|24.586499776486363|4832|0|0|(4843.65,.00)|(4932.00,.00)|(4851.69,.00)|-0.47|1.00|0.00|(4853.65,.00)|(1.00,.00)|4852.654724249446|24.586499776486363|0|null|2.6839394100597658|0|null|false|0|false
129.40|(4835.62,.63)|(1.00,-.00)|4834.6233774558605|24.586499776486363|4834|0|0|(4845.62,.00)|(4933.97,.00)|(4853.65,.00)|-0.47|1.00|0.00|(4855.62,.00)|(1.00,.00)|4854.6233774558605|24.586499776486363|0|null|2.671559989709818|0|null|false|0|false
129.45|(4837.59,.57)|(1.00,-.01)|4836.5917710118|24.586499776486363|4836|0|0|(4847.59,.00)|(4935.94,.00)|(4855.62,.00)|-0.47|1.00|0.00|(4857.59,.00)|(1.00,.00)|4856.5917710118|24.586499776486363|0|null|2.6562053828258505|0|null|false|0|false
129.50|(4839.56,.50)|(1.00,-.02)|4838.559844817169|24.586499776486363|4838|0|0|(4849.56,.00)|(4937.91,.00)|(4857.59,.00)|-0.47|1.00|0.00|(4859.56,.00)|(1.00,.00)|4858.559844817169|24.586499776486363|0|null|2.637892418806911|0|null|false|0|false
129.55|(4841.53,.43)|(1.00,-.02)|4840.527540091805|24.586499776486363|4840|0|0|(4851.53,.00)|(4939.87,.00)|(4859.56,.00)|-0.47|1.00|0.00|(4861.53,.00)|(1.00,.00)|4860.527540091805|24.586499776486363|0|null|2.616639139114518|0|null|false|0|false
129.60|(4843.49,.34)|(1.00,-.03)|4842.494799377269|24.586499776486363|4842|0|0|(4853.49,.00)|(4941.84,.00)|(4861.53,.00)|-0.47|1.00|0.00|(4863.49,.00)|(1.00,.00)|4862.494799377269|24.586499776486363|0|null|2.592464332889625|0|null|false|0|false
129.65|(4845.46,.24)|(1.00,-.03)|4844.461566495371|24.586499776486363|4844|0|0|(4855.46,.00)|(4943.81,.00)|(4863.49,.00)|-0.47|1.00|0.00|(4865.46,.00)|(1.00,.00)|4864.461566495371|24.586499776486363|0|null|2.5653870935957213|0|null|false|0|false
129.70|(4847.43,.13)|(1.00,-.04)|4846.427786467798|24.586499776486363|4846|0|0|(4857.43,.00)|(4945.77,.00)|(4865.46,.00)|-0.47|1.00|0.00|(4867.43,.00)|(1.00,.00)|4866.427786467798|24.586499776486363|0|null|2.535426402613047|0|null|false|0|false
129.75|(4849.39,.01)|(1.00,-.04)|4848.393405401928|24.586499776486363|4848|0|0|(4859.39,.00)|(4947.74,.00)|(4867.43,.00)|-0.47|1.00|0.00|(4869.39,.00)|(1.00,.00)|4868.393405401928|24.586499776486363|0|null|2.502600745340045|0|null|false|0|false
129.80|(4851.36,-.12)|(1.00,-.05)|4850.358370348513|24.586499776486363|4850|0|0|(4861.36,.00)|(4949.70,.00)|(4869.39,.00)|-0.47|1.00|0.00|(4871.36,.00)|(1.00,.00)|4870.358370348513|24.586499776486363|0|null|2.4669277648626053|0|null|false|0|false
129.85|(4853.32,-.26)|(1.00,-.06)|4852.32262913737|24.586499776486363|4852|0|0|(4863.32,.00)|(4951.67,.00)|(4871.36,.00)|-0.47|1.00|0.00|(4873.32,.00)|(1.00,.00)|4872.32262913737|24.586499776486363|0|null|2.4284239576396525|0|null|false|0|false
129.90|(4855.29,-.41)|(1.00,-.06)|4854.286130197517|24.586499776486363|4854|0|0|(4865.29,.00)|(4953.63,.00)|(4873.32,.00)|-0.47|1.00|0.00|(4875.29,.00)|(1.00,.00)|4874.286130197517|24.586499776486363|0|null|2.3871044149381992|0|null|false|0|false
129.95|(4857.25,-.57)|(1.00,-.07)|4856.248822368287|24.586499776486363|4856|0|0|(4867.25,.00)|(4955.59,.00)|(4875.29,.00)|-0.47|1.00|0.00|(4877.25,.00)|(1.00,.00)|4876.248822368287|24.586499776486363|0|null|2.3429826129474107|0|null|false|0|false
130.00|(4859.21,-.75)|(1.00,-.07)|4858.210654707982|24.586499776486363|4858|0|0|(4869.21,.00)|(4957.56,.00)|(4877.25,.00)|-0.47|1.00|0.00|(4879.21,.00)|(1.00,.00)|4878.210654707982|24.586499776486363|0|null|2.296070253626742|0|null|false|0|false
130.05|(4861.17,-.93)|(1.00,-.08)|4860.171576306419|24.586499776486363|4860|0|0|(4871.17,.00)|(4959.52,.00)|(4879.21,.00)|-0.47|1.00|0.00|(4881.17,.00)|(1.00,.00)|4880.171576306419|24.586499776486363|0|null|2.246377157416628|0|null|false|0|false
130.10|(4863.14,-1.07)|(1.00,-.07)|4862.135249681501|24.586499776486363|4862|0|0|(4873.14,.00)|(4961.48,.00)|(4881.17,.00)|0.38|1.00|0.00|(4883.14,.00)|(1.00,.00)|4882.135249681501|24.586499776486363|0|null|2.208576954268486|0|null|false|0|false
130.15|(4865.10,-1.20)|(1.00,-.07)|4864.099570019884|24.586499776486363|4864|0|0|(4875.10,.00)|(4963.45,.00)|(4883.14,.00)|0.38|1.00|0.00|(4885.10,.00)|(1.00,.00)|4884.099570019884|24.586499776486363|0|null|2.1730380531686846|0|null|false|0|false
130.20|(4867.06,-1.32)|(1.00,-.07)|4866.064507224542|24.586499776486363|4866|0|0|(4877.06,.00)|(4965.41,.00)|(4885.10,.00)|0.38|1.00|0.00|(4887.06,.00)|(1.00,.00)|4886.064507224542|24.586499776486363|0|null|2.1398108424662388|0|null|false|0|false
130.25|(4869.03,-1.40)|(1.00,-.06)|4868.030044997882|24.586499776486363|4868|0|0|(4879.03,.00)|(4967.38,.00)|(4887.06,.00)|0.86|1.00|0.00|(4889.03,.00)|(1.00,.00)|4888.030044997882|24.586499776486363|0|null|2.1172404834987217|0|null|false|0|false
130.30|(4871.00,-1.46)|(1.00,-.05)|4869.996449511468|24.586499776486363|4869|0|0|(4881.00,.00)|(4969.34,.00)|(4889.03,.00)|0.86|1.00|0.00|(4891.00,.00)|(1.00,.00)|4889.996449511468|24.586499776486363|0|null|2.0999088051478454|0|null|false|0|false
130.35|(4872.96,-1.51)|(1.00,-.05)|4871.96352596418|24.586499776486363|4871|0|0|(4882.96,.00)|(4971.31,.00)|(4891.00,.00)|0.86|1.00|0.00|(4892.96,.00)|(1.00,.00)|4891.96352596418|24.586499776486363|0|null|2.0878752610441547|0|null|false|0|false
130.40|(4874.93,-1.53)|(1.00,-.04)|4873.931073682382|24.586499776486363|4873|0|0|(4884.93,.00)|(4973.28,.00)|(4892.96,.00)|0.86|1.00|0.00|(4894.93,.00)|(1.00,.00)|4893.931073682382|24.586499776486363|0|null|2.0811905255698213|0|null|false|0|false
130.45|(4876.90,-1.54)|(1.00,-.03)|4875.898865081182|24.586499776486363|4875|0|0|(4886.90,.00)|(4975.24,.00)|(4894.93,.00)|0.87|1.00|0.00|(4896.90,.00)|(1.00,.00)|4895.898865081182|24.586499776486363|0|null|2.080013087453511|0|null|false|0|false
130.50|(4878.87,-1.52)|(1.00,-.02)|4877.866708996229|24.586499776486363|4877|0|0|(4888.87,.00)|(4977.21,.00)|(4896.90,.00)|0.87|1.00|0.00|(4898.87,.00)|(1.00,.00)|4897.866708996229|24.586499776486363|0|null|2.084302224883122|0|null|false|0|false
130.55|(4880.83,-1.49)|(1.00,-.01)|4879.834390334092|24.586499776486363|4879|0|0|(4890.83,.00)|(4979.18,.00)|(4898.87,.00)|0.87|1.00|0.00|(4900.83,.00)|(1.00,.00)|4899.834390334092|24.586499776486363|0|null|2.0940871157721235|0|null|false|0|false
130.60|(4882.80,-1.44)|(1.00,-.00)|4881.802282720682|24.586499776486363|4881|0|0|(4892.80,.00)|(4981.15,.00)|(4900.83,.00)|0.74|1.00|0.00|(4902.80,.00)|(1.00,.00)|4901.802282720682|24.586499776486363|0|null|2.107108704066045|0|null|false|0|false
130.65|(4884.77,-1.37)|(1.00,.01)|4883.769741258287|24.586499776486363|4883|0|0|(4894.77,.00)|(4983.12,.00)|(4902.80,.00)|0.74|1.00|0.00|(4904.77,.00)|(1.00,.00)|4903.769741258287|24.586499776486363|0|null|2.1248837199830723|0|null|false|0|false
130.70|(4886.74,-1.29)|(1.00,.01)|4885.736604563823|24.586499776486363|4885|0|0|(4896.74,.00)|(4985.08,.00)|(4904.77,.00)|0.74|1.00|0.00|(4906.74,.00)|(1.00,.00)|4905.736604563823|24.586499776486363|0|null|2.1474193356158082|0|null|false|0|false
130.75|(4888.70,-1.20)|(1.00,.02)|4887.703662811038|24.586499776486363|4887|0|0|(4898.70,.00)|(4987.05,.00)|(4906.74,.00)|0.54|1.00|0.00|(4908.70,.00)|(1.00,.00)|4907.703662811038|24.586499776486363|0|null|2.1713437516024507|0|null|false|0|false
130.80|(4890.67,-1.10)|(1.00,.03)|4889.670120608409|24.586499776486363|4889|0|0|(4900.67,.00)|(4989.02,.00)|(4908.70,.00)|0.54|1.00|0.00|(4910.67,.00)|(1.00,.00)|4909.670120608409|24.586499776486363|0|null|2.1988761008810958|0|null|false|0|false
130.85|(4892.64,-.99)|(1.00,.03)|4891.635887470319|24.586499776486363|4891|0|0|(4902.64,.00)|(4990.98,.00)|(4910.67,.00)|0.54|1.00|0.00|(4912.64,.00)|(1.00,.00)|4911.635887470319|24.586499776486363|0|null|2.230007384348899|0|null|false|0|false
130.90|(4894.60,-.86)|(1.00,.04)|4893.600873843271|24.586499776486363|4893|0|0|(4904.60,.00)|(4992.95,.00)|(4912.64,.00)|0.54|1.00|0.00|(4914.60,.00)|(1.00,.00)|4913.600873843271|24.586499776486363|0|null|2.2647287806261125|0|null|false|0|false
130.95|(4896.56,-.72)|(1.00,.05)|4895.56499094898|24.586499776486363|4895|0|0|(4906.56,.00)|(4994.91,.00)|(4914.60,.00)|0.54|1.00|0.00|(4916.56,.00)|(1.00,.00)|4915.56499094898|24.586499776486363|0|null|2.3030319684752176|0|null|false|0|false
131.00|(4898.53,-.59)|(1.00,.05)|4897.529725375711|24.586499776486363|4897|0|0|(4908.53,.00)|(4996.88,.00)|(4916.56,.00)|0.24|1.00|0.00|(4918.53,.00)|(1.00,.00)|4917.529725375711|24.586499776486363|0|null|2.339644093921293|0|null|false|0|false
131.05|(4900.49,-.45)|(1.00,.06)|4899.494030465636|24.586499776486363|4899|0|0|(4910.49,.00)|(4998.84,.00)|(4918.53,.00)|0.24|1.00|0.00|(4920.49,.00)|(1.00,.00)|4919.494030465636|24.586499776486363|0|null|2.378017338679391|0|null|false|0|false
131.10|(4902.46,-.30)|(1.00,.06)|4901.457888557757|24.586499776486363|4901|0|0|(4912.46,.00)|(5000.80,.00)|(4920.49,.00)|0.24|1.00|0.00|(4922.46,.00)|(1.00,.00)|4921.457888557757|24.586499776486363|0|null|2.41813104959966|0|null|false|0|false
131.15|(4904.42,-.17)|(1.00,.06)|4903.422598420103|24.586499776486363|4903|0|0|(4914.42,.00)|(5002.77,.00)|(4922.46,.00)|-0.10|1.00|0.00|(4924.42,.00)|(1.00,.00)|4923.422598420103|24.586499776486363|0|null|2.454134063354219|0|null|false|0|false
131.20|(4906.39,-.04)|(1.00,.06)|4905.387421443709|24.586499776486363|4905|0|0|(4916.39,.00)|(5004.73,.00)|(4924.42,.00)|-0.10|1.00|0.00|(4926.39,.00)|(1.00,.00)|4925.387421443709|24.586499776486363|0|null|2.489844967428965|0|null|false|0|false
131.25|(4908.35,.09)|(1.00,.06)|4907.352360694466|24.586499776486363|4907|0|0|(4918.35,.00)|(5006.70,.00)|(4926.39,.00)|-0.10|1.00|0.00|(4928.35,.00)|(1.00,.00)|4927.352360694466|24.586499776486363|0|null|2.525234069999972|0|null|false|0|false
131.30|(4910.32,.21)|(1.00,.06)|4909.317899231074|24.586499776486363|4909|0|0|(4920.32,.00)|(5008.66,.00)|(4928.35,.00)|-0.31|1.00|0.00|(4930.32,.00)|(1.00,.00)|4929.317899231074|24.586499776486363|0|null|2.556726848322974|0|null|false|0|false
131.35|(4912.28,.32)|(1.00,.06)|4911.283826522606|24.586499776486363|4911|0|0|(4922.28,.00)|(5010.63,.00)|(4930.32,.00)|-0.31|1.00|0.00|(4932.28,.00)|(1.00,.00)|4931.283826522606|24.586499776486363|0|null|2.5866349995261007|0|null|false|0|false
131.40|(4914.25,.42)|(1.00,.06)|4913.250125954108|24.586499776486363|4913|0|0|(4924.25,.00)|(5012.60,.00)|(4932.28,.00)|-0.31|1.00|0.00|(4934.25,.00)|(1.00,.00)|4933.250125954108|24.586499776486363|0|null|2.614930357934192|0|null|false|0|false
131.45|(4916.22,.52)|(1.00,.06)|4915.216779409823|24.586499776486363|4915|0|0|(4926.22,.00)|(5014.56,.00)|(4934.25,.00)|-0.31|1.00|0.00|(4936.22,.00)|(1.00,.00)|4935.216779409823|24.586499776486363|0|null|2.6415895838462866|0|null|false|0|false
131.50|(4918.18,.61)|(1.00,.05)|4917.183767538903|24.586499776486363|4917|0|0|(4928.18,.00)|(5016.53,.00)|(4936.22,.00)|-0.31|1.00|0.00|(4938.18,.00)|(1.00,.00)|4937.183767538903|24.586499776486363|0|null|2.666593631695916|0|null|false|0|false
131.55|(4920.15,.68)|(1.00,.05)|4919.15118516793|24.586499776486363|4919|0|0|(4930.15,.00)|(5018.50,.00)|(4938.18,.00)|-0.49|1.00|0.00|(4940.15,.00)|(1.00,.00)|4939.15118516793|24.586499776486363|0|null|2.686760090261093|0|null|false|0|false
131.60|(4922.12,.75)|(1.00,.05)|4921.119016643695|24.586499776486363|4921|0|0|(4932.12,.00)|(5020.47,.00)|(4940.15,.00)|-0.49|1.00|0.00|(4942.12,.00)|(1.00,.00)|4941.119016643695|24.586499776486363|0|null|2.7041570908014743|0|null|false|0|false
131.65|(4924.09,.80)|(1.00,.04)|4923.087206038936|24.586499776486363|4923|0|0|(4934.09,.00)|(5022.43,.00)|(4942.12,.00)|-0.49|1.00|0.00|(4944.09,.00)|(1.00,.00)|4943.087206038936|24.586499776486363|0|null|2.7187647332649107|0|null|false|0|false
131.70|(4926.06,.84)|(1.00,.04)|4925.055631016158|24.586499776486363|4925|0|0|(4936.06,.00)|(5024.40,.00)|(4944.09,.00)|-0.57|1.00|0.00|(4946.06,.00)|(1.00,.00)|4945.055631016158|24.586499776486363|0|null|2.7291726727866528|0|null|false|0|false
131.75|(4928.02,.86)|(1.00,.03)|4927.024306916872|24.586499776486363|4927|0|0|(4938.02,.00)|(5026.37,.00)|(4946.06,.00)|-0.57|1.00|0.00|(4948.02,.00)|(1.00,.00)|4947.024306916872|24.586499776486363|0|null|2.7362822230001167|0|null|false|0|false
131.80|(4929.99,.88)|(1.00,.03)|4928.993154644158|24.586499776486363|4928|0|0|(4939.99,.00)|(5028.34,.00)|(4948.02,.00)|-0.57|1.00|0.00|(4949.99,.00)|(1.00,.00)|4948.993154644158|24.586499776486363|0|null|2.740077051835589|0|null|false|0|false
131.85|(4931.96,.88)|(1.00,.02)|4930.9621386155295|24.586499776486363|4930|0|0|(4941.96,.00)|(5030.31,.00)|(4949.99,.00)|-0.55|1.00|0.00|(4951.96,.00)|(1.00,.00)|4950.9621386155295|24.586499776486363|0|null|2.7409586768638023|0|null|false|0|false
131.90|(4933.93,.87)|(1.00,.01)|4932.9311435447|24.586499776486363|4932|0|0|(4943.93,.00)|(5032.28,.00)|(4951.96,.00)|-0.55|1.00|0.00|(4953.93,.00)|(1.00,.00)|4952.9311435447|24.586499776486363|0|null|2.738641492722092|0|null|false|0|false
131.95|(4935.90,.85)|(1.00,.01)|4934.900095378878|24.586499776486363|4934|0|0|(4945.90,.00)|(5034.25,.00)|(4953.93,.00)|-0.55|1.00|0.00|(4955.90,.00)|(1.00,.00)|4954.900095378878|24.586499776486363|0|null|2.7331152678473747|0|null|false|0|false
132.00|(4937.87,.82)|(1.00,.00)|4936.868919785512|24.586499776486363|4936|0|0|(4947.87,.00)|(5036.21,.00)|(4955.90,.00)|-0.55|1.00|0.00|(4957.87,.00)|(1.00,.00)|4956.868919785512|24.586499776486363|0|null|2.7243702707524458|0|null|false|0|false
132.05|(4939.84,.78)|(1.00,-.00)|4938.837542141557|24.586499776486363|4938|0|0|(4949.84,.00)|(5038.18,.00)|(4957.87,.00)|-0.55|1.00|0.00|(4959.84,.00)|(1.00,.00)|4958.837542141557|24.586499776486363|0|null|2.7123968994267966|0|null|false|0|false
132.10|(4941.81,.72)|(1.00,-.01)|4940.805887485055|24.586499776486363|4940|0|0|(4951.81,.00)|(5040.15,.00)|(4959.84,.00)|-0.55|1.00|0.00|(4961.81,.00)|(1.00,.00)|4960.805887485055|24.586499776486363|0|null|2.6971853678229465|0|null|false|0|false
132.15|(4943.77,.65)|(1.00,-.01)|4942.773880436866|24.586499776486363|4942|0|0|(4953.77,.00)|(5042.12,.00)|(4961.81,.00)|-0.55|1.00|0.00|(4963.77,.00)|(1.00,.00)|4962.773880436866|24.586499776486363|0|null|2.6787254513509215|0|null|false|0|false
132.20|(4945.74,.57)|(1.00,-.02)|4944.741445100739|24.586499776486363|4944|0|0|(4955.74,.00)|(5044.09,.00)|(4963.77,.00)|-0.55|1.00|0.00|(4965.74,.00)|(1.00,.00)|4964.741445100739|24.586499776486363|0|null|2.657006292264615|0|null|false|0|false
132.25|(4947.71,.48)|(1.00,-.03)|4946.7085049499665|24.586499776486363|4946|0|0|(4957.71,.00)|(5046.05,.00)|(4965.74,.00)|-0.55|1.00|0.00|(4967.71,.00)|(1.00,.00)|4966.7085049499665|24.586499776486363|0|null|2.6320162647692866|0|null|false|0|false
132.30|(4949.67,.38)|(1.00,-.03)|4948.674982708742|24.586499776486363|4948|0|0|(4959.67,.00)|(5048.02,.00)|(4967.71,.00)|-0.55|1.00|0.00|(4969.67,.00)|(1.00,.00)|4968.674982708742|24.586499776486363|0|null|2.6037428986300872|0|null|false|0|false
132.35|(4951.64,.26)|(1.00,-.04)|4950.64080023597|24.586499776486363|4950|0|0|(4961.64,.00)|(5049.99,.00)|(4969.67,.00)|-0.55|1.00|0.00|(4971.64,.00)|(1.00,.00)|4970.64080023597|24.586499776486363|0|null|2.5721728590379884|0|null|false|0|false
132.40|(4953.61,.14)|(1.00,-.05)|4952.605878418745|24.586499776486363|4952|0|0|(4963.61,.00)|(5051.95,.00)|(4971.64,.00)|-0.55|1.00|0.00|(4973.61,.00)|(1.00,.00)|4972.605878418745|24.586499776486363|0|null|2.5372919795123794|0|null|false|0|false
132.45|(4955.57,-.00)|(1.00,-.05)|4954.570137082007|24.586499776486363|4954|0|0|(4965.57,.00)|(5053.92,.00)|(4973.61,.00)|-0.55|1.00|0.00|(4975.57,.00)|(1.00,.00)|4974.570137082007|24.586499776486363|0|null|2.499085343708774|0|null|false|0|false
132.50|(4957.53,-.16)|(1.00,-.06)|4956.533494920024|24.586499776486363|4956|0|0|(4967.53,.00)|(5055.88,.00)|(4975.57,.00)|-0.55|1.00|0.00|(4977.53,.00)|(1.00,.00)|4976.533494920024|24.586499776486363|0|null|2.457537411174199|0|null|false|0|false
132.55|(4959.50,-.32)|(1.00,-.06)|4958.495869454386|24.586499776486363|4958|0|0|(4969.50,.00)|(5057.84,.00)|(4977.53,.00)|-0.55|1.00|0.00|(4979.50,.00)|(1.00,.00)|4978.495869454386|24.586499776486363|0|null|2.412632181369058|0|null|false|0|false
132.60|(4961.46,-.50)|(1.00,-.07)|4960.457177022082|24.586499776486363|4960|0|0|(4971.46,.00)|(5059.80,.00)|(4979.50,.00)|-0.55|1.00|0.00|(4981.46,.00)|(1.00,.00)|4980.457177022082|24.586499776486363|0|null|2.364353389667774|0|null|false|0|false
132.65|(4963.42,-.69)|(1.00,-.08)|4962.417332796124|24.586499776486363|4962|0|0|(4973.42,.00)|(5061.76,.00)|(4981.46,.00)|-0.55|1.00|0.00|(4983.42,.00)|(1.00,.00)|4982.417332796124|24.586499776486363|0|null|2.3126847285741583|0|null|false|0|false
132.70|(4965.38,-.89)|(1.00,-.08)|4964.376250839929|24.586499776486363|4964|0|0|(4975.38,.00)|(5063.72,.00)|(4983.42,.00)|-0.55|1.00|0.00|(4985.38,.00)|(1.00,.00)|4984.376250839929|24.586499776486363|0|null|2.2576100870513813|0|null|false|0|false
132.75|(4967.33,-1.10)|(1.00,-.09)|4966.333844195458|24.586499776486363|4966|0|0|(4977.33,.00)|(5065.68,.00)|(4985.38,.00)|-0.55|1.00|0.00|(4987.33,.00)|(1.00,.00)|4986.333844195458|24.586499776486363|0|null|2.1991138006779654|0|null|false|0|false
132.80|(4969.30,-1.27)|(1.00,-.09)|4968.295236042046|24.586499776486363|4968|0|0|(4979.30,.00)|(5067.64,.00)|(4987.33,.00)|0.42|1.00|0.00|(4989.30,.00)|(1.00,.00)|4988.295236042046|24.586499776486363|0|null|2.153773360833231|0|null|false|0|false
132.85|(4971.26,-1.42)|(1.00,-.09)|4970.257408872609|24.586499776486363|4970|0|0|(4981.26,.00)|(5069.60,.00)|(4989.30,.00)|0.42|1.00|0.00|(4991.26,.00)|(1.00,.00)|4990.257408872609|24.586499776486363|0|null|2.110667628040009|0|null|false|0|false
132.90|(4973.22,-1.57)|(1.00,-.08)|4972.22032932832|24.586499776486363|4972|0|0|(4983.22,.00)|(5071.57,.00)|(4991.26,.00)|0.42|1.00|0.00|(4993.22,.00)|(1.00,.00)|4992.22032932832|24.586499776486363|0|null|2.0698352315637636|0|null|false|0|false
132.95|(4975.18,-1.72)|(1.00,-.08)|4974.183961760753|24.586499776486363|4974|0|0|(4985.18,.00)|(5073.53,.00)|(4993.22,.00)|0.42|1.00|0.00|(4995.18,.00)|(1.00,.00)|4994.183961760753|24.586499776486363|0|null|2.0313102989887155|0|null|false|0|false
133.00|(4977.15,-1.81)|(1.00,-.07)|4976.148433726344|24.586499776486363|4976|0|0|(4987.15,.00)|(5075.49,.00)|(4995.18,.00)|1.03|1.00|0.00|(4997.15,.00)|(1.00,.00)|4996.148433726344|24.586499776486363|0|null|2.0056913009247292|0|null|false|0|false
133.05|(4979.11,-1.88)|(1.00,-.06)|4978.114030432696|24.586499776486363|4978|0|0|(4989.11,.00)|(5077.46,.00)|(4997.15,.00)|1.03|1.00|0.00|(4999.11,.00)|(1.00,.00)|4998.114030432696|24.586499776486363|0|null|1.9860592840008247|0|null|false|0|false
133.10|(4981.08,-1.93)|(1.00,-.05)|4980.080494070583|24.586499776486363|4980|0|0|(4991.08,.00)|(5079.43,.00)|(4999.11,.00)|1.03|1.00|0.00|(5001.08,.00)|(1.00,.00)|5000.080494070583|24.586499776486363|0|null|1.9724751033261554|0|null|false|0|false
133.15|(4983.05,-1.96)|(1.00,-.04)|4982.047560631038|24.586499776486363|4982|0|0|(4993.05,.00)|(5081.39,.00)|(5001.08,.00)|1.03|1.00|0.00|(5003.05,.00)|(1.00,.00)|5002.047560631038|24.586499776486363|0|null|1.9649928104095862|0|null|false|0|false
133.20|(4985.01,-1.96)|(1.00,-.03)|4984.014926292334|24.586499776486363|4984|0|0|(4995.01,.00)|(5083.36,.00)|(5003.05,.00)|1.04|1.00|0.00|(5005.01,.00)|(1.00,.00)|5004.014926292334|24.586499776486363|0|null|1.963821614533095|0|null|false|0|false
133.25|(4986.98,-1.94)|(1.00,-.02)|4985.982345146241|24.586499776486363|4985|0|0|(4996.98,.00)|(5085.33,.00)|(5005.01,.00)|1.04|1.00|0.00|(5006.98,.00)|(1.00,.00)|5005.982345146241|24.586499776486363|0|null|1.968897954814085|0|null|false|0|false
133.30|(4988.95,-1.90)|(1.00,-.01)|4987.949534784538|24.586499776486363|4987|0|0|(4998.95,.00)|(5087.30,.00)|(5006.98,.00)|1.04|1.00|0.00|(5008.95,.00)|(1.00,.00)|5007.949534784538|24.586499776486363|0|null|1.98025968813841|0|null|false|0|false
133.35|(4990.92,-1.85)|(1.00,-.00)|4989.916994108743|24.586499776486363|4989|0|0|(5000.92,.00)|(5089.26,.00)|(5008.95,.00)|0.88|1.00|0.00|(5010.92,.00)|(1.00,.00)|5009.916994108743|24.586499776486363|0|null|1.9952504146963532|0|null|false|0|false
133.40|(4992.88,-1.77)|(1.00,.01)|4991.8838749085635|24.586499776486363|4991|0|0|(5002.88,.00)|(5091.23,.00)|(5010.92,.00)|0.88|1.00|0.00|(5012.88,.00)|(1.00,.00)|5011.8838749085635|24.586499776486363|0|null|2.0156651876059137|0|null|false|0|false
133.45|(4994.85,-1.68)|(1.00,.02)|4993.849965272322|24.586499776486363|4993|0|0|(5004.85,.00)|(5093.20,.00)|(5012.88,.00)|0.88|1.00|0.00|(5014.85,.00)|(1.00,.00)|5013.849965272322|24.586499776486363|0|null|2.0415216675477437|0|null|false|0|false
133.50|(4996.82,-1.58)|(1.00,.02)|4995.816283601033|24.586499776486363|4995|0|0|(5006.82,.00)|(5095.16,.00)|(5014.85,.00)|0.66|1.00|0.00|(5016.82,.00)|(1.00,.00)|5015.816283601033|24.586499776486363|0|null|2.0689706154298486|0|null|false|0|false
133.55|(4998.78,-1.46)|(1.00,.03)|4997.781804887524|24.586499776486363|4997|0|0|(5008.78,.00)|(5097.13,.00)|(5016.82,.00)|0.66|1.00|0.00|(5018.78,.00)|(1.00,.00)|5017.781804887524|24.586499776486363|0|null|2.100563076762861|0|null|false|0|false
133.60|(5000.75,-1.33)|(1.00,.04)|4999.746407406455|24.586499776486363|4999|0|0|(5010.75,.00)|(5099.09,.00)|(5018.78,.00)|0.66|1.00|0.00|(5020.75,.00)|(1.00,.00)|5019.746407406455|24.586499776486363|0|null|2.1362996915185404|0|null|false|0|false
133.65|(5002.71,-1.20)|(1.00,.05)|5001.711357191634|24.586499776486363|5001|0|0|(5012.71,.00)|(5101.06,.00)|(5020.75,.00)|0.40|1.00|0.00|(5022.71,.00)|(1.00,.00)|5021.711357191634|24.586499776486363|0|null|2.171689151420795|0|null|false|0|false
133.70|(5004.68,-1.06)|(1.00,.05)|5003.675680370697|24.586499776486363|5003|0|0|(5014.68,.00)|(5103.02,.00)|(5022.71,.00)|0.40|1.00|0.00|(5024.68,.00)|(1.00,.00)|5023.675680370697|24.586499776486363|0|null|2.209681785341817|0|null|false|0|false
133.75|(5006.64,-.91)|(1.00,.06)|5005.639331597503|24.586499776486363|5005|0|0|(5016.64,.00)|(5104.99,.00)|(5024.68,.00)|0.40|1.00|0.00|(5026.64,.00)|(1.00,.00)|5025.639331597503|24.586499776486363|0|null|2.2502642343620036|0|null|false|0|false
133.80|(5008.60,-.76)|(1.00,.06)|5007.602266252007|24.586499776486363|5007|0|0|(5018.60,.00)|(5106.95,.00)|(5026.64,.00)|0.40|1.00|0.00|(5028.60,.00)|(1.00,.00)|5027.602266252007|24.586499776486363|0|null|2.293424146763994|0|null|false|0|false
133.85|(5010.56,-.59)|(1.00,.07)|5009.5644403829465|24.586499776486363|5009|0|0|(5020.56,.00)|(5108.91,.00)|(5028.60,.00)|0.40|1.00|0.00|(5030.56,.00)|(1.00,.00)|5029.5644403829465|24.586499776486363|0|null|2.3391499007515693|0|null|false|0|false
133.90|(5012.53,-.43)|(1.00,.07)|5011.527539073719|24.586499776486363|5011|0|0|(5022.53,.00)|(5110.87,.00)|(5030.56,.00)|0.04|1.00|0.00|(5032.53,.00)|(1.00,.00)|5031.527539073719|24.586499776486363|0|null|2.3814036729429913|0|null|false|0|false
133.95|(5014.49,-.28)|(1.00,.07)|5013.4905394876305|24.586499776486363|5013|0|0|(5024.49,.00)|(5112.84,.00)|(5032.53,.00)|0.04|1.00|0.00|(5034.49,.00)|(1.00,.00)|5033.4905394876305|24.586499776486363|0|null|2.424134936900601|0|null|false|0|false
134.00|(5016.45,-.12)|(1.00,.07)|5015.453444799806|24.586499776486363|5015|0|0|(5026.45,.00)|(5114.80,.00)|(5034.49,.00)|0.04|1.00|0.00|(5036.45,.00)|(1.00,.00)|5035.453444799806|24.586499776486363|0|null|2.4673144148100956|0|null|false|0|false
134.05|(5018.42,.02)|(1.00,.07)|5017.4173802383375|24.586499776486363|5017|0|0|(5028.42,.00)|(5116.76,.00)|(5036.45,.00)|-0.30|1.00|0.00|(5038.42,.00)|(1.00,.00)|5037.4173802383375|24.586499776486363|0|null|2.504880136751003|0|null|false|0|false
134.10|(5020.38,.15)|(1.00,.07)|5019.381809574631|24.586499776486363|5019|0|0|(5030.38,.00)|(5118.73,.00)|(5038.42,.00)|-0.30|1.00|0.00|(5040.38,.00)|(1.00,.00)|5039.381809574631|24.586499776486363|0|null|2.5407718896785614|0|null|false|0|false
134.15|(5022.35,.27)|(1.00,.07)|5021.346716734053|24.586499776486363|5021|0|0|(5032.35,.00)|(5120.69,.00)|(5040.38,.00)|-0.30|1.00|0.00|(5042.35,.00)|(1.00,.00)|5041.346716734053|24.586499776486363|0|null|2.57494486430574|0|null|false|0|false
134.20|(5024.31,.38)|(1.00,.07)|5023.312316158778|24.586499776486363|5023|0|0|(5034.31,.00)|(5122.66,.00)|(5042.35,.00)|-0.48|1.00|0.00|(5044.31,.00)|(1.00,.00)|5043.312316158778|24.586499776486363|0|null|2.604372231311618|0|null|false|0|false
134.25|(5026.28,.48)|(1.00,.06)|5025.278535750794|24.586499776486363|5025|0|0|(5036.28,.00)|(5124.62,.00)|(5044.31,.00)|-0.48|1.00|0.00|(5046.28,.00)|(1.00,.00)|5045.278535750794|24.586499776486363|0|null|2.6309757960576823|0|null|false|0|false
134.30|(5028.25,.57)|(1.00,.06)|5027.24532044255|24.586499776486363|5027|0|0|(5038.25,.00)|(5126.59,.00)|(5046.28,.00)|-0.48|1.00|0.00|(5048.25,.00)|(1.00,.00)|5047.24532044255|24.586499776486363|0|null|2.6547081662062926|0|null|false|0|false
134.35|(5030.21,.64)|(1.00,.05)|5029.212612674503|24.586499776486363|5029|0|0|(5040.21,.00)|(5128.56,.00)|(5048.25,.00)|-0.48|1.00|0.00|(5050.21,.00)|(1.00,.00)|5049.212612674503|24.586499776486363|0|null|2.6755248992123932|0|null|false|0|false
134.40|(5032.18,.70)|(1.00,.05)|5031.180305452427|24.586499776486363|5031|0|0|(5042.18,.00)|(5130.53,.00)|(5050.21,.00)|-0.59|1.00|0.00|(5052.18,.00)|(1.00,.00)|5051.180305452427|24.586499776486363|0|null|2.6915076493330954|0|null|false|0|false
134.45|(5034.15,.75)|(1.00,.04)|5033.148416710965|24.586499776486363|5033|0|0|(5044.15,.00)|(5132.49,.00)|(5052.18,.00)|-0.59|1.00|0.00|(5054.15,.00)|(1.00,.00)|5053.148416710965|24.586499776486363|0|null|2.703849540126976|0|null|false|0|false
134.50|(5036.12,.78)|(1.00,.04)|5035.116851573752|24.586499776486363|5035|0|0|(5046.12,.00)|(5134.46,.00)|(5054.15,.00)|-0.59|1.00|0.00|(5056.12,.00)|(1.00,.00)|5055.116851573752|24.586499776486363|0|null|2.7125072195936255|0|null|false|0|false
134.55|(5038.09,.80)|(1.00,.03)|5037.08551253597|24.586499776486363|5037|0|0|(5048.09,.00)|(5136.43,.00)|(5056.12,.00)|-0.59|1.00|0.00|(5058.09,.00)|(1.00,.00)|5057.08551253597|24.586499776486363|0|null|2.717440155298511|0|null|false|0|false
134.60|(5040.05,.80)|(1.00,.02)|5039.054284206003|24.586499776486363|5039|0|0|(5050.05,.00)|(5138.40,.00)|(5058.09,.00)|-0.59|1.00|0.00|(5060.05,.00)|(1.00,.00)|5059.054284206003|24.586499776486363|0|null|2.7184827528904543|0|null|false|0|false
134.65|(5042.02,.79)|(1.00,.02)|5041.023076585338|24.586499776486363|5041|0|0|(5052.02,.00)|(5140.37,.00)|(5060.05,.00)|-0.59|1.00|0.00|(5062.02,.00)|(1.00,.00)|5061.023076585338|24.586499776486363|0|null|2.715683683484754|0|null|false|0|false
134.70|(5043.99,.76)|(1.00,.01)|5042.991783068437|24.586499776486363|5042|0|0|(5053.99,.00)|(5142.34,.00)|(5062.02,.00)|-0.59|1.00|0.00|(5063.99,.00)|(1.00,.00)|5062.991783068437|24.586499776486363|0|null|2.709009916757719|0|null|false|0|false
134.75|(5045.96,.73)|(1.00,.00)|5044.960295156934|24.586499776486363|5044|0|0|(5055.96,.00)|(5144.31,.00)|(5063.99,.00)|-0.59|1.00|0.00|(5065.96,.00)|(1.00,.00)|5064.960295156934|24.586499776486363|0|null|2.6984310660010054|0|null|false|0|false
134.80|(5047.93,.68)|(1.00,-.00)|5046.928995841184|24.586499776486363|5046|0|0|(5057.93,.00)|(5146.27,.00)|(5065.96,.00)|-0.44|1.00|0.00|(5067.93,.00)|(1.00,.00)|5066.928995841184|24.586499776486363|0|null|2.686641737205945|0|null|false|0|false
134.85|(5049.90,.63)|(1.00,-.01)|5048.897441678359|24.586499776486363|5048|0|0|(5059.90,.00)|(5148.24,.00)|(5067.93,.00)|-0.44|1.00|0.00|(5069.90,.00)|(1.00,.00)|5068.897441678359|24.586499776486363|0|null|2.671829457265937|0|null|false|0|false
134.90|(5051.87,.56)|(1.00,-.01)|5050.86556670037|24.586499776486363|5050|0|0|(5061.87,.00)|(5150.21,.00)|(5069.90,.00)|-0.44|1.00|0.00|(5071.87,.00)|(1.00,.00)|5070.86556670037|24.586499776486363|0|null|2.653980234093976|0|null|false|0|false
134.95|(5053.83,.50)|(1.00,-.02)|5052.833791722037|24.586499776486363|5052|0|0|(5063.83,.00)|(5152.18,.00)|(5071.87,.00)|-0.28|1.00|0.00|(5073.83,.00)|(1.00,.00)|5072.833791722037|24.586499776486363|0|null|2.6357701126284656|0|null|false|0|false
135.00|(5055.80,.42)|(1.00,-.02)|5054.80174820556|24.586499776486363|5054|0|0|(5065.80,.00)|(5154.15,.00)|(5073.83,.00)|-0.28|1.00|0.00|(5075.80,.00)|(1.00,.00)|5074.80174820556|24.586499776486363|0|null|2.6154236452041655|0|null|false|0|false
135.05|(5057.77,.34)|(1.00,-.03)|5056.769403827723|24.586499776486363|5056|0|0|(5067.77,.00)|(5156.12,.00)|(5075.80,.00)|-0.28|1.00|0.00|(5077.77,.00)|(1.00,.00)|5076.769403827723|24.586499776486363|0|null|2.5929408911374696|0|null|false|0|false
135.10|(5059.74,.25)|(1.00,-.03)|5058.73672664968|24.586499776486363|5058|0|0|(5069.74,.00)|(5158.08,.00)|(5077.77,.00)|-0.28|1.00|0.00|(5079.74,.00)|(1.00,.00)|5078.73672664968|24.586499776486363|0|null|2.5683231784639653|0|null|false|0|false
135.15|(5061.70,.15)|(1.00,-.04)|5060.70368519079|24.586499776486363|5060|0|0|(5071.70,.00)|(5160.05,.00)|(5079.74,.00)|-0.28|1.00|0.00|(5081.70,.00)|(1.00,.00)|5080.70368519079|24.586499776486363|0|null|2.541573286130512|0|null|false|0|false
135.20|(5063.67,.06)|(1.00,-.04)|5062.670949794108|24.586499776486363|5062|0|0|(5073.67,.00)|(5162.02,.00)|(5081.70,.00)|-0.06|1.00|0.00|(5083.67,.00)|(1.00,.00)|5082.670949794108|24.586499776486363|0|null|2.5165290011655763|0|null|false|0|false
135.25|(5065.64,-.03)|(1.00,-.04)|5064.638090401282|24.586499776486363|5064|0|0|(5075.64,.00)|(5163.98,.00)|(5083.67,.00)|-0.06|1.00|0.00|(5085.64,.00)|(1.00,.00)|5084.638090401282|24.586499776486363|0|null|2.490678731545561|0|null|false|0|false
135.30|(5067.61,-.13)|(1.00,-.04)|5066.6051045234135|24.586499776486363|5066|0|0|(5077.61,.00)|(5165.95,.00)|(5085.64,.00)|-0.06|1.00|0.00|(5087.61,.00)|(1.00,.00)|5086.6051045234135|24.586499776486363|0|null|2.4640422292672115|0|null|false|0|false
135.35|(5069.57,-.22)|(1.00,-.04)|5068.572505042918|24.586499776486363|5068|0|0|(5079.57,.00)|(5167.92,.00)|(5087.61,.00)|0.18|1.00|0.00|(5089.57,.00)|(1.00,.00)|5088.572505042918|24.586499776486363|0|null|2.4407720040427234|0|null|false|0|false
135.40|(5071.54,-.30)|(1.00,-.04)|5070.540040028707|24.586499776486363|5070|0|0|(5081.54,.00)|(5169.89,.00)|(5089.57,.00)|0.18|1.00|0.00|(5091.54,.00)|(1.00,.00)|5090.540040028707|24.586499776486363|0|null|2.418174881160371|0|null|false|0|false
135.45|(5073.51,-.38)|(1.00,-.04)|5072.507708444383|24.586499776486363|5072|0|0|(5083.51,.00)|(5171.85,.00)|(5091.54,.00)|0.18|1.00|0.00|(5093.51,.00)|(1.00,.00)|5092.507708444383|24.586499776486363|0|null|2.3962856969983655|0|null|false|0|false
135.50|(5075.48,-.45)|(1.00,-.04)|5074.475628825888|24.586499776486363|5074|0|0|(5085.48,.00)|(5173.82,.00)|(5093.51,.00)|0.30|1.00|0.00|(5095.48,.00)|(1.00,.00)|5094.475628825888|24.586499776486363|0|null|2.3772235940564843|0|null|false|0|false
135.55|(5077.44,-.51)|(1.00,-.04)|5076.4437674392275|24.586499776486363|5076|0|0|(5087.44,.00)|(5175.79,.00)|(5095.48,.00)|0.30|1.00|0.00|(5097.44,.00)|(1.00,.00)|5096.4437674392275|24.586499776486363|0|null|2.359652738392643|0|null|false|0|false
135.60|(5079.41,-.57)|(1.00,-.04)|5078.412109962394|24.586499776486363|5078|0|0|(5089.41,.00)|(5177.76,.00)|(5097.44,.00)|0.30|1.00|0.00|(5099.41,.00)|(1.00,.00)|5098.412109962394|24.586499776486363|0|null|2.3436128523987496|0|null|false|0|false
135.65|(5081.38,-.62)|(1.00,-.03)|5080.380644271056|24.586499776486363|5080|0|0|(5091.38,.00)|(5179.73,.00)|(5099.41,.00)|0.38|1.00|0.00|(5101.38,.00)|(1.00,.00)|5100.380644271056|24.586499776486363|0|null|2.3305334413666605|0|null|false|0|false
135.70|(5083.35,-.66)|(1.00,-.03)|5082.349379813867|24.586499776486363|5082|0|0|(5093.35,.00)|(5181.70,.00)|(5101.38,.00)|0.38|1.00|0.00|(5103.35,.00)|(1.00,.00)|5102.349379813867|24.586499776486363|0|null|2.319538055694008|0|null|false|0|false
135.75|(5085.32,-.69)|(1.00,-.03)|5084.318286146944|24.586499776486363|5084|0|0|(5095.32,.00)|(5183.66,.00)|(5103.35,.00)|0.38|1.00|0.00|(5105.32,.00)|(1.00,.00)|5104.318286146944|24.586499776486363|0|null|2.3106669230916035|0|null|false|0|false
135.80|(5087.29,-.72)|(1.00,-.02)|5086.2873313474865|24.586499776486363|5086|0|0|(5097.29,.00)|(5185.63,.00)|(5105.32,.00)|0.38|1.00|0.00|(5107.29,.00)|(1.00,.00)|5106.2873313474865|24.586499776486363|0|null|2.3039583417849894|0|null|false|0|false
135.85|(5089.26,-.73)|(1.00,-.02)|5088.256461648559|24.586499776486363|5088|0|0|(5099.26,.00)|(5187.60,.00)|(5107.29,.00)|0.40|1.00|0.00|(5109.26,.00)|(1.00,.00)|5108.256461648559|24.586499776486363|0|null|2.299797475469898|0|null|false|0|false
135.90|(5091.23,-.74)|(1.00,-.02)|5090.2256606026085|24.586499776486363|5090|0|0|(5101.23,.00)|(5189.57,.00)|(5109.26,.00)|0.40|1.00|0.00|(5111.23,.00)|(1.00,.00)|5110.2256606026085|24.586499776486363|0|null|2.2979894966037264|0|null|false|0|false
135.95|(5093.19,-.74)|(1.00,-.01)|5092.194888218936|24.586499776486363|5092|0|0|(5103.19,.00)|(5191.54,.00)|(5111.23,.00)|0.40|1.00|0.00|(5113.19,.00)|(1.00,.00)|5112.194888218936|24.586499776486363|0|null|2.298567573516744|0|null|false|0|false
136.00|(5095.16,-.73)|(1.00,-.01)|5094.164103211398|24.586499776486363|5094|0|0|(5105.16,.00)|(5193.51,.00)|(5113.19,.00)|0.40|1.00|0.00|(5115.16,.00)|(1.00,.00)|5114.164103211398|24.586499776486363|0|null|2.301562464322542|0|null|false|0|false
136.05|(5097.13,-.71)|(1.00,-.00)|5096.133346167697|24.586499776486363|5096|0|0|(5107.13,.00)|(5195.48,.00)|(5115.16,.00)|0.36|1.00|0.00|(5117.13,.00)|(1.00,.00)|5116.133346167697|24.586499776486363|0|null|2.3062206122633064|0|null|false|0|false
136.10|(5099.10,-.68)|(1.00,-.00)|5098.102514038513|24.586499776486363|5098|0|0|(5109.10,.00)|(5197.45,.00)|(5117.13,.00)|0.36|1.00|0.00|(5119.10,.00)|(1.00,.00)|5118.102514038513|24.586499776486363|0|null|2.3130809556345717|0|null|false|0|false
136.15|(5101.07,-.65)|(1.00,.00)|5100.07157147873|24.586499776486363|5100|0|0|(5111.07,.00)|(5199.42,.00)|(5119.10,.00)|0.36|1.00|0.00|(5121.07,.00)|(1.00,.00)|5120.07157147873|24.586499776486363|0|null|2.322163991231135|0|null|false|0|false
136.20|(5103.04,-.61)|(1.00,.01)|5102.04048255541|24.586499776486363|5102|0|0|(5113.04,.00)|(5201.39,.00)|(5121.07,.00)|0.36|1.00|0.00|(5123.04,.00)|(1.00,.00)|5122.04048255541|24.586499776486363|0|null|2.3334877362250093|0|null|false|0|false
136.25|(5105.01,-.56)|(1.00,.01)|5104.009210875187|24.586499776486363|5104|0|0|(5115.01,.00)|(5203.36,.00)|(5123.04,.00)|0.36|1.00|0.00|(5125.01,.00)|(1.00,.00)|5124.009210875187|24.586499776486363|0|null|2.347067660242947|0|null|false|0|false
136.30|(5106.98,-.50)|(1.00,.02)|5105.977719718295|24.586499776486363|5105|0|0|(5116.98,.00)|(5205.32,.00)|(5125.01,.00)|0.36|1.00|0.00|(5126.98,.00)|(1.00,.00)|5125.977719718295|24.586499776486363|0|null|2.362916644144843|0|null|false|0|false
136.35|(5108.95,-.44)|(1.00,.02)|5107.945972176044|24.586499776486363|5107|0|0|(5118.95,.00)|(5207.29,.00)|(5126.98,.00)|0.36|1.00|0.00|(5128.95,.00)|(1.00,.00)|5127.945972176044|24.586499776486363|0|null|2.381044969285168|0|null|false|0|false
136.40|(5110.91,-.36)|(1.00,.02)|5109.913931288203|24.586499776486363|5109|0|0|(5120.91,.00)|(5209.26,.00)|(5128.95,.00)|0.36|1.00|0.00|(5130.91,.00)|(1.00,.00)|5129.913931288203|24.586499776486363|0|null|2.4014603401621093|0|null|false|0|false
136.45|(5112.88,-.28)|(1.00,.03)|5111.881560176457|24.586499776486363|5111|0|0|(5122.88,.00)|(5211.23,.00)|(5130.91,.00)|0.36|1.00|0.00|(5132.88,.00)|(1.00,.00)|5131.881560176457|24.586499776486363|0|null|2.424167942422672|0|null|false|0|false
136.50|(5114.85,-.19)|(1.00,.03)|5113.84882217002|24.586499776486363|5113|0|0|(5124.85,.00)|(5213.19,.00)|(5132.88,.00)|0.36|1.00|0.00|(5134.85,.00)|(1.00,.00)|5133.84882217002|24.586499776486363|0|null|2.4491705372182393|0|null|false|0|false
136.55|(5116.82,-.09)|(1.00,.04)|5115.815680919521|24.586499776486363|5115|0|0|(5126.82,.00)|(5215.16,.00)|(5134.85,.00)|0.36|1.00|0.00|(5136.82,.00)|(1.00,.00)|5135.815680919521|24.586499776486363|0|null|2.476468591916701|0|null|false|0|false
136.60|(5118.78,.02)|(1.00,.04)|5117.782100495517|24.586499776486363|5117|0|0|(5128.78,.00)|(5217.13,.00)|(5136.82,.00)|0.36|1.00|0.00|(5138.78,.00)|(1.00,.00)|5137.782100495517|24.586499776486363|0|null|2.506060446196695|0|null|false|0|false
136.65|(5120.75,.14)|(1.00,.05)|5119.748045468308|24.586499776486363|5119|0|0|(5130.75,.00)|(5219.09,.00)|(5138.78,.00)|0.36|1.00|0.00|(5140.75,.00)|(1.00,.00)|5139.748045468308|24.586499776486363|0|null|2.5379425115990744|0|null|false|0|false
136.70|(5122.71,.26)|(1.00,.05)|5121.713480966237|24.586499776486363|5121|0|0|(5132.71,.00)|(5221.06,.00)|(5140.75,.00)|0.36|1.00|0.00|(5142.71,.00)|(1.00,.00)|5141.713480966237|24.586499776486363|0|null|2.572109501711844|0|null|false|0|false
136.75|(5124.68,.40)|(1.00,.05)|5123.678372710232|24.586499776486363|5123|0|0|(5134.68,.00)|(5223.02,.00)|(5142.71,.00)|0.36|1.00|0.00|(5144.68,.00)|(1.00,.00)|5143.678372710232|24.586499776486363|0|null|2.60855468933747|0|null|false|0|false
136.80|(5126.64,.54)|(1.00,.06)|5125.642687023052|24.586499776486363|5125|0|0|(5136.64,.00)|(5224.99,.00)|(5144.68,.00)|0.36|1.00|0.00|(5146.64,.00)|(1.00,.00)|5145.642687023052|24.586499776486363|0|null|2.647270186254041|0|null|false|0|false
136.85|(5128.61,.69)|(1.00,.06)|5127.606390812401|24.586499776486363|5127|0|0|(5138.61,.00)|(5226.95,.00)|(5146.64,.00)|0.36|1.00|0.00|(5148.61,.00)|(1.00,.00)|5147.606390812401|24.586499776486363|0|null|2.6882472405503046|0|null|false|0|false
136.90|(5130.57,.85)|(1.00,.07)|5129.569451527893|24.586499776486363|5129|0|0|(5140.57,.00)|(5228.92,.00)|(5148.61,.00)|0.36|1.00|0.00|(5150.57,.00)|(1.00,.00)|5149.569451527893|24.586499776486363|0|null|2.7314765460028165|0|null|false|0|false
136.95|(5132.53,1.01)|(1.00,.07)|5131.5318370926025|24.586499776486363|5131|0|0|(5142.53,.00)|(5230.88,.00)|(5150.57,.00)|0.36|1.00|0.00|(5152.53,.00)|(1.00,.00)|5151.5318370926025|24.586499776486363|0|null|2.776948557582143|0|null|false|0|false
137.00|(5134.50,1.14)|(1.00,.07)|5133.496594192173|24.586499776486363|5133|0|0|(5144.50,.00)|(5232.84,.00)|(5152.53,.00)|-0.44|1.00|0.00|(5154.50,.00)|(1.00,.00)|5153.496594192173|24.586499776486363|0|null|2.8108318056984873|0|null|false|0|false
137.05|(5136.46,1.25)|(1.00,.07)|5135.461978341851|24.586499776486363|5135|0|0|(5146.46,.00)|(5234.81,.00)|(5154.50,.00)|-0.44|1.00|0.00|(5156.46,.00)|(1.00,.00)|5155.461978341851|24.586499776486363|0|null|2.842198318330488|0|null|false|0|false
137.10|(5138.43,1.36)|(1.00,.06)|5137.42795071192|24.586499776486363|5137|0|0|(5148.43,.00)|(5236.77,.00)|(5156.46,.00)|-0.44|1.00|0.00|(5158.43,.00)|(1.00,.00)|5157.42795071192|24.586499776486363|0|null|2.8709954198858516|0|null|false|0|false
137.15|(5140.39,1.43)|(1.00,.06)|5139.394348348768|24.586499776486363|5139|0|0|(5150.39,.00)|(5238.74,.00)|(5158.43,.00)|-0.87|1.00|0.00|(5160.39,.00)|(1.00,.00)|5159.394348348768|24.586499776486363|0|null|2.8898810774112746|0|null|false|0|false
137.20|(5142.36,1.48)|(1.00,.05)|5141.361441859633|24.586499776486363|5141|0|0|(5152.36,.00)|(5240.71,.00)|(5160.39,.00)|-0.87|1.00|0.00|(5162.36,.00)|(1.00,.00)|5161.361441859633|24.586499776486363|0|null|2.903606917731937|0|null|false|0|false
137.25|(5144.33,1.51)|(1.00,.04)|5143.329043226408|24.586499776486363|5143|0|0|(5154.33,.00)|(5242.68,.00)|(5162.36,.00)|-0.87|1.00|0.00|(5164.33,.00)|(1.00,.00)|5163.329043226408|24.586499776486363|0|null|2.912112765931518|0|null|false|0|false
137.30|(5146.30,1.52)|(1.00,.03)|5145.2969588081705|24.586499776486363|5145|0|0|(5156.30,.00)|(5244.64,.00)|(5164.33,.00)|-0.87|1.00|0.00|(5166.30,.00)|(1.00,.00)|5165.2969588081705|24.586499776486363|0|null|2.91534690428116|0|null|false|0|false
137.35|(5148.27,1.51)|(1.00,.02)|5147.2650659531455|24.586499776486363|5147|0|0|(5158.27,.00)|(5246.61,.00)|(5166.30,.00)|-0.84|1.00|0.00|(5168.27,.00)|(1.00,.00)|5167.2650659531455|24.586499776486363|0|null|2.913650526727222|0|null|false|0|false
137.40|(5150.23,1.49)|(1.00,.01)|5149.233103844102|24.586499776486363|5149|0|0|(5160.23,.00)|(5248.58,.00)|(5168.27,.00)|-0.84|1.00|0.00|(5170.23,.00)|(1.00,.00)|5169.233103844102|24.586499776486363|0|null|2.906735202022043|0|null|false|0|false
137.45|(5152.20,1.44)|(1.00,.01)|5151.200877993626|24.586499776486363|5151|0|0|(5162.20,.00)|(5250.55,.00)|(5170.23,.00)|-0.84|1.00|0.00|(5172.20,.00)|(1.00,.00)|5171.200877993626|24.586499776486363|0|null|2.89457378177716|0|null|false|0|false
137.50|(5154.17,1.39)|(1.00,-.00)|5153.168789494397|24.586499776486363|5153|0|0|(5164.17,.00)|(5252.51,.00)|(5172.20,.00)|-0.71|1.00|0.00|(5174.17,.00)|(1.00,.00)|5173.168789494397|24.586499776486363|0|null|2.879474027308116|0|null|false|0|false
137.55|(5156.14,1.32)|(1.00,-.01)|5155.136220827001|24.586499776486363|5155|0|0|(5166.14,.00)|(5254.48,.00)|(5174.17,.00)|-0.71|1.00|0.00|(5176.14,.00)|(1.00,.00)|5175.136220827001|24.586499776486363|0|null|2.8598935895558326|0|null|false|0|false
137.60|(5158.10,1.23)|(1.00,-.02)|5157.103030854136|24.586499776486363|5157|0|0|(5168.10,.00)|(5256.45,.00)|(5176.14,.00)|-0.71|1.00|0.00|(5178.10,.00)|(1.00,.00)|5177.103030854136|24.586499776486363|0|null|2.835831406088429|0|null|false|0|false
137.65|(5160.07,1.12)|(1.00,-.03)|5159.0690794769325|24.586499776486363|5159|0|0|(5170.07,.00)|(5258.42,.00)|(5178.10,.00)|-0.71|1.00|0.00|(5180.07,.00)|(1.00,.00)|5179.0690794769325|24.586499776486363|0|null|2.807290979401763|0|null|false|0|false
137.70|(5162.04,1.02)|(1.00,-.03)|5161.035604341297|24.586499776486363|5161|0|0|(5172.04,.00)|(5260.38,.00)|(5180.07,.00)|-0.43|1.00|0.00|(5182.04,.00)|(1.00,.00)|5181.035604341297|24.586499776486363|0|null|2.779077973287425|0|null|false|0|false
137.75|(5164.00,.91)|(1.00,-.04)|5163.001583210928|24.586499776486363|5163|0|0|(5174.00,.00)|(5262.35,.00)|(5182.04,.00)|-0.43|1.00|0.00|(5184.00,.00)|(1.00,.00)|5183.001583210928|24.586499776486363|0|null|2.7480528781592564|0|null|false|0|false
137.80|(5165.97,.78)|(1.00,-.04)|5164.966966451854|24.586499776486363|5164|0|0|(5175.97,.00)|(5264.31,.00)|(5184.00,.00)|-0.43|1.00|0.00|(5185.97,.00)|(1.00,.00)|5184.966966451854|24.586499776486363|0|null|2.7142439491645445|0|null|false|0|false
137.85|(5167.93,.65)|(1.00,-.05)|5166.931706486799|24.586499776486363|5166|0|0|(5177.93,.00)|(5266.28,.00)|(5185.97,.00)|-0.43|1.00|0.00|(5187.93,.00)|(1.00,.00)|5186.931706486799|24.586499776486363|0|null|2.6776803517102246|0|null|false|0|false
137.90|(5169.90,.52)|(1.00,-.05)|5168.896806576032|24.586499776486363|5168|0|0|(5179.90,.00)|(5268.24,.00)|(5187.93,.00)|-0.20|1.00|0.00|(5189.90,.00)|(1.00,.00)|5188.896806576032|24.586499776486363|0|null|2.6423501574440373|0|null|false|0|false
137.95|(5171.86,.39)|(1.00,-.06)|5170.861597745336|24.586499776486363|5170|0|0|(5181.86,.00)|(5270.21,.00)|(5189.90,.00)|-0.20|1.00|0.00|(5191.86,.00)|(1.00,.00)|5190.861597745336|24.586499776486363|0|null|2.6056831136667413|0|null|false|0|false
138.00|(5173.83,.25)|(1.00,-.06)|5172.8260766666435|24.586499776486363|5172|0|0|(5183.83,.00)|(5272.17,.00)|(5191.86,.00)|-0.20|1.00|0.00|(5193.83,.00)|(1.00,.00)|5192.8260766666435|24.586499776486363|0|null|2.567720851849274|0|null|false|0|false
138.05|(5175.79,.12)|(1.00,-.06)|5174.791306377287|24.586499776486363|5174|0|0|(5185.79,.00)|(5274.14,.00)|(5193.83,.00)|0.11|1.00|0.00|(5195.79,.00)|(1.00,.00)|5194.791306377287|24.586499776486363|0|null|2.533828176668193|0|null|false|0|false
138.10|(5177.76,.00)|(1.00,-.06)|5176.756712416041|24.586499776486363|5176|0|0|(5187.76,.00)|(5276.10,.00)|(5195.79,.00)|0.11|1.00|0.00|(5197.76,.00)|(1.00,.00)|5196.756712416041|24.586499776486363|0|null|2.5005441749456137|0|null|false|0|false
138.15|(5179.72,-.12)|(1.00,-.06)|5178.722300542091|24.586499776486363|5178|0|0|(5189.72,.00)|(5278.07,.00)|(5197.76,.00)|0.11|1.00|0.00|(5199.72,.00)|(1.00,.00)|5198.722300542091|24.586499776486363|0|null|2.4679210234134468|0|null|false|0|false
138.20|(5181.69,-.22)|(1.00,-.06)|5180.68844037666|24.586499776486363|5180|0|0|(5191.69,.00)|(5280.03,.00)|(5199.72,.00)|0.30|1.00|0.00|(5201.69,.00)|(1.00,.00)|5200.68844037666|24.586499776486363|0|null|2.439350901406282|0|null|false|0|false
138.25|(5183.65,-.32)|(1.00,-.06)|5182.654987443267|24.586499776486363|5182|0|0|(5193.65,.00)|(5282.00,.00)|(5201.69,.00)|0.30|1.00|0.00|(5203.65,.00)|(1.00,.00)|5202.654987443267|24.586499776486363|0|null|2.4126800206096437|0|null|false|0|false
138.30|(5185.62,-.41)|(1.00,-.05)|5184.621921318324|24.586499776486363|5184|0|0|(5195.62,.00)|(5283.97,.00)|(5203.65,.00)|0.30|1.00|0.00|(5205.62,.00)|(1.00,.00)|5204.621921318324|24.586499776486363|0|null|2.387958303920574|0|null|false|0|false
138.35|(5187.59,-.49)|(1.00,-.05)|5186.589219107391|24.586499776486363|5186|0|0|(5197.59,.00)|(5285.94,.00)|(5205.62,.00)|0.30|1.00|0.00|(5207.59,.00)|(1.00,.00)|5206.589219107391|24.586499776486363|0|null|2.365230007217782|0|null|false|0|false
138.40|(5189.56,-.57)|(1.00,-.05)|5188.556855676744|24.586499776486363|5188|0|0|(5199.56,.00)|(5287.90,.00)|(5207.59,.00)|0.30|1.00|0.00|(5209.56,.00)|(1.00,.00)|5208.556855676744|24.586499776486363|0|null|2.3445338122134354|0|null|false|0|false
138.45|(5191.52,-.63)|(1.00,-.04)|5190.524815324927|24.586499776486363|5190|0|0|(5201.52,.00)|(5289.87,.00)|(5209.56,.00)|0.44|1.00|0.00|(5211.52,.00)|(1.00,.00)|5210.524815324927|24.586499776486363|0|null|2.3283528846596653|0|null|false|0|false
138.50|(5193.49,-.68)|(1.00,-.04)|5192.493117929178|24.586499776486363|5192|0|0|(5203.49,.00)|(5291.84,.00)|(5211.52,.00)|0.44|1.00|0.00|(5213.49,.00)|(1.00,.00)|5212.493117929178|24.586499776486363|0|null|2.315106140307149|0|null|false|0|false
138.55|(5195.46,-.71)|(1.00,-.03)|5194.461703052157|24.586499776486363|5194|0|0|(5205.46,.00)|(5293.81,.00)|(5213.49,.00)|0.44|1.00|0.00|(5215.46,.00)|(1.00,.00)|5214.461703052157|24.586499776486363|0|null|2.304824437293828|0|null|false|0|false
138.60|(5197.43,-.74)|(1.00,-.03)|5196.430461541457|24.586499776486363|5196|0|0|(5207.43,.00)|(5295.78,.00)|(5215.46,.00)|0.48|1.00|0.00|(5217.43,.00)|(1.00,.00)|5216.430461541457|24.586499776486363|0|null|2.29820066350341|0|null|false|0|false
138.65|(5199.40,-.75)|(1.00,-.02)|5198.399372822119|24.586499776486363|5198|0|0|(5209.40,.00)|(5297.75,.00)|(5217.43,.00)|0.48|1.00|0.00|(5219.40,.00)|(1.00,.00)|5218.399372822119|24.586499776486363|0|null|2.294815863489309|0|null|false|0|false
138.70|(5201.37,-.75)|(1.00,-.02)|5200.368362078874|24.586499776486363|5200|0|0|(5211.37,.00)|(5299.71,.00)|(5219.40,.00)|0.48|1.00|0.00|(5221.37,.00)|(1.00,.00)|5220.368362078874|24.586499776486363|0|null|2.2946866040133216|0|null|false|0|false
138.75|(5203.34,-.74)|(1.00,-.01)|5202.337444839144|24.586499776486363|5202|0|0|(5213.34,.00)|(5301.68,.00)|(5221.37,.00)|0.44|1.00|0.00|(5223.34,.00)|(1.00,.00)|5222.337444839144|24.586499776486363|0|null|2.2970654038189267|0|null|false|0|false
138.80|(5205.31,-.72)|(1.00,-.01)|5204.306476833666|24.586499776486363|5204|0|0|(5215.31,.00)|(5303.65,.00)|(5223.34,.00)|0.44|1.00|0.00|(5225.31,.00)|(1.00,.00)|5224.306476833666|24.586499776486363|0|null|2.3024575411779313|0|null|false|0|false
138.85|(5207.28,-.69)|(1.00,-.00)|5206.275393802101|24.586499776486363|5206|0|0|(5217.28,.00)|(5305.62,.00)|(5225.31,.00)|0.44|1.00|0.00|(5227.28,.00)|(1.00,.00)|5226.275393802101|24.586499776486363|0|null|2.3108633940670775|0|null|false|0|false
138.90|(5209.24,-.65)|(1.00,.00)|5208.244131906692|24.586499776486363|5208|0|0|(5219.24,.00)|(5307.59,.00)|(5227.28,.00)|0.44|1.00|0.00|(5229.24,.00)|(1.00,.00)|5228.244131906692|24.586499776486363|0|null|2.322279906963365|0|null|false|0|false
138.95|(5211.21,-.61)|(1.00,.01)|5210.212972445638|24.586499776486363|5210|0|0|(5221.21,.00)|(5309.56,.00)|(5229.24,.00)|0.31|1.00|0.00|(5231.21,.00)|(1.00,.00)|5230.212972445638|24.586499776486363|0|null|2.3344763930445867|0|null|false|0|false
139.00|(5213.18,-.55)|(1.00,.01)|5212.181624673602|24.586499776486363|5212|0|0|(5223.18,.00)|(5311.53,.00)|(5231.21,.00)|0.31|1.00|0.00|(5233.18,.00)|(1.00,.00)|5232.181624673602|24.586499776486363|0|null|2.3489049399463724|0|null|false|0|false
139.05|(5215.15,-.49)|(1.00,.02)|5214.150055284094|24.586499776486363|5214|0|0|(5225.15,.00)|(5313.50,.00)|(5233.18,.00)|0.31|1.00|0.00|(5235.15,.00)|(1.00,.00)|5234.150055284094|24.586499776486363|0|null|2.365548080441429|0|null|false|0|false
139.10|(5217.12,-.42)|(1.00,.02)|5216.118231996863|24.586499776486363|5216|0|0|(5227.12,.00)|(5315.46,.00)|(5235.15,.00)|0.31|1.00|0.00|(5237.12,.00)|(1.00,.00)|5236.118231996863|24.586499776486363|0|null|2.384387546896469|0|null|false|0|false
139.15|(5219.09,-.36)|(1.00,.02)|5218.08660851598|24.586499776486363|5218|0|0|(5229.09,.00)|(5317.43,.00)|(5237.12,.00)|0.12|1.00|0.00|(5239.09,.00)|(1.00,.00)|5238.08660851598|24.586499776486363|0|null|2.402176443733099|0|null|false|0|false
139.20|(5221.05,-.29)|(1.00,.03)|5220.054863288505|24.586499776486363|5220|0|0|(5231.05,.00)|(5319.40,.00)|(5239.09,.00)|0.12|1.00|0.00|(5241.05,.00)|(1.00,.00)|5240.054863288505|24.586499776486363|0|null|2.4210158539820856|0|null|false|0|false
139.25|(5223.02,-.22)|(1.00,.03)|5222.0229916999015|24.586499776486363|5222|0|0|(5233.02,.00)|(5321.37,.00)|(5241.05,.00)|0.12|1.00|0.00|(5243.02,.00)|(1.00,.00)|5242.0229916999015|24.586499776486363|0|null|2.440877362164259|0|null|false|0|false
139.30|(5224.99,-.15)|(1.00,.03)|5223.991250530617|24.586499776486363|5223|0|0|(5234.99,.00)|(5323.34,.00)|(5243.02,.00)|-0.01|1.00|0.00|(5244.99,.00)|(1.00,.00)|5243.991250530617|24.586499776486363|0|null|2.459466826392931|0|null|false|0|false
139.35|(5226.96,-.08)|(1.00,.03)|5225.959496367619|24.586499776486363|5225|0|0|(5236.96,.00)|(5325.31,.00)|(5244.99,.00)|-0.01|1.00|0.00|(5246.96,.00)|(1.00,.00)|5245.959496367619|24.586499776486363|0|null|2.478248627166354|0|null|false|0|false
139.40|(5228.93,-.01)|(1.00,.03)|5227.927731798413|24.586499776486363|5227|0|0|(5238.93,.00)|(5327.27,.00)|(5246.96,.00)|-0.01|1.00|0.00|(5248.93,.00)|(1.00,.00)|5247.927731798413|24.586499776486363|0|null|2.4971931012981115|0|null|false|0|false
139.45|(5230.90,.05)|(1.00,.03)|5229.896122684404|24.586499776486363|5229|0|0|(5240.90,.00)|(5329.24,.00)|(5248.93,.00)|-0.13|1.00|0.00|(5250.90,.00)|(1.00,.00)|5249.896122684404|24.586499776486363|0|null|2.5141617093866033|0|null|false|0|false
139.50|(5232.86,.11)|(1.00,.03)|5231.864599222992|24.586499776486363|5231|0|0|(5242.86,.00)|(5331.21,.00)|(5250.90,.00)|-0.13|1.00|0.00|(5252.86,.00)|(1.00,.00)|5251.864599222992|24.586499776486363|0|null|2.530517941755926|0|null|false|0|false
139.55|(5234.83,.17)|(1.00,.03)|5233.833160493326|24.586499776486363|5233|0|0|(5244.83,.00)|(5333.18,.00)|(5252.86,.00)|-0.13|1.00|0.00|(5254.83,.00)|(1.00,.00)|5253.833160493326|24.586499776486363|0|null|2.5462347586082186|0|null|false|0|false
139.60|(5236.80,.22)|(1.00,.03)|5235.80180493764|24.586499776486363|5235|0|0|(5246.80,.00)|(5335.15,.00)|(5254.83,.00)|-0.13|1.00|0.00|(5256.80,.00)|(1.00,.00)|5255.80180493764|24.586499776486363|0|null|2.5612889747281726|0|null|false|0|false
139.65|(5238.77,.28)|(1.00,.03)|5237.770530409138|24.586499776486363|5237|0|0|(5248.77,.00)|(5337.12,.00)|(5256.80,.00)|-0.13|1.00|0.00|(5258.77,.00)|(1.00,.00)|5257.770530409138|24.586499776486363|0|null|2.5756611384725927|0|null|false|0|false
139.70|(5240.74,.32)|(1.00,.03)|5239.739382006609|24.586499776486363|5239|0|0|(5250.74,.00)|(5339.09,.00)|(5258.77,.00)|-0.24|1.00|0.00|(5260.74,.00)|(1.00,.00)|5259.739382006609|24.586499776486363|0|null|2.587472243258509|0|null|false|0|false
139.75|(5242.71,.36)|(1.00,.03)|5241.708354594966|24.586499776486363|5241|0|0|(5252.71,.00)|(5341.05,.00)|(5260.74,.00)|-0.24|1.00|0.00|(5262.71,.00)|(1.00,.00)|5261.708354594966|24.586499776486363|0|null|2.5979331849012195|0|null|false|0|false
139.80|(5244.68,.39)|(1.00,.02)|5243.677435248875|24.586499776486363|5243|0|0|(5254.68,.00)|(5343.02,.00)|(5262.71,.00)|-0.24|1.00|0.00|(5264.68,.00)|(1.00,.00)|5263.677435248875|24.586499776486363|0|null|2.607028590669782|0|null|false|0|false
139.85|(5246.65,.42)|(1.00,.02)|5245.646589052248|24.586499776486363|5245|0|0|(5256.65,.00)|(5344.99,.00)|(5264.68,.00)|-0.30|1.00|0.00|(5266.65,.00)|(1.00,.00)|5265.646589052248|24.586499776486363|0|null|2.6137199890358866|0|null|false|0|false
139.90|(5248.62,.43)|(1.00,.02)|5247.615830808392|24.586499776486363|5247|0|0|(5258.62,.00)|(5346.96,.00)|(5266.65,.00)|-0.30|1.00|0.00|(5268.62,.00)|(1.00,.00)|5267.615830808392|24.586499776486363|0|null|2.6186727610985296|0|null|false|0|false
139.95|(5250.59,.45)|(1.00,.02)|5249.585138552513|24.586499776486363|5249|0|0|(5260.59,.00)|(5348.93,.00)|(5268.62,.00)|-0.30|1.00|0.00|(5270.59,.00)|(1.00,.00)|5269.585138552513|24.586499776486363|0|null|2.621877720006697|0|null|false|0|false
140.00|(5252.55,.45)|(1.00,.01)|5251.554497743763|24.586499776486363|5251|0|0|(5262.55,.00)|(5350.90,.00)|(5270.59,.00)|-0.29|1.00|0.00|(5272.55,.00)|(1.00,.00)|5271.554497743763|24.586499776486363|0|null|2.623468390985149|0|null|false|0|false
140.05|(5254.52,.45)|(1.00,.01)|5253.523879479554|24.586499776486363|5253|0|0|(5264.52,.00)|(5352.87,.00)|(5272.55,.00)|-0.29|1.00|0.00|(5274.52,.00)|(1.00,.00)|5273.523879479554|24.586499776486363|0|null|2.623348818779136|0|null|false|0|false
140.10|(5256.49,.44)|(1.00,.01)|5255.4932625284955|24.586499776486363|5255|0|0|(5266.49,.00)|(5354.84,.00)|(5274.52,.00)|-0.29|1.00|0.00|(5276.49,.00)|(1.00,.00)|5275.4932625284955|24.586499776486363|0|null|2.6215172777825346|0|null|false|0|false
140.15|(5258.46,.43)|(1.00,.00)|5257.462625711724|24.586499776486363|5257|0|0|(5268.46,.00)|(5356.81,.00)|(5276.49,.00)|-0.29|1.00|0.00|(5278.46,.00)|(1.00,.00)|5277.462625711724|24.586499776486363|0|null|2.617973459777247|0|null|false|0|false
140.20|(5260.43,.41)|(1.00,.00)|5259.431947953585|24.586499776486363|5259|0|0|(5270.43,.00)|(5358.78,.00)|(5278.46,.00)|-0.29|1.00|0.00|(5280.43,.00)|(1.00,.00)|5279.431947953585|24.586499776486363|0|null|2.612718045863939|0|null|false|0|false
140.25|(5262.40,.39)|(1.00,-.00)|5261.4012083077905|24.586499776486363|5261|0|0|(5272.40,.00)|(5360.75,.00)|(5280.43,.00)|-0.29|1.00|0.00|(5282.40,.00)|(1.00,.00)|5281.4012083077905|24.586499776486363|0|null|2.6057522904494723|0|null|false|0|false
140.30|(5264.37,.36)|(1.00,-.01)|5263.370385959952|24.586499776486363|5263|0|0|(5274.37,.00)|(5362.72,.00)|(5282.40,.00)|-0.29|1.00|0.00|(5284.37,.00)|(1.00,.00)|5283.370385959952|24.586499776486363|0|null|2.59707762362728|0|null|false|0|false
140.35|(5266.34,.32)|(1.00,-.01)|5265.339460208006|24.586499776486363|5265|0|0|(5276.34,.00)|(5364.69,.00)|(5284.37,.00)|-0.29|1.00|0.00|(5286.34,.00)|(1.00,.00)|5285.339460208006|24.586499776486363|0|null|2.586695278034471|0|null|false|0|false
140.40|(5268.31,.27)|(1.00,-.01)|5267.30841042261|24.586499776486363|5267|0|0|(5278.31,.00)|(5366.65,.00)|(5286.34,.00)|-0.29|1.00|0.00|(5288.31,.00)|(1.00,.00)|5287.30841042261|24.586499776486363|0|null|2.5746059458859656|0|null|false|0|false
140.45|(5270.28,.22)|(1.00,-.02)|5269.277215990055|24.586499776486363|5269|0|0|(5280.28,.00)|(5368.62,.00)|(5288.31,.00)|-0.29|1.00|0.00|(5290.28,.00)|(1.00,.00)|5289.277215990055|24.586499776486363|0|null|2.5608094713785157|0|null|false|0|false
140.50|(5272.25,.17)|(1.00,-.02)|5271.245856240645|24.586499776486363|5271|0|0|(5282.25,.00)|(5370.59,.00)|(5290.28,.00)|-0.29|1.00|0.00|(5292.25,.00)|(1.00,.00)|5291.245856240645|24.586499776486363|0|null|2.5453045830359917|0|null|false|0|false
140.55|(5274.21,.10)|(1.00,-.02)|5273.214310365758|24.586499776486363|5273|0|0|(5284.21,.00)|(5372.56,.00)|(5292.25,.00)|-0.29|1.00|0.00|(5294.21,.00)|(1.00,.00)|5293.214310365758|24.586499776486363|0|null|2.528088669844291|0|null|false|0|false
140.60|(5276.18,.03)|(1.00,-.02)|5275.182557327044|24.586499776486363|5275|0|0|(5286.18,.00)|(5374.53,.00)|(5294.21,.00)|-0.29|1.00|0.00|(5296.18,.00)|(1.00,.00)|5295.182557327044|24.586499776486363|0|null|2.509157604214624|0|null|false|0|false
140.65|(5278.15,-.04)|(1.00,-.03)|5277.150575761305|24.586499776486363|5277|0|0|(5288.15,.00)|(5376.50,.00)|(5296.18,.00)|-0.29|1.00|0.00|(5298.15,.00)|(1.00,.00)|5297.150575761305|24.586499776486363|0|null|2.488505613934522|0|null|false|0|false
140.70|(5280.12,-.12)|(1.00,-.03)|5279.118343884654|24.586499776486363|5279|0|0|(5290.12,.00)|(5378.46,.00)|(5298.15,.00)|-0.29|1.00|0.00|(5300.12,.00)|(1.00,.00)|5299.118343884654|24.586499776486363|0|null|2.466125204335227|0|null|false|0|false
140.75|(5282.09,-.21)|(1.00,-.03)|5281.085839399512|24.586499776486363|5281|0|0|(5292.09,.00)|(5380.43,.00)|(5300.12,.00)|-0.29|1.00|0.00|(5302.09,.00)|(1.00,.00)|5301.085839399512|24.586499776486363|0|null|2.4420071309418057|0|null|false|0|false
140.80|(5284.05,-.31)|(1.00,-.04)|5283.053039407851|24.586499776486363|5283|0|0|(5294.05,.00)|(5382.40,.00)|(5302.09,.00)|-0.29|1.00|0.00|(5304.05,.00)|(1.00,.00)|5303.053039407851|24.586499776486363|0|null|2.4161404218988602|0|null|false|0|false
140.85|(5286.02,-.41)|(1.00,-.04)|5285.019920333926|24.586499776486363|5285|0|0|(5296.02,.00)|(5384.37,.00)|(5304.05,.00)|-0.29|1.00|0.00|(5306.02,.00)|(1.00,.00)|5305.019920333926|24.586499776486363|0|null|2.3885124485009017|0|null|false|0|false
140.90|(5287.99,-.52)|(1.00,-.04)|5286.986457859449|24.586499776486363|5286|0|0|(5297.99,.00)|(5386.33,.00)|(5306.02,.00)|-0.29|1.00|0.00|(5307.99,.00)|(1.00,.00)|5306.986457859449|24.586499776486363|0|null|2.359109041222991|0|null|false|0|false
140.95|(5289.95,-.60)|(1.00,-.04)|5288.953949555571|24.586499776486363|5288|0|0|(5299.95,.00)|(5388.30,.00)|(5307.99,.00)|0.19|1.00|0.00|(5309.95,.00)|(1.00,.00)|5308.953949555571|24.586499776486363|0|null|2.3361805229462704|0|null|false|0|false
141.00|(5291.92,-.68)|(1.00,-.04)|5290.92162548182|24.586499776486363|5290|0|0|(5301.92,.00)|(5390.27,.00)|(5309.95,.00)|0.19|1.00|0.00|(5311.92,.00)|(1.00,.00)|5310.92162548182|24.586499776486363|0|null|2.3142815555563443|0|null|false|0|false
141.05|(5293.89,-.76)|(1.00,-.04)|5292.889477416986|24.586499776486363|5292|0|0|(5303.89,.00)|(5392.24,.00)|(5311.92,.00)|0.19|1.00|0.00|(5313.89,.00)|(1.00,.00)|5312.889477416986|24.586499776486363|0|null|2.293420554229809|0|null|false|0|false
141.10|(5295.86,-.81)|(1.00,-.04)|5294.857607676973|24.586499776486363|5294|0|0|(5305.86,.00)|(5394.20,.00)|(5313.89,.00)|0.48|1.00|0.00|(5315.86,.00)|(1.00,.00)|5314.857607676973|24.586499776486363|0|null|2.2785735531228344|0|null|false|0|false
141.15|(5297.83,-.85)|(1.00,-.03)|5296.826043572182|24.586499776486363|5296|0|0|(5307.83,.00)|(5396.17,.00)|(5315.86,.00)|0.48|1.00|0.00|(5317.83,.00)|(1.00,.00)|5316.826043572182|24.586499776486363|0|null|2.2664775310943757|0|null|false|0|false
141.20|(5299.79,-.89)|(1.00,-.03)|5298.794730036305|24.586499776486363|5298|0|0|(5309.79,.00)|(5398.14,.00)|(5317.83,.00)|0.48|1.00|0.00|(5319.79,.00)|(1.00,.00)|5318.794730036305|24.586499776486363|0|null|2.257147902533726|0|null|false|0|false
141.25|(5301.76,-.91)|(1.00,-.03)|5300.763567876092|24.586499776486363|5300|0|0|(5311.76,.00)|(5400.11,.00)|(5319.79,.00)|0.51|1.00|0.00|(5321.76,.00)|(1.00,.00)|5320.763567876092|24.586499776486363|0|null|2.251194366679029|0|null|false|0|false
141.30|(5303.73,-.92)|(1.00,-.02)|5302.732541238849|24.586499776486363|5302|0|0|(5313.73,.00)|(5402.08,.00)|(5321.76,.00)|0.51|1.00|0.00|(5323.73,.00)|(1.00,.00)|5322.732541238849|24.586499776486363|0|null|2.248232368428847|0|null|false|0|false
141.35|(5305.70,-.92)|(1.00,-.02)|5304.70158504748|24.586499776486363|5304|0|0|(5315.70,.00)|(5404.05,.00)|(5323.73,.00)|0.51|1.00|0.00|(5325.70,.00)|(1.00,.00)|5324.70158504748|24.586499776486363|0|null|2.2482693553450983|0|null|false|0|false
141.40|(5307.67,-.91)|(1.00,-.01)|5306.6706340749915|24.586499776486363|5306|0|0|(5317.67,.00)|(5406.02,.00)|(5325.70,.00)|0.51|1.00|0.00|(5327.67,.00)|(1.00,.00)|5326.6706340749915|24.586499776486363|0|null|2.251310407601468|0|null|false|0|false
141.45|(5309.64,-.89)|(1.00,-.01)|5308.639623114649|24.586499776486363|5308|0|0|(5319.64,.00)|(5407.99,.00)|(5327.67,.00)|0.51|1.00|0.00|(5329.64,.00)|(1.00,.00)|5328.639623114649|24.586499776486363|0|null|2.2573587812309905|0|null|false|0|false
141.50|(5311.61,-.86)|(1.00,-.00)|5310.608603890017|24.586499776486363|5310|0|0|(5321.61,.00)|(5409.95,.00)|(5329.64,.00)|0.47|1.00|0.00|(5331.61,.00)|(1.00,.00)|5330.608603890017|24.586499776486363|0|null|2.2656261233492376|0|null|false|0|false
141.55|(5313.58,-.82)|(1.00,.00)|5312.577427770404|24.586499776486363|5312|0|0|(5323.58,.00)|(5411.92,.00)|(5331.61,.00)|0.47|1.00|0.00|(5333.58,.00)|(1.00,.00)|5332.577427770404|24.586499776486363|0|null|2.2766323684736216|0|null|false|0|false
141.60|(5315.55,-.77)|(1.00,.01)|5314.546041317337|24.586499776486363|5314|0|0|(5325.55,.00)|(5413.89,.00)|(5333.58,.00)|0.47|1.00|0.00|(5335.55,.00)|(1.00,.00)|5334.546041317337|24.586499776486363|0|null|2.2903756983763874|0|null|false|0|false
141.65|(5317.51,-.71)|(1.00,.01)|5316.514391394649|24.586499776486363|5316|0|0|(5327.51,.00)|(5415.86,.00)|(5335.55,.00)|0.47|1.00|0.00|(5337.51,.00)|(1.00,.00)|5336.514391394649|24.586499776486363|0|null|2.30685449593365|0|null|false|0|false
141.70|(5319.48,-.64)|(1.00,.02)|5318.4824251037235|24.586499776486363|5318|0|0|(5329.48,.00)|(5417.83,.00)|(5337.51,.00)|0.47|1.00|0.00|(5339.48,.00)|(1.00,.00)|5338.4824251037235|24.586499776486363|0|null|2.3260676252679584|0|null|false|0|false
141.75|(5321.45,-.56)|(1.00,.02)|5320.450089698699|24.586499776486363|5320|0|0|(5331.45,.00)|(5419.80,.00)|(5339.48,.00)|0.47|1.00|0.00|(5341.45,.00)|(1.00,.00)|5340.450089698699|24.586499776486363|0|null|2.348014655057617|0|null|false|0|false
141.80|(5323.42,-.47)|(1.00,.03)|5322.417332488516|24.586499776486363|5322|0|0|(5333.42,.00)|(5421.76,.00)|(5341.45,.00)|0.47|1.00|0.00|(5343.42,.00)|(1.00,.00)|5342.417332488516|24.586499776486363|0|null|2.37269602443875|0|null|false|0|false
141.85|(5325.38,-.37)|(1.00,.03)|5324.3841007326|24.586499776486363|5324|0|0|(5335.38,.00)|(5423.73,.00)|(5343.42,.00)|0.47|1.00|0.00|(5345.38,.00)|(1.00,.00)|5344.3841007326|24.586499776486363|0|null|2.4001131519677346|0|null|false|0|false
141.90|(5327.35,-.26)|(1.00,.04)|5326.350341536708|24.586499776486363|5326|0|0|(5337.35,.00)|(5425.70,.00)|(5345.38,.00)|0.47|1.00|0.00|(5347.35,.00)|(1.00,.00)|5346.350341536708|24.586499776486363|0|null|2.430268489140187|0|null|false|0|false
141.95|(5329.32,-.13)|(1.00,.05)|5328.316001755002|24.586499776486363|5328|0|0|(5339.32,.00)|(5427.66,.00)|(5347.35,.00)|0.47|1.00|0.00|(5349.32,.00)|(1.00,.00)|5348.316001755002|24.586499776486363|0|null|2.4631655209576406|0|null|false|0|false
142.00|(5331.28,-.00)|(1.00,.05)|5330.2810279038695|24.586499776486363|5330|0|0|(5341.28,.00)|(5429.63,.00)|(5349.32,.00)|0.47|1.00|0.00|(5351.28,.00)|(1.00,.00)|5350.2810279038695|24.586499776486363|0|null|2.4988087169743873|0|null|false|0|false
142.05|(5333.25,.10)|(1.00,.05)|5332.2475107419605|24.586499776486363|5332|0|0|(5343.25,.00)|(5431.59,.00)|(5351.28,.00)|-0.11|1.00|0.00|(5353.25,.00)|(1.00,.00)|5352.2475107419605|24.586499776486363|0|null|2.527216418263224|0|null|false|0|false
142.10|(5335.21,.20)|(1.00,.05)|5334.21415383573|24.586499776486363|5334|0|0|(5345.21,.00)|(5433.56,.00)|(5353.25,.00)|-0.11|1.00|0.00|(5355.21,.00)|(1.00,.00)|5354.21415383573|24.586499776486363|0|null|2.554954601625865|0|null|false|0|false
142.15|(5337.18,.30)|(1.00,.05)|5336.1809559364065|24.586499776486363|5336|0|0|(5347.18,.00)|(5435.53,.00)|(5355.21,.00)|-0.11|1.00|0.00|(5357.18,.00)|(1.00,.00)|5356.1809559364065|24.586499776486363|0|null|2.581999089478235|0|null|false|0|false
142.20|(5339.15,.38)|(1.00,.05)|5338.148230812063|24.586499776486363|5338|0|0|(5349.15,.00)|(5437.49,.00)|(5357.18,.00)|-0.38|1.00|0.00|(5359.15,.00)|(1.00,.00)|5358.148230812063|24.586499776486363|0|null|2.6037184812427006|0|null|false|0|false
142.25|(5341.12,.45)|(1.00,.04)|5340.115885080588|24.586499776486363|5340|0|0|(5351.12,.00)|(5439.46,.00)|(5359.15,.00)|-0.38|1.00|0.00|(5361.12,.00)|(1.00,.00)|5360.115885080588|24.586499776486363|0|null|2.6231247290338606|0|null|false|0|false
142.30|(5343.08,.51)|(1.00,.04)|5342.083880935305|24.586499776486363|5342|0|0|(5353.08,.00)|(5441.43,.00)|(5361.12,.00)|-0.38|1.00|0.00|(5363.08,.00)|(1.00,.00)|5362.083880935305|24.586499776486363|0|null|2.6401887399124475|0|null|false|0|false
142.35|(5345.05,.57)|(1.00,.04)|5344.052179038694|24.586499776486363|5344|0|0|(5355.05,.00)|(5443.40,.00)|(5363.08,.00)|-0.38|1.00|0.00|(5365.05,.00)|(1.00,.00)|5364.052179038694|24.586499776486363|0|null|2.654885529611547|0|null|false|0|false
142.40|(5347.02,.61)|(1.00,.03)|5346.02068649382|24.586499776486363|5346|0|0|(5357.02,.00)|(5445.37,.00)|(5365.05,.00)|-0.46|1.00|0.00|(5367.02,.00)|(1.00,.00)|5366.02068649382|24.586499776486363|0|null|2.6657506766727375|0|null|false|0|false
142.45|(5348.99,.64)|(1.00,.03)|5347.989428418783|24.586499776486363|5347|0|0|(5358.99,.00)|(5447.34,.00)|(5367.02,.00)|-0.46|1.00|0.00|(5368.99,.00)|(1.00,.00)|5367.989428418783|24.586499776486363|0|null|2.6737133025063415|0|null|false|0|false
142.50|(5350.96,.65)|(1.00,.02)|5349.958343565072|24.586499776486363|5349|0|0|(5360.96,.00)|(5449.30,.00)|(5368.99,.00)|-0.46|1.00|0.00|(5370.96,.00)|(1.00,.00)|5369.958343565072|24.586499776486363|0|null|2.678752709039347|0|null|false|0|false
142.55|(5352.93,.66)|(1.00,.02)|5351.927376087359|24.586499776486363|5351|0|0|(5362.93,.00)|(5451.27,.00)|(5370.96,.00)|-0.46|1.00|0.00|(5372.93,.00)|(1.00,.00)|5371.927376087359|24.586499776486363|0|null|2.6809183775911336|0|null|false|0|false
142.60|(5354.90,.66)|(1.00,.01)|5353.896457700513|24.586499776486363|5353|0|0|(5364.90,.00)|(5453.24,.00)|(5372.93,.00)|-0.46|1.00|0.00|(5374.90,.00)|(1.00,.00)|5373.896457700513|24.586499776486363|0|null|2.68014969739715|0|null|false|0|false
142.65|(5356.87,.65)|(1.00,.01)|5355.865525774492|24.586499776486363|5355|0|0|(5366.87,.00)|(5455.21,.00)|(5374.90,.00)|-0.46|1.00|0.00|(5376.87,.00)|(1.00,.00)|5375.865525774492|24.586499776486363|0|null|2.6764322860188985|0|null|false|0|false
142.70|(5358.83,.62)|(1.00,.00)|5357.834517162574|24.586499776486363|5357|0|0|(5368.83,.00)|(5457.18,.00)|(5376.87,.00)|-0.46|1.00|0.00|(5378.83,.00)|(1.00,.00)|5377.834517162574|24.586499776486363|0|null|2.6697529255654224|0|null|false|0|false
142.75|(5360.80,.59)|(1.00,-.00)|5359.803368260711|24.586499776486363|5359|0|0|(5370.80,.00)|(5459.15,.00)|(5378.83,.00)|-0.46|1.00|0.00|(5380.80,.00)|(1.00,.00)|5379.803368260711|24.586499776486363|0|null|2.6600992301453337|0|null|false|0|false
142.80|(5362.77,.54)|(1.00,-.01)|5361.7720150354635|24.586499776486363|5361|0|0|(5372.77,.00)|(5461.12,.00)|(5380.80,.00)|-0.46|1.00|0.00|(5382.77,.00)|(1.00,.00)|5381.7720150354635|24.586499776486363|0|null|2.6474593697718363|0|null|false|0|false
142.85|(5364.74,.48)|(1.00,-.01)|5363.74039302719|24.586499776486363|5363|0|0|(5374.74,.00)|(5463.09,.00)|(5382.77,.00)|-0.46|1.00|0.00|(5384.74,.00)|(1.00,.00)|5383.74039302719|24.586499776486363|0|null|2.631821851881325|0|null|false|0|false
142.90|(5366.71,.41)|(1.00,-.02)|5365.708437335587|24.586499776486363|5365|0|0|(5376.71,.00)|(5465.05,.00)|(5384.74,.00)|-0.46|1.00|0.00|(5386.71,.00)|(1.00,.00)|5385.708437335587|24.586499776486363|0|null|2.613175360532735|0|null|false|0|false
142.95|(5368.68,.33)|(1.00,-.02)|5367.676082594764|24.586499776486363|5367|0|0|(5378.68,.00)|(5467.02,.00)|(5386.71,.00)|-0.46|1.00|0.00|(5388.68,.00)|(1.00,.00)|5387.676082594764|24.586499776486363|0|null|2.5915086522717576|0|null|false|0|false
143.00|(5370.64,.24)|(1.00,-.03)|5369.643262944926|24.586499776486363|5369|0|0|(5380.64,.00)|(5468.99,.00)|(5388.68,.00)|-0.46|1.00|0.00|(5390.64,.00)|(1.00,.00)|5389.643262944926|24.586499776486363|0|null|2.566810506592252|0|null|false|0|false
143.05|(5372.61,.14)|(1.00,-.03)|5371.609912007356|24.586499776486363|5371|0|0|(5382.61,.00)|(5470.96,.00)|(5390.64,.00)|-0.46|1.00|0.00|(5392.61,.00)|(1.00,.00)|5391.609912007356|24.586499776486363|0|null|2.539069727926922|0|null|false|0|false
143.10|(5374.58,.03)|(1.00,-.04)|5373.57596286882|24.586499776486363|5373|0|0|(5384.58,.00)|(5472.92,.00)|(5392.61,.00)|-0.46|1.00|0.00|(5394.58,.00)|(1.00,.00)|5393.57596286882|24.586499776486363|0|null|2.5082751951703894|0|null|false|0|false
143.15|(5376.54,-.09)|(1.00,-.05)|5375.541348080801|24.586499776486363|5375|0|0|(5386.54,.00)|(5474.89,.00)|(5394.58,.00)|-0.46|1.00|0.00|(5396.54,.00)|(1.00,.00)|5395.541348080801|24.586499776486363|0|null|2.474415953898383|0|null|false|0|false
143.20|(5378.51,-.23)|(1.00,-.05)|5377.5059996780565|24.586499776486363|5377|0|0|(5388.51,.00)|(5476.85,.00)|(5396.54,.00)|-0.46|1.00|0.00|(5398.51,.00)|(1.00,.00)|5397.5059996780565|24.586499776486363|0|null|2.4374813457137003|0|null|false|0|false
143.25|(5380.47,-.38)|(1.00,-.06)|5379.469849220016|24.586499776486363|5379|0|0|(5390.47,.00)|(5478.82,.00)|(5398.51,.00)|-0.46|1.00|0.00|(5400.47,.00)|(1.00,.00)|5399.469849220016|24.586499776486363|0|null|2.397461168537544|0|null|false|0|false
143.30|(5382.43,-.53)|(1.00,-.06)|5381.432827857439|24.586499776486363|5381|0|0|(5392.43,.00)|(5480.78,.00)|(5400.47,.00)|-0.46|1.00|0.00|(5402.43,.00)|(1.00,.00)|5401.432827857439|24.586499776486363|0|null|2.354345861186007|0|null|false|0|false
143.35|(5384.39,-.70)|(1.00,-.07)|5383.394866425603|24.586499776486363|5383|0|0|(5394.39,.00)|(5482.74,.00)|(5402.43,.00)|-0.46|1.00|0.00|(5404.39,.00)|(1.00,.00)|5403.394866425603|24.586499776486363|0|null|2.308126705235569|0|null|false|0|false
143.40|(5386.36,-.88)|(1.00,-.07)|5385.355895564129|24.586499776486363|5385|0|0|(5396.36,.00)|(5484.70,.00)|(5404.39,.00)|-0.46|1.00|0.00|(5406.36,.00)|(1.00,.00)|5405.355895564129|24.586499776486363|0|null|2.2587960369950295|0|null|false|0|false
143.45|(5388.32,-1.07)|(1.00,-.08)|5387.315845862392|24.586499776486363|5387|0|0|(5398.32,.00)|(5486.66,.00)|(5406.36,.00)|-0.46|1.00|0.00|(5408.32,.00)|(1.00,.00)|5407.315845862392|24.586499776486363|0|null|2.2063474623678205|0|null|false|0|false
143.50|(5390.27,-1.28)|(1.00,-.09)|5389.274648028335|24.586499776486363|5389|0|0|(5400.27,.00)|(5488.62,.00)|(5408.32,.00)|-0.46|1.00|0.00|(5410.27,.00)|(1.00,.00)|5409.274648028335|24.586499776486363|0|null|2.1507760675083825|0|null|false|0|false
143.55|(5392.23,-1.49)|(1.00,-.09)|5391.232233077454|24.586499776486363|5391|0|0|(5402.23,.00)|(5490.58,.00)|(5410.27,.00)|-0.46|1.00|0.00|(5412.23,.00)|(1.00,.00)|5411.232233077454|24.586499776486363|0|null|2.0920786184460556|0|null|false|0|false
143.60|(5394.19,-1.72)|(1.00,-.10)|5393.188532537792|24.586499776486363|5393|0|0|(5404.19,.00)|(5492.53,.00)|(5412.23,.00)|-0.46|1.00|0.00|(5414.19,.00)|(1.00,.00)|5413.188532537792|24.586499776486363|0|null|2.0302537432633896|0|null|false|0|false
143.65|(5396.14,-1.96)|(.99,-.10)|5395.14347866593|24.586499776486363|5395|0|0|(5406.14,.00)|(5494.49,.00)|(5414.19,.00)|-0.46|1.00|0.00|(5416.14,.00)|(1.00,.00)|5415.14347866593|24.586499776486363|0|null|1.9653020909633017|0|null|false|0|false
143.70|(5398.10,-2.21)|(.99,-.11)|5397.097004668356|24.586499776486363|5397|0|0|(5408.10,.00)|(5496.44,.00)|(5416.14,.00)|-0.46|1.00|0.00|(5418.10,.00)|(1.00,.00)|5417.097004668356|24.586499776486363|0|null|1.8972264618285366|0|null|false|0|false
143.75|(5400.05,-2.47)|(.99,-.12)|5399.049044922071|24.586499776486363|5399|0|0|(5410.05,.00)|(5498.40,.00)|(5418.10,.00)|-0.46|1.00|0.00|(5420.05,.00)|(1.00,.00)|5419.049044922071|24.586499776486363|0|null|1.826031904852183|0|null|false|0|false
143.80|(5402.00,-2.74)|(.99,-.12)|5400.999535188044|24.586499776486363|5400|0|0|(5412.00,.00)|(5500.35,.00)|(5420.05,.00)|-0.46|1.00|0.00|(5422.00,.00)|(1.00,.00)|5420.999535188044|24.586499776486363|0|null|1.7517257786819251|0|null|false|0|false
143.85|(5403.95,-3.02)|(.99,-.13)|5402.948412811055|24.586499776486363|5402|0|0|(5413.95,.00)|(5502.29,.00)|(5422.00,.00)|-0.46|1.00|0.00|(5423.95,.00)|(1.00,.00)|5422.948412811055|24.586499776486363|0|null|1.6743177734537023|0|null|false|0|false
143.90|(5405.90,-3.22)|(.99,-.12)|5404.904596660785|24.586499776486363|5404|0|0|(5415.90,.00)|(5504.25,.00)|(5423.95,.00)|1.12|1.00|0.00|(5425.90,.00)|(1.00,.00)|5424.904596660785|24.586499776486363|0|null|1.6210533702135592|0|null|false|0|false
143.95|(5407.86,-3.39)|(.99,-.11)|5406.863177691434|24.586499776486363|5406|0|0|(5417.86,.00)|(5506.21,.00)|(5425.90,.00)|1.12|1.00|0.00|(5427.86,.00)|(1.00,.00)|5426.863177691434|24.586499776486363|0|null|1.5740308808896648|0|null|false|0|false
144.00|(5409.82,-3.54)|(.99,-.10)|5408.82389374825|24.586499776486363|5408|0|0|(5419.82,.00)|(5508.17,.00)|(5427.86,.00)|1.12|1.00|0.00|(5429.82,.00)|(1.00,.00)|5428.82389374825|24.586499776486363|0|null|1.533359974700741|0|null|false|0|false
144.05|(5411.79,-3.66)|(1.00,-.09)|5410.786469216701|24.586499776486363|5410|0|0|(5421.79,.00)|(5510.13,.00)|(5429.82,.00)|1.12|1.00|0.00|(5431.79,.00)|(1.00,.00)|5430.786469216701|24.586499776486363|0|null|1.499142020374604|0|null|false|0|false
144.10|(5413.75,-3.76)|(1.00,-.08)|5412.750616152878|24.586499776486363|5412|0|0|(5423.75,.00)|(5512.10,.00)|(5431.79,.00)|1.12|1.00|0.00|(5433.75,.00)|(1.00,.00)|5432.750616152878|24.586499776486363|0|null|1.4714705327825177|0|null|false|0|false
144.15|(5415.72,-3.84)|(1.00,-.07)|5414.71603536972|24.586499776486363|5414|0|0|(5425.72,.00)|(5514.06,.00)|(5433.75,.00)|1.12|1.00|0.00|(5435.72,.00)|(1.00,.00)|5434.71603536972|24.586499776486363|0|null|1.4504315662594764|0|null|false|0|false
144.20|(5417.68,-3.84)|(1.00,-.05)|5416.678814769853|24.586499776486363|5416|0|0|(5427.68,.00)|(5516.02,.00)|(5435.72,.00)|1.91|1.00|0.00|(5437.68,.00)|(1.00,.00)|5436.678814769853|24.586499776486363|0|null|1.4495663900751639|0|null|false|0|false
144.25|(5419.64,-3.81)|(1.00,-.04)|5418.641571283409|24.586499776486363|5418|0|0|(5429.64,.00)|(5517.99,.00)|(5437.68,.00)|1.91|1.00|0.00|(5439.64,.00)|(1.00,.00)|5438.641571283409|24.586499776486363|0|null|1.4600993419152977|0|null|false|0|false
144.30|(5421.60,-3.73)|(1.00,-.02)|5420.603370666012|24.586499776486363|5420|0|0|(5431.60,.00)|(5519.95,.00)|(5439.64,.00)|1.91|1.00|0.00|(5441.60,.00)|(1.00,.00)|5440.603370666012|24.586499776486363|0|null|1.4821357937980637|0|null|false|0|false
144.35|(5423.57,-3.62)|(1.00,.00)|5422.565552185614|24.586499776486363|5422|0|0|(5433.57,.00)|(5521.91,.00)|(5441.60,.00)|1.66|1.00|0.00|(5443.57,.00)|(1.00,.00)|5442.565552185614|24.586499776486363|0|null|1.5116160462025752|0|null|false|0|false
144.40|(5425.53,-3.47)|(1.00,.02)|5424.525517912074|24.586499776486363|5424|0|0|(5435.53,.00)|(5523.87,.00)|(5443.57,.00)|1.66|1.00|0.00|(5445.53,.00)|(1.00,.00)|5444.525517912074|24.586499776486363|0|null|1.5513397579425163|0|null|false|0|false
144.45|(5427.48,-3.29)|(1.00,.04)|5426.482510427584|24.586499776486363|5426|0|0|(5437.48,.00)|(5525.83,.00)|(5445.53,.00)|1.66|1.00|0.00|(5447.48,.00)|(1.00,.00)|5446.482510427584|24.586499776486363|0|null|1.6013589088397162|0|null|false|0|false
144.50|(5429.44,-3.07)|(1.00,.05)|5428.435764408746|24.586499776486363|5428|0|0|(5439.44,.00)|(5527.78,.00)|(5447.48,.00)|1.66|1.00|0.00|(5449.44,.00)|(1.00,.00)|5448.435764408746|24.586499776486363|0|null|1.6617143264155574|0|null|false|0|false
144.55|(5431.39,-2.85)|(1.00,.07)|5430.391312871185|24.586499776486363|5430|0|0|(5441.39,.00)|(5529.74,.00)|(5449.44,.00)|1.05|1.00|0.00|(5451.39,.00)|(1.00,.00)|5450.391312871185|24.586499776486363|0|null|1.721988044745012|0|null|false|0|false
144.60|(5433.34,-2.60)|(1.00,.08)|5432.343970199428|24.586499776486363|5432|0|0|(5443.34,.00)|(5531.69,.00)|(5451.39,.00)|1.05|1.00|0.00|(5453.34,.00)|(1.00,.00)|5452.343970199428|24.586499776486363|0|null|1.7890672240112055|0|null|false|0|false
144.65|(5435.29,-2.33)|(1.00,.09)|5434.2934082022575|24.586499776486363|5434|0|0|(5445.29,.00)|(5533.64,.00)|(5453.34,.00)|1.05|1.00|0.00|(5455.29,.00)|(1.00,.00)|5454.2934082022575|24.586499776486363|0|null|1.8629471619197064|0|null|false|0|false
144.70|(5437.24,-2.07)|(.99,.10)|5436.2445097847185|24.586499776486363|5436|0|0|(5447.24,.00)|(5535.59,.00)|(5455.29,.00)|0.53|1.00|0.00|(5457.24,.00)|(1.00,.00)|5456.2445097847185|24.586499776486363|0|null|1.9347037659460864|0|null|false|0|false
144.75|(5439.19,-1.79)|(.99,.11)|5438.193801668752|24.586499776486363|5438|0|0|(5449.19,.00)|(5537.54,.00)|(5457.24,.00)|0.53|1.00|0.00|(5459.19,.00)|(1.00,.00)|5458.193801668752|24.586499776486363|0|null|2.0101928672809977|0|null|false|0|false
144.80|(5441.14,-1.50)|(.99,.12)|5440.141196089902|24.586499776486363|5440|0|0|(5451.14,.00)|(5539.49,.00)|(5459.19,.00)|0.53|1.00|0.00|(5461.14,.00)|(1.00,.00)|5460.141196089902|24.586499776486363|0|null|2.089382091602157|0|null|false|0|false
144.85|(5443.09,-1.20)|(.99,.13)|5442.086607923775|24.586499776486363|5442|0|0|(5453.09,.00)|(5541.43,.00)|(5461.14,.00)|0.53|1.00|0.00|(5463.09,.00)|(1.00,.00)|5462.086607923775|24.586499776486363|0|null|2.1722399377448216|0|null|false|0|false
144.90|(5445.04,-.92)|(.99,.13)|5444.03532557817|24.586499776486363|5444|0|0|(5455.04,.00)|(5543.38,.00)|(5463.09,.00)|-0.12|1.00|0.00|(5465.04,.00)|(1.00,.00)|5464.03532557817|24.586499776486363|0|null|2.2476757341777946|0|null|false|0|false
144.95|(5446.98,-.65)|(.99,.13)|5445.984282895209|24.586499776486363|5445|0|0|(5456.98,.00)|(5545.33,.00)|(5465.04,.00)|-0.12|1.00|0.00|(5466.98,.00)|(1.00,.00)|5465.984282895209|24.586499776486363|0|null|2.32294333137387|0|null|false|0|false
145.00|(5448.93,-.37)|(.99,.13)|5447.933496469452|24.586499776486363|5447|0|0|(5458.93,.00)|(5547.28,.00)|(5466.98,.00)|-0.12|1.00|0.00|(5468.93,.00)|(1.00,.00)|5467.933496469452|24.586499776486363|0|null|2.3979810012399456|0|null|false|0|false
145.05|(5450.88,-.10)|(.99,.14)|5449.882981696469|24.586499776486363|5449|0|0|(5460.88,.00)|(5549.23,.00)|(5468.93,.00)|-0.12|1.00|0.00|(5470.88,.00)|(1.00,.00)|5469.882981696469|24.586499776486363|0|null|2.4727312798288343|0|null|false|0|false
145.10|(5452.84,.15)|(.99,.13)|5451.835051681199|24.586499776486363|5451|0|0|(5462.84,.00)|(5551.18,.00)|(5470.88,.00)|-0.54|1.00|0.00|(5472.84,.00)|(1.00,.00)|5471.835051681199|24.586499776486363|0|null|2.539908569762335|0|null|false|0|false
145.15|(5454.79,.38)|(.99,.13)|5453.78860737085|24.586499776486363|5453|0|0|(5464.79,.00)|(5553.13,.00)|(5472.84,.00)|-0.54|1.00|0.00|(5474.79,.00)|(1.00,.00)|5473.78860737085|24.586499776486363|0|null|2.604225082765001|0|null|false|0|false
145.20|(5456.74,.61)|(.99,.13)|5455.743602539963|24.586499776486363|5455|0|0|(5466.74,.00)|(5555.09,.00)|(5474.79,.00)|-0.54|1.00|0.00|(5476.74,.00)|(1.00,.00)|5475.743602539963|24.586499776486363|0|null|2.6656086195329456|0|null|false|0|false
145.25|(5458.70,.82)|(.99,.12)|5457.6999860128235|24.586499776486363|5457|0|0|(5468.70,.00)|(5557.05,.00)|(5476.74,.00)|-0.54|1.00|0.00|(5478.70,.00)|(1.00,.00)|5477.6999860128235|24.586499776486363|0|null|2.7239928281136336|0|null|false|0|false
145.30|(5460.66,.99)|(.99,.11)|5459.658699348531|24.586499776486363|5459|0|0|(5470.66,.00)|(5559.00,.00)|(5478.70,.00)|-1.03|1.00|0.00|(5480.66,.00)|(1.00,.00)|5479.658699348531|24.586499776486363|0|null|2.770811944649629|0|null|false|0|false
145.35|(5462.62,1.14)|(.99,.11)|5461.6194711461385|24.586499776486363|5461|0|0|(5472.62,.00)|(5560.97,.00)|(5480.66,.00)|-1.03|1.00|0.00|(5482.62,.00)|(1.00,.00)|5481.6194711461385|24.586499776486363|0|null|2.8116058949586673|0|null|false|0|false
145.40|(5464.58,1.27)|(1.00,.10)|5463.582046370102|24.586499776486363|5463|0|0|(5474.58,.00)|(5562.93,.00)|(5482.62,.00)|-1.03|1.00|0.00|(5484.58,.00)|(1.00,.00)|5483.582046370102|24.586499776486363|0|null|2.8462922903562866|0|null|false|0|false
145.45|(5466.55,1.36)|(1.00,.09)|5465.546010628125|24.586499776486363|5465|0|0|(5476.55,.00)|(5564.89,.00)|(5484.58,.00)|-1.15|1.00|0.00|(5486.55,.00)|(1.00,.00)|5485.546010628125|24.586499776486363|0|null|2.872785471262442|0|null|false|0|false
145.50|(5468.51,1.44)|(1.00,.07)|5467.511280247835|24.586499776486363|5467|0|0|(5478.51,.00)|(5566.86,.00)|(5486.55,.00)|-1.15|1.00|0.00|(5488.51,.00)|(1.00,.00)|5487.511280247835|24.586499776486363|0|null|2.8923423688195546|0|null|false|0|false
145.55|(5470.48,1.48)|(1.00,.06)|5469.477511123268|24.586499776486363|5469|0|0|(5480.48,.00)|(5568.82,.00)|(5488.51,.00)|-1.15|1.00|0.00|(5490.48,.00)|(1.00,.00)|5489.477511123268|24.586499776486363|0|null|2.904898407806099|0|null|false|0|false
145.60|(5472.44,1.51)|(1.00,.05)|5471.444510852051|24.586499776486363|5471|0|0|(5482.44,.00)|(5570.79,.00)|(5490.48,.00)|-1.10|1.00|0.00|(5492.44,.00)|(1.00,.00)|5491.444510852051|24.586499776486363|0|null|2.9112095848672723|0|null|false|0|false
145.65|(5474.41,1.50)|(1.00,.04)|5473.411794333235|24.586499776486363|5473|0|0|(5484.41,.00)|(5572.76,.00)|(5492.44,.00)|-1.10|1.00|0.00|(5494.41,.00)|(1.00,.00)|5493.411794333235|24.586499776486363|0|null|2.9106951819692264|0|null|false|0|false
145.70|(5476.38,1.48)|(1.00,.03)|5475.37902786736|24.586499776486363|5475|0|0|(5486.38,.00)|(5574.73,.00)|(5494.41,.00)|-1.10|1.00|0.00|(5496.38,.00)|(1.00,.00)|5495.37902786736|24.586499776486363|0|null|2.903318350355287|0|null|false|0|false
145.75|(5478.35,1.43)|(1.00,.02)|5477.346650958129|24.586499776486363|5477|0|0|(5488.35,.00)|(5576.69,.00)|(5496.38,.00)|-0.94|1.00|0.00|(5498.35,.00)|(1.00,.00)|5497.346650958129|24.586499776486363|0|null|2.8919221747958654|0|null|false|0|false
145.80|(5480.31,1.37)|(1.00,.00)|5479.313780597868|24.586499776486363|5479|0|0|(5490.31,.00)|(5578.66,.00)|(5498.35,.00)|-0.94|1.00|0.00|(5500.31,.00)|(1.00,.00)|5499.313780597868|24.586499776486363|0|null|2.8745977414836585|0|null|false|0|false
145.85|(5482.28,1.29)|(1.00,-.01)|5481.280167487739|24.586499776486363|5481|0|0|(5492.28,.00)|(5580.63,.00)|(5500.31,.00)|-0.94|1.00|0.00|(5502.28,.00)|(1.00,.00)|5501.280167487739|24.586499776486363|0|null|2.8513373340789627|0|null|false|0|false
145.90|(5484.25,1.18)|(1.00,-.02)|5483.245563151764|24.586499776486363|5483|0|0|(5494.25,.00)|(5582.59,.00)|(5502.28,.00)|-0.94|1.00|0.00|(5504.25,.00)|(1.00,.00)|5503.245563151764|24.586499776486363|0|null|2.822138248073328|0|null|false|0|false
145.95|(5486.21,1.07)|(1.00,-.03)|5485.21150067341|24.586499776486363|5485|0|0|(5496.21,.00)|(5584.56,.00)|(5504.25,.00)|-0.61|1.00|0.00|(5506.21,.00)|(1.00,.00)|5505.21150067341|24.586499776486363|0|null|2.7925707110990015|0|null|false|0|false
146.00|(5488.18,.95)|(1.00,-.03)|5487.176616524828|24.586499776486363|5487|0|0|(5498.18,.00)|(5586.52,.00)|(5506.21,.00)|-0.61|1.00|0.00|(5508.18,.00)|(1.00,.00)|5507.176616524828|24.586499776486363|0|null|2.75898357353818|0|null|false|0|false
146.05|(5490.14,.81)|(1.00,-.04)|5489.140802301195|24.586499776486363|5489|0|0|(5500.14,.00)|(5588.49,.00)|(5508.18,.00)|-0.61|1.00|0.00|(5510.14,.00)|(1.00,.00)|5509.140802301195|24.586499776486363|0|null|2.7214023380523544|0|null|false|0|false
146.10|(5492.10,.66)|(1.00,-.05)|5491.103952561666|24.586499776486363|5491|0|0|(5502.10,.00)|(5590.45,.00)|(5510.14,.00)|-0.61|1.00|0.00|(5512.10,.00)|(1.00,.00)|5511.103952561666|24.586499776486363|0|null|2.6798539883693366|0|null|false|0|false
146.15|(5494.07,.51)|(1.00,-.06)|5493.06747985677|24.586499776486363|5493|0|0|(5504.07,.00)|(5592.41,.00)|(5512.10,.00)|-0.33|1.00|0.00|(5514.07,.00)|(1.00,.00)|5513.06747985677|24.586499776486363|0|null|2.63924030133232|0|null|false|0|false
146.20|(5496.03,.35)|(1.00,-.06)|5495.030409916048|24.586499776486363|5495|0|0|(5506.03,.00)|(5594.38,.00)|(5514.07,.00)|-0.33|1.00|0.00|(5516.03,.00)|(1.00,.00)|5515.030409916048|24.586499776486363|0|null|2.5963878838256638|0|null|false|0|false
146.25|(5497.99,.19)|(1.00,-.07)|5496.992717899217|24.586499776486363|5496|0|0|(5507.99,.00)|(5596.34,.00)|(5516.03,.00)|-0.33|1.00|0.00|(5517.99,.00)|(1.00,.00)|5516.992717899217|24.586499776486363|0|null|2.551340719222529|0|null|false|0|false
146.30|(5499.96,.04)|(1.00,-.07)|5498.956044887497|24.586499776486363|5498|0|0|(5509.96,.00)|(5598.30,.00)|(5517.99,.00)|0.07|1.00|0.00|(5519.96,.00)|(1.00,.00)|5518.956044887497|24.586499776486363|0|null|2.5110859777217884|0|null|false|0|false
146.35|(5501.92,-.11)|(1.00,-.07)|5500.91951828958|24.586499776486363|5500|0|0|(5511.92,.00)|(5600.27,.00)|(5519.96,.00)|0.07|1.00|0.00|(5521.92,.00)|(1.00,.00)|5520.91951828958|24.586499776486363|0|null|2.4711003653612567|0|null|false|0|false
146.40|(5503.88,-.25)|(1.00,-.07)|5502.883147261423|24.586499776486363|5502|0|0|(5513.88,.00)|(5602.23,.00)|(5521.92,.00)|0.07|1.00|0.00|(5523.88,.00)|(1.00,.00)|5522.883147261423|24.586499776486363|0|null|2.431445467440888|0|null|false|0|false
146.45|(5505.85,-.39)|(1.00,-.07)|5504.846940136415|24.586499776486363|5504|0|0|(5515.85,.00)|(5604.19,.00)|(5523.88,.00)|0.07|1.00|0.00|(5525.85,.00)|(1.00,.00)|5524.846940136415|24.586499776486363|0|null|2.392178816496255|0|null|false|0|false
146.50|(5507.81,-.54)|(1.00,-.07)|5506.810904313402|24.586499776486363|5506|0|0|(5517.81,.00)|(5606.16,.00)|(5525.85,.00)|0.07|1.00|0.00|(5527.81,.00)|(1.00,.00)|5526.810904313402|24.586499776486363|0|null|2.3533538786569945|0|null|false|0|false
146.55|(5509.78,-.66)|(1.00,-.07)|5508.77570219667|24.586499776486363|5508|0|0|(5519.78,.00)|(5608.12,.00)|(5527.81,.00)|0.39|1.00|0.00|(5529.78,.00)|(1.00,.00)|5528.77570219667|24.586499776486363|0|null|2.3204455001590714|0|null|false|0|false
146.60|(5511.74,-.77)|(1.00,-.07)|5510.741109970278|24.586499776486363|5510|0|0|(5521.74,.00)|(5610.09,.00)|(5529.78,.00)|0.39|1.00|0.00|(5531.74,.00)|(1.00,.00)|5530.741109970278|24.586499776486363|0|null|2.2899333828418316|0|null|false|0|false
146.65|(5513.71,-.87)|(1.00,-.06)|5512.707091156613|24.586499776486363|5512|0|0|(5523.71,.00)|(5612.05,.00)|(5531.74,.00)|0.39|1.00|0.00|(5533.71,.00)|(1.00,.00)|5532.707091156613|24.586499776486363|0|null|2.2618767835804015|0|null|false|0|false
146.70|(5515.67,-.95)|(1.00,-.06)|5514.673615040391|24.586499776486363|5514|0|0|(5525.67,.00)|(5614.02,.00)|(5533.71,.00)|0.59|1.00|0.00|(5535.67,.00)|(1.00,.00)|5534.673615040391|24.586499776486363|0|null|2.23980275221601|0|null|false|0|false
146.75|(5517.64,-1.02)|(1.00,-.05)|5516.640758173218|24.586499776486363|5516|0|0|(5527.64,.00)|(5615.99,.00)|(5535.67,.00)|0.59|1.00|0.00|(5537.64,.00)|(1.00,.00)|5536.640758173218|24.586499776486363|0|null|2.2214761181357403|0|null|false|0|false
146.80|(5519.61,-1.07)|(1.00,-.05)|5518.608420688104|24.586499776486363|5518|0|0|(5529.61,.00)|(5617.95,.00)|(5537.64,.00)|0.59|1.00|0.00|(5539.61,.00)|(1.00,.00)|5538.608420688104|24.586499776486363|0|null|2.206949794964273|0|null|false|0|false
146.85|(5521.58,-1.11)|(1.00,-.04)|5520.5764341035865|24.586499776486363|5520|0|0|(5531.58,.00)|(5619.92,.00)|(5539.61,.00)|0.63|1.00|0.00|(5541.58,.00)|(1.00,.00)|5540.5764341035865|24.586499776486363|0|null|2.196960257236995|0|null|false|0|false
146.90|(5523.54,-1.13)|(1.00,-.03)|5522.544754658382|24.586499776486363|5522|0|0|(5533.54,.00)|(5621.89,.00)|(5541.58,.00)|0.63|1.00|0.00|(5543.54,.00)|(1.00,.00)|5542.544754658382|24.586499776486363|0|null|2.1910927772115896|0|null|false|0|false
146.95|(5525.51,-1.14)|(1.00,-.03)|5524.513259530129|24.586499776486363|5524|0|0|(5535.51,.00)|(5623.86,.00)|(5543.54,.00)|0.63|1.00|0.00|(5545.51,.00)|(1.00,.00)|5544.513259530129|24.586499776486363|0|null|2.1893818054063208|0|null|false|0|false
147.00|(5527.48,-1.13)|(1.00,-.02)|5526.481823801828|24.586499776486363|5526|0|0|(5537.48,.00)|(5625.83,.00)|(5545.51,.00)|0.63|1.00|0.00|(5547.48,.00)|(1.00,.00)|5546.481823801828|24.586499776486363|0|null|2.1918551084601416|0|null|false|0|false
147.05|(5529.45,-1.11)|(1.00,-.01)|5528.450553346673|24.586499776486363|5528|0|0|(5539.45,.00)|(5627.80,.00)|(5547.48,.00)|0.55|1.00|0.00|(5549.45,.00)|(1.00,.00)|5548.450553346673|24.586499776486363|0|null|2.1971930802584407|0|null|false|0|false
147.10|(5531.42,-1.07)|(1.00,-.01)|5530.419147151992|24.586499776486363|5530|0|0|(5541.42,.00)|(5629.77,.00)|(5549.45,.00)|0.55|1.00|0.00|(5551.42,.00)|(1.00,.00)|5550.419147151992|24.586499776486363|0|null|2.206291517385363|0|null|false|0|false
147.15|(5533.39,-1.03)|(1.00,.00)|5532.387504030623|24.586499776486363|5532|0|0|(5543.39,.00)|(5631.73,.00)|(5551.42,.00)|0.55|1.00|0.00|(5553.39,.00)|(1.00,.00)|5552.387504030623|24.586499776486363|0|null|2.2191559746715463|0|null|false|0|false
147.20|(5535.36,-.98)|(1.00,.01)|5534.355965166329|24.586499776486363|5534|0|0|(5545.36,.00)|(5633.70,.00)|(5553.39,.00)|0.42|1.00|0.00|(5555.36,.00)|(1.00,.00)|5554.355965166329|24.586499776486363|0|null|2.2335523686311074|0|null|false|0|false
147.25|(5537.32,-.91)|(1.00,.01)|5536.32412943224|24.586499776486363|5536|0|0|(5547.32,.00)|(5635.67,.00)|(5555.36,.00)|0.42|1.00|0.00|(5557.32,.00)|(1.00,.00)|5556.32412943224|24.586499776486363|0|null|2.2509444643785947|0|null|false|0|false
147.30|(5539.29,-.84)|(1.00,.02)|5538.291935050305|24.586499776486363|5538|0|0|(5549.29,.00)|(5637.64,.00)|(5557.32,.00)|0.42|1.00|0.00|(5559.29,.00)|(1.00,.00)|5558.291935050305|24.586499776486363|0|null|2.2713179706918094|0|null|false|0|false
147.35|(5541.26,-.75)|(1.00,.02)|5540.259321807401|24.586499776486363|5540|0|0|(5551.26,.00)|(5639.61,.00)|(5559.29,.00)|0.42|1.00|0.00|(5561.26,.00)|(1.00,.00)|5560.259321807401|24.586499776486363|0|null|2.2946558837303703|0|null|false|0|false
147.40|(5543.23,-.66)|(1.00,.03)|5542.226788496373|24.586499776486363|5542|0|0|(5553.23,.00)|(5641.57,.00)|(5561.26,.00)|0.27|1.00|0.00|(5563.23,.00)|(1.00,.00)|5562.226788496373|24.586499776486363|0|null|2.3183337538584095|0|null|false|0|false
147.45|(5545.19,-.57)|(1.00,.03)|5544.193929016931|24.586499776486363|5544|0|0|(5555.19,.00)|(5643.54,.00)|(5563.23,.00)|0.27|1.00|0.00|(5565.19,.00)|(1.00,.00)|5564.193929016931|24.586499776486363|0|null|2.3440409932901147|0|null|false|0|false
147.50|(5547.16,-.47)|(1.00,.04)|5546.160719512069|24.586499776486363|5546|0|0|(5557.16,.00)|(5645.51,.00)|(5565.19,.00)|0.27|1.00|0.00|(5567.16,.00)|(1.00,.00)|5566.160719512069|24.586499776486363|0|null|2.371746923131516|0|null|false|0|false
147.55|(5549.13,-.36)|(1.00,.04)|5548.1271376107825|24.586499776486363|5548|0|0|(5559.13,.00)|(5647.47,.00)|(5567.16,.00)|0.27|1.00|0.00|(5569.13,.00)|(1.00,.00)|5568.1271376107825|24.586499776486363|0|null|2.401420657471368|0|null|false|0|false
147.60|(5551.09,-.27)|(1.00,.04)|5550.094159558353|24.586499776486363|5550|0|0|(5561.09,.00)|(5649.44,.00)|(5569.13,.00)|-0.05|1.00|0.00|(5571.09,.00)|(1.00,.00)|5570.094159558353|24.586499776486363|0|null|2.427490843019192|0|null|false|0|false
147.65|(5553.06,-.17)|(1.00,.04)|5552.061202315738|24.586499776486363|5552|0|0|(5563.06,.00)|(5651.41,.00)|(5571.09,.00)|-0.05|1.00|0.00|(5573.06,.00)|(1.00,.00)|5572.061202315738|24.586499776486363|0|null|2.4535662347835094|0|null|false|0|false
147.70|(5555.03,-.07)|(1.00,.04)|5554.028272107114|24.586499776486363|5554|0|0|(5565.03,.00)|(5653.37,.00)|(5573.06,.00)|-0.05|1.00|0.00|(5575.03,.00)|(1.00,.00)|5574.028272107114|24.586499776486363|0|null|2.4795999868753014|0|null|false|0|false
147.75|(5557.00,.01)|(1.00,.04)|5555.9956534712255|24.586499776486363|5555|0|0|(5567.00,.00)|(5655.34,.00)|(5575.03,.00)|-0.21|1.00|0.00|(5577.00,.00)|(1.00,.00)|5575.9956534712255|24.586499776486363|0|null|2.5027935514191944|0|null|false|0|false
147.80|(5558.96,.09)|(1.00,.04)|5557.963229039507|24.586499776486363|5557|0|0|(5568.96,.00)|(5657.31,.00)|(5577.00,.00)|-0.21|1.00|0.00|(5578.96,.00)|(1.00,.00)|5577.963229039507|24.586499776486363|0|null|2.5249154848085027|0|null|false|0|false
147.85|(5560.93,.17)|(1.00,.04)|5559.930995133641|24.586499776486363|5559|0|0|(5570.93,.00)|(5659.28,.00)|(5578.96,.00)|-0.21|1.00|0.00|(5580.93,.00)|(1.00,.00)|5579.930995133641|24.586499776486363|0|null|2.545919341047644|0|null|false|0|false
147.90|(5562.90,.23)|(1.00,.04)|5561.89902443267|24.586499776486363|5561|0|0|(5572.90,.00)|(5661.25,.00)|(5580.93,.00)|-0.33|1.00|0.00|(5582.90,.00)|(1.00,.00)|5581.89902443267|24.586499776486363|0|null|2.5637648607295995|0|null|false|0|false
147.95|(5564.87,.29)|(1.00,.04)|5563.867303852551|24.586499776486363|5563|0|0|(5574.87,.00)|(5663.21,.00)|(5582.90,.00)|-0.33|1.00|0.00|(5584.87,.00)|(1.00,.00)|5583.867303852551|24.586499776486363|0|null|2.579726413457732|0|null|false|0|false
148.00|(5566.84,.34)|(1.00,.03)|5565.835810336879|24.586499776486363|5565|0|0|(5576.84,.00)|(5665.18,.00)|(5584.87,.00)|-0.33|1.00|0.00|(5586.84,.00)|(1.00,.00)|5585.835810336879|24.586499776486363|0|null|2.593763833085994|0|null|false|0|false
148.05|(5568.80,.39)|(1.00,.03)|5567.804519095728|24.586499776486363|5567|0|0|(5578.80,.00)|(5667.15,.00)|(5586.84,.00)|-0.33|1.00|0.00|(5588.80,.00)|(1.00,.00)|5587.804519095728|24.586499776486363|0|null|2.60584184565636|0|null|false|0|false
148.10|(5570.77,.42)|(1.00,.03)|5569.773372836757|24.586499776486363|5569|0|0|(5580.77,.00)|(5669.12,.00)|(5588.80,.00)|-0.39|1.00|0.00|(5590.77,.00)|(1.00,.00)|5589.773372836757|24.586499776486363|0|null|2.614891528431693|0|null|false|0|false
148.15|(5572.74,.44)|(1.00,.02)|5571.742383069557|24.586499776486363|5571|0|0|(5582.74,.00)|(5671.09,.00)|(5590.77,.00)|-0.39|1.00|0.00|(5592.74,.00)|(1.00,.00)|5591.742383069557|24.586499776486363|0|null|2.621568780753418|0|null|false|0|false
148.20|(5574.71,.46)|(1.00,.02)|5573.71150986291|24.586499776486363|5573|0|0|(5584.71,.00)|(5673.06,.00)|(5592.74,.00)|-0.39|1.00|0.00|(5594.71,.00)|(1.00,.00)|5593.71150986291|24.586499776486363|0|null|2.6258486522106015|0|null|false|0|false
148.25|(5576.68,.47)|(1.00,.02)|5575.680712188556|24.586499776486363|5575|0|0|(5586.68,.00)|(5675.03,.00)|(5594.71,.00)|-0.39|1.00|0.00|(5596.68,.00)|(1.00,.00)|5595.680712188556|24.586499776486363|0|null|2.627710679357006|0|null|false|0|false
148.30|(5578.65,.47)|(1.00,.01)|5577.649972535662|24.586499776486363|5577|0|0|(5588.65,.00)|(5677.00,.00)|(5596.68,.00)|-0.37|1.00|0.00|(5598.65,.00)|(1.00,.00)|5597.649972535662|24.586499776486363|0|null|2.627419243499776|0|null|false|0|false
148.35|(5580.62,.46)|(1.00,.01)|5579.619229278299|24.586499776486363|5579|0|0|(5590.62,.00)|(5678.97,.00)|(5598.65,.00)|-0.37|1.00|0.00|(5600.62,.00)|(1.00,.00)|5599.619229278299|24.586499776486363|0|null|2.624777638923385|0|null|false|0|false
148.40|(5582.59,.44)|(1.00,.00)|5581.588442906432|24.586499776486363|5581|0|0|(5592.59,.00)|(5680.93,.00)|(5600.62,.00)|-0.37|1.00|0.00|(5602.59,.00)|(1.00,.00)|5601.588442906432|24.586499776486363|0|null|2.6197778076783083|0|null|false|0|false
148.45|(5584.56,.41)|(1.00,.00)|5583.557573786446|24.586499776486363|5583|0|0|(5594.56,.00)|(5682.90,.00)|(5602.59,.00)|-0.37|1.00|0.00|(5604.56,.00)|(1.00,.00)|5603.557573786446|24.586499776486363|0|null|2.612414693947097|0|null|false|0|false
148.50|(5586.53,.38)|(1.00,-.00)|5585.526582316861|24.586499776486363|5585|0|0|(5596.53,.00)|(5684.87,.00)|(5604.56,.00)|-0.37|1.00|0.00|(5606.53,.00)|(1.00,.00)|5605.526582316861|24.586499776486363|0|null|2.6026858501069325|0|null|false|0|false
148.55|(5588.50,.33)|(1.00,-.01)|5587.495429053316|24.586499776486363|5587|0|0|(5598.50,.00)|(5686.84,.00)|(5606.53,.00)|-0.37|1.00|0.00|(5608.50,.00)|(1.00,.00)|5607.495429053316|24.586499776486363|0|null|2.5905910296708026|0|null|false|0|false
148.60|(5590.46,.28)|(1.00,-.01)|5589.464074801332|24.586499776486363|5589|0|0|(5600.46,.00)|(5688.81,.00)|(5608.50,.00)|-0.37|1.00|0.00|(5610.46,.00)|(1.00,.00)|5609.464074801332|24.586499776486363|0|null|2.5761317726598203|0|null|false|0|false
148.65|(5592.43,.22)|(1.00,-.02)|5591.432480676283|24.586499776486363|5591|0|0|(5602.43,.00)|(5690.78,.00)|(5610.46,.00)|-0.37|1.00|0.00|(5612.43,.00)|(1.00,.00)|5611.432480676283|24.586499776486363|0|null|2.5593109893153776|0|null|false|0|false
148.70|(5594.40,.15)|(1.00,-.02)|5593.400608130847|24.586499776486363|5593|0|0|(5604.40,.00)|(5692.75,.00)|(5612.43,.00)|-0.37|1.00|0.00|(5614.40,.00)|(1.00,.00)|5613.400608130847|24.586499776486363|0|null|2.5401325482858996|0|null|false|0|false
148.75|(5596.37,.07)|(1.00,-.03)|5595.368418951067|24.586499776486363|5595|0|0|(5606.37,.00)|(5694.71,.00)|(5614.40,.00)|-0.37|1.00|0.00|(5616.37,.00)|(1.00,.00)|5615.368418951067|24.586499776486363|0|null|2.518600875512427|0|null|false|0|false
148.80|(5598.34,-.02)|(1.00,-.03)|5597.3358752229615|24.586499776486363|5597|0|0|(5608.34,.00)|(5696.68,.00)|(5616.37,.00)|-0.37|1.00|0.00|(5618.34,.00)|(1.00,.00)|5617.3358752229615|24.586499776486363|0|null|2.4947205699869954|0|null|false|0|false
148.85|(5600.30,-.12)|(1.00,-.03)|5599.302939272353|24.586499776486363|5599|0|0|(5610.30,.00)|(5698.65,.00)|(5618.34,.00)|-0.37|1.00|0.00|(5620.30,.00)|(1.00,.00)|5619.302939272353|24.586499776486363|0|null|2.4684960423679665|0|null|false|0|false
148.90|(5602.27,-.22)|(1.00,-.04)|5601.269573581212|24.586499776486363|5601|0|0|(5612.27,.00)|(5700.62,.00)|(5620.30,.00)|-0.37|1.00|0.00|(5622.27,.00)|(1.00,.00)|5621.269573581212|24.586499776486363|0|null|2.439931182110565|0|null|false|0|false
148.95|(5604.24,-.33)|(1.00,-.04)|5603.235740684406|24.586499776486363|5603|0|0|(5614.24,.00)|(5702.58,.00)|(5622.27,.00)|-0.37|1.00|0.00|(5624.24,.00)|(1.00,.00)|5623.235740684406|24.586499776486363|0|null|2.4090290583154466|0|null|false|0|false
149.00|(5606.20,-.45)|(1.00,-.05)|5605.201403051135|24.586499776486363|5605|0|0|(5616.20,.00)|(5704.55,.00)|(5624.24,.00)|-0.37|1.00|0.00|(5626.20,.00)|(1.00,.00)|5625.201403051135|24.586499776486363|0|null|2.3757916589227506|0|null|false|0|false
149.05|(5608.17,-.58)|(1.00,-.05)|5607.166522955713|24.586499776486363|5607|0|0|(5618.17,.00)|(5706.51,.00)|(5626.20,.00)|-0.37|1.00|0.00|(5628.17,.00)|(1.00,.00)|5627.166522955713|24.586499776486363|0|null|2.3402196721959507|0|null|false|0|false
149.10|(5610.13,-.72)|(1.00,-.06)|5609.131062342532|24.586499776486363|5609|0|0|(5620.13,.00)|(5708.48,.00)|(5628.17,.00)|-0.37|1.00|0.00|(5630.13,.00)|(1.00,.00)|5629.131062342532|24.586499776486363|0|null|2.3023123136636148|0|null|false|0|false
149.15|(5612.09,-.87)|(1.00,-.06)|5611.094982690139|24.586499776486363|5611|0|0|(5622.09,.00)|(5710.44,.00)|(5630.13,.00)|-0.37|1.00|0.00|(5632.09,.00)|(1.00,.00)|5631.094982690139|24.586499776486363|0|null|2.262067200834589|0|null|false|0|false
149.20|(5614.06,-1.03)|(1.00,-.07)|5613.058244879359|24.586499776486363|5613|0|0|(5624.06,.00)|(5712.40,.00)|(5632.09,.00)|-0.37|1.00|0.00|(5634.06,.00)|(1.00,.00)|5633.058244879359|24.586499776486363|0|null|2.219480277091611|0|null|false|0|false
149.25|(5616.02,-1.19)|(1.00,-.07)|5615.020809070224|24.586499776486363|5615|0|0|(5626.02,.00)|(5714.37,.00)|(5634.06,.00)|-0.37|1.00|0.00|(5636.02,.00)|(1.00,.00)|5635.020809070224|24.586499776486363|0|null|2.174545785219645|0|null|false|0|false
149.30|(5617.99,-1.31)|(1.00,-.07)|5616.985687813744|24.586499776486363|5616|0|0|(5627.99,.00)|(5716.33,.00)|(5636.02,.00)|0.42|1.00|0.00|(5637.99,.00)|(1.00,.00)|5636.985687813744|24.586499776486363|0|null|2.1408552119829083|0|null|false|0|false
149.35|(5619.95,-1.43)|(1.00,-.07)|5618.951146608217|24.586499776486363|5618|0|0|(5629.95,.00)|(5718.30,.00)|(5637.99,.00)|0.42|1.00|0.00|(5639.95,.00)|(1.00,.00)|5638.951146608217|24.586499776486363|0|null|2.109464878052467|0|null|false|0|false
149.40|(5621.92,-1.54)|(1.00,-.06)|5620.917150144079|24.586499776486363|5620|0|0|(5631.92,.00)|(5720.26,.00)|(5639.95,.00)|0.42|1.00|0.00|(5641.92,.00)|(1.00,.00)|5640.917150144079|24.586499776486363|0|null|2.0804075162606654|0|null|false|0|false
149.45|(5623.88,-1.63)|(1.00,-.06)|5622.883660825573|24.586499776486363|5622|0|0|(5633.88,.00)|(5722.23,.00)|(5641.92,.00)|0.42|1.00|0.00|(5643.88,.00)|(1.00,.00)|5642.883660825573|24.586499776486363|0|null|2.053709756427385|0|null|false|0|false
149.50|(5625.85,-1.69)|(1.00,-.05)|5624.8504199944455|24.586499776486363|5624|0|0|(5635.85,.00)|(5724.20,.00)|(5643.88,.00)|0.89|1.00|0.00|(5645.85,.00)|(1.00,.00)|5644.8504199944455|24.586499776486363|0|null|2.037571176904523|0|null|false|0|false
149.55|(5627.82,-1.73)|(1.00,-.04)|5626.817790579406|24.586499776486363|5626|0|0|(5637.82,.00)|(5726.16,.00)|(5645.85,.00)|0.89|1.00|0.00|(5647.82,.00)|(1.00,.00)|5646.817790579406|24.586499776486363|0|null|2.026635126753267|0|null|false|0|false
149.60|(5629.79,-1.75)|(1.00,-.04)|5628.785578764714|24.586499776486363|5628|0|0|(5639.79,.00)|(5728.13,.00)|(5647.82,.00)|0.89|1.00|0.00|(5649.79,.00)|(1.00,.00)|5648.785578764714|24.586499776486363|0|null|2.0209404922577443|0|null|false|0|false
149.65|(5631.75,-1.76)|(1.00,-.03)|5630.753611411675|24.586499776486363|5630|0|0|(5641.75,.00)|(5730.10,.00)|(5649.79,.00)|0.89|1.00|0.00|(5651.75,.00)|(1.00,.00)|5650.753611411675|24.586499776486363|0|null|2.0203896329305504|0|null|false|0|false
149.70|(5633.72,-1.74)|(1.00,-.02)|5632.721669398034|24.586499776486363|5632|0|0|(5643.72,.00)|(5732.07,.00)|(5651.75,.00)|0.89|1.00|0.00|(5653.72,.00)|(1.00,.00)|5652.721669398034|24.586499776486363|0|null|2.0250926916819343|0|null|false|0|false
149.75|(5635.69,-1.70)|(1.00,-.01)|5634.689554598793|24.586499776486363|5634|0|0|(5645.69,.00)|(5734.04,.00)|(5653.72,.00)|0.89|1.00|0.00|(5655.69,.00)|(1.00,.00)|5654.689554598793|24.586499776486363|0|null|2.0350688198633784|0|null|false|0|false
149.80|(5637.66,-1.65)|(1.00,-.00)|5636.65706786768|24.586499776486363|5636|0|0|(5647.66,.00)|(5736.00,.00)|(5655.69,.00)|0.89|1.00|0.00|(5657.66,.00)|(1.00,.00)|5656.65706786768|24.586499776486363|0|null|2.0503322996698707|0|null|false|0|false
149.85|(5639.62,-1.58)|(1.00,.01)|5638.6248495605|24.586499776486363|5638|0|0|(5649.62,.00)|(5737.97,.00)|(5657.66,.00)|0.70|1.00|0.00|(5659.62,.00)|(1.00,.00)|5658.6248495605|24.586499776486363|0|null|2.067765115592435|0|null|false|0|false
149.90|(5641.59,-1.50)|(1.00,.01)|5640.592114442125|24.586499776486363|5640|0|0|(5651.59,.00)|(5739.94,.00)|(5659.62,.00)|0.70|1.00|0.00|(5661.59,.00)|(1.00,.00)|5660.592114442125|24.586499776486363|0|null|2.0894277958462864|0|null|false|0|false
149.95|(5643.56,-1.41)|(1.00,.02)|5642.558736546001|24.586499776486363|5642|0|0|(5653.56,.00)|(5741.90,.00)|(5661.59,.00)|0.70|1.00|0.00|(5663.56,.00)|(1.00,.00)|5662.558736546001|24.586499776486363|0|null|2.1153152754236286|0|null|false|0|false
150.00|(5645.53,-1.31)|(1.00,.03)|5644.525585431556|24.586499776486363|5644|0|0|(5655.53,.00)|(5743.87,.00)|(5663.56,.00)|0.49|1.00|0.00|(5665.53,.00)|(1.00,.00)|5664.525585431556|24.586499776486363|0|null|2.1417718635317065|0|null|false|0|false
150.05|(5647.49,-1.20)|(1.00,.03)|5646.491893318537|24.586499776486363|5646|0|0|(5657.49,.00)|(5745.84,.00)|(5665.53,.00)|0.49|1.00|0.00|(5667.49,.00)|(1.00,.00)|5666.491893318537|24.586499776486363|0|null|2.1711879478938614|0|null|false|0|false
150.10|(5649.46,-1.09)|(1.00,.04)|5648.457601489991|24.586499776486363|5648|0|0|(5659.46,.00)|(5747.80,.00)|(5667.49,.00)|0.49|1.00|0.00|(5669.46,.00)|(1.00,.00)|5668.457601489991|24.586499776486363|0|null|2.203546764806593|0|null|false|0|false
150.15|(5651.42,-.97)|(1.00,.04)|5650.423594327576|24.586499776486363|5650|0|0|(5661.42,.00)|(5749.77,.00)|(5669.46,.00)|0.27|1.00|0.00|(5671.42,.00)|(1.00,.00)|5670.423594327576|24.586499776486363|0|null|2.2350774657104937|0|null|false|0|false
150.20|(5653.39,-.85)|(1.00,.05)|5652.389246488885|24.586499776486363|5652|0|0|(5663.39,.00)|(5751.74,.00)|(5671.42,.00)|0.27|1.00|0.00|(5673.39,.00)|(1.00,.00)|5672.389246488885|24.586499776486363|0|null|2.2682340432773165|0|null|false|0|false
150.25|(5655.35,-.72)|(1.00,.05)|5654.354543347491|24.586499776486363|5654|0|0|(5665.35,.00)|(5753.70,.00)|(5673.39,.00)|0.27|1.00|0.00|(5675.35,.00)|(1.00,.00)|5674.354543347491|24.586499776486363|0|null|2.3029945197183075|0|null|false|0|false
150.30|(5657.32,-.59)|(1.00,.06)|5656.319470333975|24.586499776486363|5656|0|0|(5667.32,.00)|(5755.67,.00)|(5675.35,.00)|0.27|1.00|0.00|(5677.32,.00)|(1.00,.00)|5676.319470333975|24.586499776486363|0|null|2.339340510392087|0|null|false|0|false
150.35|(5659.28,-.46)|(1.00,.06)|5658.284800740525|24.586499776486363|5658|0|0|(5669.28,.00)|(5757.63,.00)|(5677.32,.00)|0.07|1.00|0.00|(5679.28,.00)|(1.00,.00)|5678.284800740525|24.586499776486363|0|null|2.373666928620956|0|null|false|0|false
150.40|(5661.25,-.34)|(1.00,.06)|5660.250079391172|24.586499776486363|5660|0|0|(5671.25,.00)|(5759.60,.00)|(5679.28,.00)|0.07|1.00|0.00|(5681.25,.00)|(1.00,.00)|5680.250079391172|24.586499776486363|0|null|2.4083209277955024|0|null|false|0|false
150.45|(5663.22,-.21)|(1.00,.06)|5662.215308071504|24.586499776486363|5662|0|0|(5673.22,.00)|(5761.56,.00)|(5681.25,.00)|0.07|1.00|0.00|(5683.22,.00)|(1.00,.00)|5682.215308071504|24.586499776486363|0|null|2.4432831671107316|0|null|false|0|false
150.50|(5665.18,-.08)|(1.00,.06)|5664.180487807542|24.586499776486363|5664|0|0|(5675.18,.00)|(5763.53,.00)|(5683.22,.00)|0.07|1.00|0.00|(5685.18,.00)|(1.00,.00)|5684.180487807542|24.586499776486363|0|null|2.4785386022083213|0|null|false|0|false
150.55|(5667.15,.03)|(1.00,.06)|5666.146455119908|24.586499776486363|5666|0|0|(5677.15,.00)|(5765.49,.00)|(5685.18,.00)|-0.27|1.00|0.00|(5687.15,.00)|(1.00,.00)|5686.146455119908|24.586499776486363|0|null|2.5082796304377064|0|null|false|0|false
150.60|(5669.11,.13)|(1.00,.06)|5668.112814683587|24.586499776486363|5668|0|0|(5679.11,.00)|(5767.46,.00)|(5687.15,.00)|-0.27|1.00|0.00|(5689.11,.00)|(1.00,.00)|5688.112814683587|24.586499776486363|0|null|2.536306892910135|0|null|false|0|false
150.65|(5671.08,.23)|(1.00,.06)|5670.079545942513|24.586499776486363|5670|0|0|(5681.08,.00)|(5769.43,.00)|(5689.11,.00)|-0.27|1.00|0.00|(5691.08,.00)|(1.00,.00)|5690.079545942513|24.586499776486363|0|null|2.5625972122481366|0|null|false|0|false
150.70|(5673.05,.32)|(1.00,.05)|5672.046626975307|24.586499776486363|5672|0|0|(5683.05,.00)|(5771.39,.00)|(5691.08,.00)|-0.27|1.00|0.00|(5693.05,.00)|(1.00,.00)|5692.046626975307|24.586499776486363|0|null|2.587132232634366|0|null|false|0|false
150.75|(5675.01,.39)|(1.00,.05)|5674.0141221704525|24.586499776486363|5674|0|0|(5685.01,.00)|(5773.36,.00)|(5693.05,.00)|-0.41|1.00|0.00|(5695.01,.00)|(1.00,.00)|5694.0141221704525|24.586499776486363|0|null|2.607456073623455|0|null|false|0|false
150.80|(5676.98,.46)|(1.00,.05)|5675.98201279801|24.586499776486363|5675|0|0|(5686.98,.00)|(5775.33,.00)|(5695.01,.00)|-0.41|1.00|0.00|(5696.98,.00)|(1.00,.00)|5695.98201279801|24.586499776486363|0|null|2.6251621391092113|0|null|false|0|false
150.85|(5678.95,.51)|(1.00,.04)|5677.950248476827|24.586499776486363|5677|0|0|(5688.95,.00)|(5777.30,.00)|(5696.98,.00)|-0.41|1.00|0.00|(5698.95,.00)|(1.00,.00)|5697.950248476827|24.586499776486363|0|null|2.6402351084155695|0|null|false|0|false
150.90|(5680.92,.55)|(1.00,.04)|5679.918737351017|24.586499776486363|5679|0|0|(5690.92,.00)|(5779.26,.00)|(5698.95,.00)|-0.48|1.00|0.00|(5700.92,.00)|(1.00,.00)|5699.918737351017|24.586499776486363|0|null|2.6515187726191534|0|null|false|0|false
150.95|(5682.89,.58)|(1.00,.03)|5681.88747871592|24.586499776486363|5681|0|0|(5692.89,.00)|(5781.23,.00)|(5700.92,.00)|-0.48|1.00|0.00|(5702.89,.00)|(1.00,.00)|5701.88747871592|24.586499776486363|0|null|2.6597557138321486|0|null|false|0|false
151.00|(5684.86,.60)|(1.00,.03)|5683.856404749603|24.586499776486363|5683|0|0|(5694.86,.00)|(5783.20,.00)|(5702.89,.00)|-0.48|1.00|0.00|(5704.86,.00)|(1.00,.00)|5703.856404749603|24.586499776486363|0|null|2.6649356592451565|0|null|false|0|false
151.05|(5686.83,.61)|(1.00,.02)|5685.8254740687225|24.586499776486363|5685|0|0|(5696.83,.00)|(5785.17,.00)|(5704.86,.00)|-0.46|1.00|0.00|(5706.83,.00)|(1.00,.00)|5705.8254740687225|24.586499776486363|0|null|2.6673512520011275|0|null|false|0|false
151.10|(5688.79,.61)|(1.00,.02)|5687.794596614654|24.586499776486363|5687|0|0|(5698.79,.00)|(5787.14,.00)|(5706.83,.00)|-0.46|1.00|0.00|(5708.79,.00)|(1.00,.00)|5707.794596614654|24.586499776486363|0|null|2.6667988690825863|0|null|false|0|false
151.15|(5690.76,.60)|(1.00,.01)|5689.763708604102|24.586499776486363|5689|0|0|(5700.76,.00)|(5789.11,.00)|(5708.79,.00)|-0.46|1.00|0.00|(5710.76,.00)|(1.00,.00)|5709.763708604102|24.586499776486363|0|null|2.6632745552224995|0|null|false|0|false
151.20|(5692.73,.57)|(1.00,.01)|5691.732746389086|24.586499776486363|5691|0|0|(5702.73,.00)|(5791.08,.00)|(5710.76,.00)|-0.46|1.00|0.00|(5712.73,.00)|(1.00,.00)|5711.732746389086|24.586499776486363|0|null|2.6567751546829608|0|null|false|0|false
151.25|(5694.70,.54)|(1.00,.00)|5693.701646482281|24.586499776486363|5693|0|0|(5704.70,.00)|(5793.05,.00)|(5712.73,.00)|-0.46|1.00|0.00|(5714.70,.00)|(1.00,.00)|5713.701646482281|24.586499776486363|0|null|2.6472979702447414|0|null|false|0|false
151.30|(5696.67,.49)|(1.00,-.01)|5695.670345549618|24.586499776486363|5695|0|0|(5706.67,.00)|(5795.02,.00)|(5714.70,.00)|-0.46|1.00|0.00|(5716.67,.00)|(1.00,.00)|5715.670345549618|24.586499776486363|0|null|2.634840479225728|0|null|false|0|false
151.35|(5698.64,.45)|(1.00,-.01)|5697.639137753842|24.586499776486363|5697|0|0|(5708.64,.00)|(5796.99,.00)|(5716.67,.00)|-0.33|1.00|0.00|(5718.64,.00)|(1.00,.00)|5717.639137753842|24.586499776486363|0|null|2.621670567217302|0|null|false|0|false
151.40|(5700.61,.39)|(1.00,-.01)|5699.607727356875|24.586499776486363|5699|0|0|(5710.61,.00)|(5798.95,.00)|(5718.64,.00)|-0.33|1.00|0.00|(5720.61,.00)|(1.00,.00)|5719.607727356875|24.586499776486363|0|null|2.6062946659159767|0|null|false|0|false
151.45|(5702.58,.32)|(1.00,-.02)|5701.576080240185|24.586499776486363|5701|0|0|(5712.58,.00)|(5800.92,.00)|(5720.61,.00)|-0.33|1.00|0.00|(5722.58,.00)|(1.00,.00)|5721.576080240185|24.586499776486363|0|null|2.5887165969626302|0|null|false|0|false
151.50|(5704.54,.26)|(1.00,-.02)|5703.544625327093|24.586499776486363|5703|0|0|(5714.54,.00)|(5802.89,.00)|(5722.58,.00)|-0.14|1.00|0.00|(5724.54,.00)|(1.00,.00)|5723.544625327093|24.586499776486363|0|null|2.5722059160183077|0|null|false|0|false
151.55|(5706.51,.20)|(1.00,-.02)|5705.513054866501|24.586499776486363|5705|0|0|(5716.51,.00)|(5804.86,.00)|(5724.54,.00)|-0.14|1.00|0.00|(5726.51,.00)|(1.00,.00)|5725.513054866501|24.586499776486363|0|null|2.554618809090531|0|null|false|0|false
151.60|(5708.48,.13)|(1.00,-.03)|5707.481361360553|24.586499776486363|5707|0|0|(5718.48,.00)|(5806.83,.00)|(5726.51,.00)|-0.14|1.00|0.00|(5728.48,.00)|(1.00,.00)|5727.481361360553|24.586499776486363|0|null|2.535965775601073|0|null|false|0|false
151.65|(5710.45,.07)|(1.00,-.03)|5709.449781246667|24.586499776486363|5709|0|0|(5720.45,.00)|(5808.80,.00)|(5728.48,.00)|-0.01|1.00|0.00|(5730.45,.00)|(1.00,.00)|5729.449781246667|24.586499776486363|0|null|2.518497308063961|0|null|false|0|false
151.70|(5712.42,.00)|(1.00,-.03)|5711.418180042212|24.586499776486363|5711|0|0|(5722.42,.00)|(5810.76,.00)|(5730.45,.00)|-0.01|1.00|0.00|(5732.42,.00)|(1.00,.00)|5731.418180042212|24.586499776486363|0|null|2.5007476952230125|0|null|false|0|false
151.75|(5714.39,-.06)|(1.00,-.03)|5713.386557592039|24.586499776486363|5713|0|0|(5724.39,.00)|(5812.73,.00)|(5732.42,.00)|-0.01|1.00|0.00|(5734.39,.00)|(1.00,.00)|5733.386557592039|24.586499776486363|0|null|2.482729121870783|0|null|false|0|false
151.80|(5716.35,-.13)|(1.00,-.03)|5715.354913638053|24.586499776486363|5715|0|0|(5726.35,.00)|(5814.70,.00)|(5734.39,.00)|-0.01|1.00|0.00|(5736.35,.00)|(1.00,.00)|5735.354913638053|24.586499776486363|0|null|2.4644517906302172|0|null|false|0|false
151.85|(5718.32,-.19)|(1.00,-.03)|5717.3234317293845|24.586499776486363|5717|0|0|(5728.32,.00)|(5816.67,.00)|(5736.35,.00)|0.13|1.00|0.00|(5738.32,.00)|(1.00,.00)|5737.3234317293845|24.586499776486363|0|null|2.448404333356563|0|null|false|0|false
151.90|(5720.29,-.25)|(1.00,-.03)|5719.292033344302|24.586499776486363|5719|0|0|(5730.29,.00)|(5818.64,.00)|(5738.32,.00)|0.13|1.00|0.00|(5740.29,.00)|(1.00,.00)|5739.292033344302|24.586499776486363|0|null|2.432965525726713|0|null|false|0|false
151.95|(5722.26,-.30)|(1.00,-.03)|5721.260715676171|24.586499776486363|5721|0|0|(5732.26,.00)|(5820.61,.00)|(5740.29,.00)|0.13|1.00|0.00|(5742.26,.00)|(1.00,.00)|5741.260715676171|24.586499776486363|0|null|2.4181498467320037|0|null|false|0|false
152.00|(5724.23,-.35)|(1.00,-.03)|5723.229475700594|24.586499776486363|5723|0|0|(5734.23,.00)|(5822.58,.00)|(5742.26,.00)|0.13|1.00|0.00|(5744.23,.00)|(1.00,.00)|5743.229475700594|24.586499776486363|0|null|2.4039704501592687|0|null|false|0|false
152.05|(5726.20,-.39)|(1.00,-.03)|5725.198355849762|24.586499776486363|5725|0|0|(5736.20,.00)|(5824.54,.00)|(5744.23,.00)|0.24|1.00|0.00|(5746.20,.00)|(1.00,.00)|5745.198355849762|24.586499776486363|0|null|2.3922781768785977|0|null|false|0|false
152.10|(5728.17,-.43)|(1.00,-.03)|5727.167353186316|24.586499776486363|5727|0|0|(5738.17,.00)|(5826.51,.00)|(5746.20,.00)|0.24|1.00|0.00|(5748.17,.00)|(1.00,.00)|5747.167353186316|24.586499776486363|0|null|2.3818774491470234|0|null|false|0|false
152.15|(5730.14,-.47)|(1.00,-.02)|5729.136455288782|24.586499776486363|5729|0|0|(5740.14,.00)|(5828.48,.00)|(5748.17,.00)|0.24|1.00|0.00|(5750.14,.00)|(1.00,.00)|5749.136455288782|24.586499776486363|0|null|2.3727857422303127|0|null|false|0|false
152.20|(5732.11,-.49)|(1.00,-.02)|5731.105636252829|24.586499776486363|5731|0|0|(5742.11,.00)|(5830.45,.00)|(5750.14,.00)|0.28|1.00|0.00|(5752.11,.00)|(1.00,.00)|5751.105636252829|24.586499776486363|0|null|2.3657678479984914|0|null|false|0|false
152.25|(5734.07,-.51)|(1.00,-.02)|5733.074902232397|24.586499776486363|5733|0|0|(5744.07,.00)|(5832.42,.00)|(5752.11,.00)|0.28|1.00|0.00|(5754.07,.00)|(1.00,.00)|5753.074902232397|24.586499776486363|0|null|2.360349585018403|0|null|false|0|false
152.30|(5736.04,-.53)|(1.00,-.02)|5735.044234294321|24.586499776486363|5735|0|0|(5746.04,.00)|(5834.39,.00)|(5754.07,.00)|0.28|1.00|0.00|(5756.04,.00)|(1.00,.00)|5755.044234294321|24.586499776486363|0|null|2.356550287821762|0|null|false|0|false
152.35|(5738.01,-.53)|(1.00,-.01)|5737.0136093726505|24.586499776486363|5737|0|0|(5748.01,.00)|(5836.36,.00)|(5756.04,.00)|0.29|1.00|0.00|(5758.01,.00)|(1.00,.00)|5757.0136093726505|24.586499776486363|0|null|2.3544636870842646|0|null|false|0|false
152.40|(5739.98,-.53)|(1.00,-.01)|5738.983010756037|24.586499776486363|5738|0|0|(5749.98,.00)|(5838.33,.00)|(5758.01,.00)|0.29|1.00|0.00|(5759.98,.00)|(1.00,.00)|5758.983010756037|24.586499776486363|0|null|2.3540606553207413|0|null|false|0|false
152.45|(5741.95,-.53)|(1.00,-.01)|5740.952417437502|24.586499776486363|5740|0|0|(5751.95,.00)|(5840.30,.00)|(5759.98,.00)|0.29|1.00|0.00|(5761.95,.00)|(1.00,.00)|5760.952417437502|24.586499776486363|0|null|2.3553615014891185|0|null|false|0|false
152.50|(5743.92,-.52)|(1.00,-.00)|5742.92180785559|24.586499776486363|5742|0|0|(5753.92,.00)|(5842.27,.00)|(5761.95,.00)|0.29|1.00|0.00|(5763.92,.00)|(1.00,.00)|5762.92180785559|24.586499776486363|0|null|2.358386993896661|0|null|false|0|false
152.55|(5745.89,-.50)|(1.00,-.00)|5744.891159855026|24.586499776486363|5744|0|0|(5755.89,.00)|(5844.24,.00)|(5763.92,.00)|0.29|1.00|0.00|(5765.89,.00)|(1.00,.00)|5764.891159855026|24.586499776486363|0|null|2.3631583937941216|0|null|false|0|false
152.60|(5747.86,-.48)|(1.00,.00)|5746.860521123032|24.586499776486363|5746|0|0|(5757.86,.00)|(5846.21,.00)|(5765.89,.00)|0.24|1.00|0.00|(5767.86,.00)|(1.00,.00)|5766.860521123032|24.586499776486363|0|null|2.368899455391337|0|null|false|0|false
152.65|(5749.83,-.45)|(1.00,.00)|5748.829819843575|24.586499776486363|5748|0|0|(5759.83,.00)|(5848.18,.00)|(5767.86,.00)|0.24|1.00|0.00|(5769.83,.00)|(1.00,.00)|5768.829819843575|24.586499776486363|0|null|2.3761562454610603|0|null|false|0|false
152.70|(5751.80,-.42)|(1.00,.01)|5750.799038520571|24.586499776486363|5750|0|0|(5761.80,.00)|(5850.15,.00)|(5769.83,.00)|0.24|1.00|0.00|(5771.80,.00)|(1.00,.00)|5770.799038520571|24.586499776486363|0|null|2.3849487087305645|0|null|false|0|false
152.75|(5753.77,-.38)|(1.00,.01)|5752.768159097734|24.586499776486363|5752|0|0|(5763.77,.00)|(5852.11,.00)|(5771.80,.00)|0.24|1.00|0.00|(5773.77,.00)|(1.00,.00)|5772.768159097734|24.586499776486363|0|null|2.395297233104007|0|null|false|0|false
152.80|(5755.74,-.34)|(1.00,.01)|5754.737162936213|24.586499776486363|5754|0|0|(5765.74,.00)|(5854.08,.00)|(5773.77,.00)|0.24|1.00|0.00|(5775.74,.00)|(1.00,.00)|5774.737162936213|24.586499776486363|0|null|2.4072224523901657|0|null|false|0|false
152.85|(5757.71,-.29)|(1.00,.02)|5756.706030805528|24.586499776486363|5756|0|0|(5767.71,.00)|(5856.05,.00)|(5775.74,.00)|0.24|1.00|0.00|(5777.71,.00)|(1.00,.00)|5776.706030805528|24.586499776486363|0|null|2.4207450232933816|0|null|false|0|false
152.90|(5759.67,-.23)|(1.00,.02)|5758.674742889292|24.586499776486363|5758|0|0|(5769.67,.00)|(5858.02,.00)|(5777.71,.00)|0.24|1.00|0.00|(5779.67,.00)|(1.00,.00)|5778.674742889292|24.586499776486363|0|null|2.435885383240967|0|null|false|0|false
152.95|(5761.64,-.17)|(1.00,.02)|5760.643278806725|24.586499776486363|5760|0|0|(5771.64,.00)|(5859.99,.00)|(5779.67,.00)|0.24|1.00|0.00|(5781.64,.00)|(1.00,.00)|5780.643278806725|24.586499776486363|0|null|2.4526634959010343|0|null|false|0|false
153.00|(5763.61,-.11)|(1.00,.02)|5762.611617650334|24.586499776486363|5762|0|0|(5773.61,.00)|(5861.96,.00)|(5781.64,.00)|0.24|1.00|0.00|(5783.61,.00)|(1.00,.00)|5782.611617650334|24.586499776486363|0|null|2.471098591381351|0|null|false|0|false
153.05|(5765.58,-.03)|(1.00,.03)|5764.579738039599|24.586499776486363|5764|0|0|(5775.58,.00)|(5863.93,.00)|(5783.61,.00)|0.24|1.00|0.00|(5785.58,.00)|(1.00,.00)|5784.579738039599|24.586499776486363|0|null|2.4912089080896394|0|null|false|0|false
153.10|(5767.55,.05)|(1.00,.03)|5766.547618189855|24.586499776486363|5766|0|0|(5777.55,.00)|(5865.89,.00)|(5785.58,.00)|0.24|1.00|0.00|(5787.55,.00)|(1.00,.00)|5786.547618189855|24.586499776486363|0|null|2.5130114430790216|0|null|false|0|false
153.15|(5769.52,.13)|(1.00,.03)|5768.515235995013|24.586499776486363|5768|0|0|(5779.52,.00)|(5867.86,.00)|(5787.55,.00)|0.24|1.00|0.00|(5789.52,.00)|(1.00,.00)|5788.515235995013|24.586499776486363|0|null|2.5365217174025263|0|null|false|0|false
153.20|(5771.48,.23)|(1.00,.04)|5770.482569122203|24.586499776486363|5770|0|0|(5781.48,.00)|(5869.83,.00)|(5789.52,.00)|0.24|1.00|0.00|(5791.48,.00)|(1.00,.00)|5790.482569122203|24.586499776486363|0|null|2.561753562564263|0|null|false|0|false
153.25|(5773.45,.32)|(1.00,.04)|5772.449595115911|24.586499776486363|5772|0|0|(5783.45,.00)|(5871.80,.00)|(5791.48,.00)|0.24|1.00|0.00|(5793.45,.00)|(1.00,.00)|5792.449595115911|24.586499776486363|0|null|2.5887189335916276|0|null|false|0|false
153.30|(5775.42,.43)|(1.00,.04)|5774.416291508782|24.586499776486363|5774|0|0|(5785.42,.00)|(5873.76,.00)|(5793.45,.00)|0.24|1.00|0.00|(5795.42,.00)|(1.00,.00)|5794.416291508782|24.586499776486363|0|null|2.6174277535749826|0|null|false|0|false
153.35|(5777.38,.54)|(1.00,.05)|5776.382635935903|24.586499776486363|5776|0|0|(5787.38,.00)|(5875.73,.00)|(5795.42,.00)|0.24|1.00|0.00|(5797.38,.00)|(1.00,.00)|5796.382635935903|24.586499776486363|0|null|2.6478877937435543|0|null|false|0|false
153.40|(5779.35,.66)|(1.00,.05)|5778.348606249147|24.586499776486363|5778|0|0|(5789.35,.00)|(5877.69,.00)|(5797.38,.00)|0.24|1.00|0.00|(5799.35,.00)|(1.00,.00)|5798.348606249147|24.586499776486363|0|null|2.680104592285855|0|null|false|0|false
153.45|(5781.31,.78)|(1.00,.05)|5780.314180628058|24.586499776486363|5780|0|0|(5791.31,.00)|(5879.66,.00)|(5799.35,.00)|0.24|1.00|0.00|(5801.31,.00)|(1.00,.00)|5800.314180628058|24.586499776486363|0|null|2.714081414198608|0|null|false|0|false
153.50|(5783.28,.91)|(1.00,.06)|5782.279337683716|24.586499776486363|5782|0|0|(5793.28,.00)|(5881.63,.00)|(5801.31,.00)|0.24|1.00|0.00|(5803.28,.00)|(1.00,.00)|5802.279337683716|24.586499776486363|0|null|2.7498192534802177|0|null|false|0|false
153.55|(5785.24,1.05)|(1.00,.06)|5784.244056552201|24.586499776486363|5784|0|0|(5795.24,.00)|(5883.59,.00)|(5803.28,.00)|0.24|1.00|0.00|(5805.24,.00)|(1.00,.00)|5804.244056552201|24.586499776486363|0|null|2.7873168779944915|0|null|false|0|false
153.60|(5787.21,1.20)|(1.00,.06)|5786.208316974468|24.586499776486363|5786|0|0|(5797.21,.00)|(5885.55,.00)|(5805.24,.00)|0.24|1.00|0.00|(5807.21,.00)|(1.00,.00)|5806.208316974468|24.586499776486363|0|null|2.8265709163392128|0|null|false|0|false
153.65|(5789.17,1.35)|(1.00,.07)|5788.172099359836|24.586499776486363|5788|0|0|(5799.17,.00)|(5887.52,.00)|(5807.21,.00)|0.24|1.00|0.00|(5809.17,.00)|(1.00,.00)|5808.172099359836|24.586499776486363|0|null|2.867575985083957|0|null|false|0|false
153.70|(5791.14,1.50)|(1.00,.07)|5790.135384830745|24.586499776486363|5790|0|0|(5801.14,.00)|(5889.48,.00)|(5809.17,.00)|0.24|1.00|0.00|(5811.14,.00)|(1.00,.00)|5810.135384830745|24.586499776486363|0|null|2.9103248538132416|0|null|false|0|false
153.75|(5793.10,1.66)|(1.00,.07)|5792.098155246995|24.586499776486363|5792|0|0|(5803.10,.00)|(5891.44,.00)|(5811.14,.00)|0.24|1.00|0.00|(5813.10,.00)|(1.00,.00)|5812.098155246995|24.586499776486363|0|null|2.9548086445449635|0|null|false|0|false
153.80|(5795.06,1.78)|(1.00,.07)|5794.063338159424|24.586499776486363|5794|0|0|(5805.06,.00)|(5893.41,.00)|(5813.10,.00)|-0.68|1.00|0.00|(5815.06,.00)|(1.00,.00)|5814.063338159424|24.586499776486363|0|null|2.9850970197442552|0|null|false|0|false
153.85|(5797.03,1.87)|(1.00,.06)|5796.029331144217|24.586499776486363|5796|0|0|(5807.03,.00)|(5895.38,.00)|(5815.06,.00)|-0.68|1.00|0.00|(5817.03,.00)|(1.00,.00)|5816.029331144217|24.586499776486363|0|null|3.0116375218134137|0|null|false|0|false
153.90|(5799.00,1.96)|(1.00,.06)|5797.99604036705|24.586499776486363|5797|0|0|(5809.00,.00)|(5897.34,.00)|(5817.03,.00)|-0.68|1.00|0.00|(5819.00,.00)|(1.00,.00)|5817.99604036705|24.586499776486363|0|null|3.03436567243474|0|null|false|0|false
153.95|(5800.96,2.02)|(1.00,.05)|5799.963367154912|24.586499776486363|5799|0|0|(5810.96,.00)|(5899.31,.00)|(5819.00,.00)|-0.68|1.00|0.00|(5820.96,.00)|(1.00,.00)|5819.963367154912|24.586499776486363|0|null|3.0532220369627363|0|null|false|0|false
154.00|(5802.93,2.05)|(1.00,.04)|5801.930297771572|24.586499776486363|5801|0|0|(5812.93,.00)|(5901.28,.00)|(5820.96,.00)|-1.12|1.00|0.00|(5822.93,.00)|(1.00,.00)|5821.930297771572|24.586499776486363|0|null|3.0605785963325927|0|null|false|0|false
154.05|(5804.90,2.05)|(1.00,.03)|5803.897544180702|24.586499776486363|5803|0|0|(5814.90,.00)|(5903.24,.00)|(5822.93,.00)|-1.12|1.00|0.00|(5824.90,.00)|(1.00,.00)|5823.897544180702|24.586499776486363|0|null|3.0613606516953524|0|null|false|0|false
154.10|(5806.86,2.03)|(1.00,.02)|5805.864797776977|24.586499776486363|5805|0|0|(5816.86,.00)|(5905.21,.00)|(5824.90,.00)|-1.12|1.00|0.00|(5826.86,.00)|(1.00,.00)|5825.864797776977|24.586499776486363|0|null|3.0554990807106153|0|null|false|0|false
154.15|(5808.83,1.99)|(1.00,.01)|5807.83219956812|24.586499776486363|5807|0|0|(5818.83,.00)|(5907.18,.00)|(5826.86,.00)|-1.03|1.00|0.00|(5828.83,.00)|(1.00,.00)|5827.83219956812|24.586499776486363|0|null|3.0445159275856835|0|null|false|0|false
154.20|(5810.80,1.93)|(1.00,.00)|5809.799091859682|24.586499776486363|5809|0|0|(5820.80,.00)|(5909.15,.00)|(5828.83,.00)|-1.03|1.00|0.00|(5830.80,.00)|(1.00,.00)|5829.799091859682|24.586499776486363|0|null|3.027318906489738|0|null|false|0|false
154.25|(5812.77,1.84)|(1.00,-.01)|5811.765197538045|24.586499776486363|5811|0|0|(5822.77,.00)|(5911.11,.00)|(5830.80,.00)|-1.03|1.00|0.00|(5832.77,.00)|(1.00,.00)|5831.765197538045|24.586499776486363|0|null|3.003867420782032|0|null|false|0|false
154.30|(5814.73,1.75)|(1.00,-.02)|5813.731482932065|24.586499776486363|5813|0|0|(5824.73,.00)|(5913.08,.00)|(5832.77,.00)|-0.82|1.00|0.00|(5834.73,.00)|(1.00,.00)|5833.731482932065|24.586499776486363|0|null|2.9777337978311116|0|null|false|0|false
154.35|(5816.70,1.63)|(1.00,-.03)|5815.696820602496|24.586499776486363|5815|0|0|(5826.70,.00)|(5915.04,.00)|(5834.73,.00)|-0.82|1.00|0.00|(5836.70,.00)|(1.00,.00)|5835.696820602496|24.586499776486363|0|null|2.946522613845622|0|null|false|0|false
154.40|(5818.66,1.50)|(1.00,-.04)|5817.661027537487|24.586499776486363|5817|0|0|(5828.66,.00)|(5917.01,.00)|(5836.70,.00)|-0.82|1.00|0.00|(5838.66,.00)|(1.00,.00)|5837.661027537487|24.586499776486363|0|null|2.910222235496624|0|null|false|0|false
154.45|(5820.63,1.37)|(1.00,-.04)|5819.625570657662|24.586499776486363|5819|0|0|(5830.63,.00)|(5918.97,.00)|(5838.66,.00)|-0.55|1.00|0.00|(5840.63,.00)|(1.00,.00)|5839.625570657662|24.586499776486363|0|null|2.8734826664819586|0|null|false|0|false
154.50|(5822.59,1.22)|(1.00,-.05)|5821.589218906175|24.586499776486363|5821|0|0|(5832.59,.00)|(5920.94,.00)|(5840.63,.00)|-0.55|1.00|0.00|(5842.59,.00)|(1.00,.00)|5841.589218906175|24.586499776486363|0|null|2.8332415645625115|0|null|false|0|false
154.55|(5824.55,1.06)|(1.00,-.06)|5823.551889827372|24.586499776486363|5823|0|0|(5834.55,.00)|(5922.90,.00)|(5842.59,.00)|-0.55|1.00|0.00|(5844.55,.00)|(1.00,.00)|5843.551889827372|24.586499776486363|0|null|2.7895120329150003|0|null|false|0|false
154.60|(5826.51,.89)|(1.00,-.07)|5825.513502641834|24.586499776486363|5825|0|0|(5836.51,.00)|(5924.86,.00)|(5844.55,.00)|-0.55|1.00|0.00|(5846.51,.00)|(1.00,.00)|5845.513502641834|24.586499776486363|0|null|2.7423089002788763|0|null|false|0|false
154.65|(5828.48,.73)|(1.00,-.07)|5827.476174697069|24.586499776486363|5827|0|0|(5838.48,.00)|(5926.82,.00)|(5846.51,.00)|-0.16|1.00|0.00|(5848.48,.00)|(1.00,.00)|5847.476174697069|24.586499776486363|0|null|2.6983459218945454|0|null|false|0|false
154.70|(5830.44,.56)|(1.00,-.07)|5829.43853317777|24.586499776486363|5829|0|0|(5840.44,.00)|(5928.78,.00)|(5848.48,.00)|-0.16|1.00|0.00|(5850.44,.00)|(1.00,.00)|5849.43853317777|24.586499776486363|0|null|2.6532398993233373|0|null|false|0|false
154.75|(5832.40,.39)|(1.00,-.08)|5831.400577840204|24.586499776486363|5831|0|0|(5842.40,.00)|(5930.75,.00)|(5850.44,.00)|-0.16|1.00|0.00|(5852.40,.00)|(1.00,.00)|5851.400577840204|24.586499776486363|0|null|2.6070292667229493|0|null|false|0|false
154.80|(5834.36,.22)|(1.00,-.08)|5833.362309211223|24.586499776486363|5833|0|0|(5844.36,.00)|(5932.71,.00)|(5852.40,.00)|-0.16|1.00|0.00|(5854.36,.00)|(1.00,.00)|5853.362309211223|24.586499776486363|0|null|2.559751013068322|0|null|false|0|false
154.85|(5836.33,.07)|(1.00,-.08)|5835.3252259015735|24.586499776486363|5835|0|0|(5846.33,.00)|(5934.67,.00)|(5854.36,.00)|0.21|1.00|0.00|(5856.33,.00)|(1.00,.00)|5855.3252259015735|24.586499776486363|0|null|2.517861559103615|0|null|false|0|false
154.90|(5838.29,-.08)|(1.00,-.08)|5837.288544911878|24.586499776486363|5837|0|0|(5848.29,.00)|(5936.63,.00)|(5856.33,.00)|0.21|1.00|0.00|(5858.29,.00)|(1.00,.00)|5857.288544911878|24.586499776486363|0|null|2.4771746109237482|0|null|false|0|false
154.95|(5840.25,-.23)|(1.00,-.08)|5839.252264415527|24.586499776486363|5839|0|0|(5850.25,.00)|(5938.60,.00)|(5858.29,.00)|0.21|1.00|0.00|(5860.25,.00)|(1.00,.00)|5859.252264415527|24.586499776486363|0|null|2.437742993204918|0|null|false|0|false
155.00|(5842.22,-.35)|(1.00,-.07)|5841.216835296201|24.586499776486363|5841|0|0|(5852.22,.00)|(5940.56,.00)|(5860.25,.00)|0.43|1.00|0.00|(5862.22,.00)|(1.00,.00)|5861.216835296201|24.586499776486363|0|null|2.403385355956636|0|null|false|0|false
155.05|(5844.18,-.47)|(1.00,-.07)|5843.182080240611|24.586499776486363|5843|0|0|(5854.18,.00)|(5942.53,.00)|(5862.22,.00)|0.43|1.00|0.00|(5864.18,.00)|(1.00,.00)|5863.182080240611|24.586499776486363|0|null|2.371668933672987|0|null|false|0|false
155.10|(5846.15,-.58)|(1.00,-.07)|5845.147954677823|24.586499776486363|5845|0|0|(5856.15,.00)|(5944.49,.00)|(5864.18,.00)|0.43|1.00|0.00|(5866.15,.00)|(1.00,.00)|5865.147954677823|24.586499776486363|0|null|2.342647043937695|0|null|false|0|false
155.15|(5848.11,-.66)|(1.00,-.06)|5847.114463700466|24.586499776486363|5847|0|0|(5858.11,.00)|(5946.46,.00)|(5866.15,.00)|0.56|1.00|0.00|(5868.11,.00)|(1.00,.00)|5867.114463700466|24.586499776486363|0|null|2.3184991031648474|0|null|false|0|false
155.20|(5850.08,-.74)|(1.00,-.06)|5849.081587071853|24.586499776486363|5849|0|0|(5860.08,.00)|(5948.43,.00)|(5868.11,.00)|0.56|1.00|0.00|(5870.08,.00)|(1.00,.00)|5869.081587071853|24.586499776486363|0|null|2.297867209332648|0|null|false|0|false
155.25|(5852.05,-.80)|(1.00,-.05)|5851.049238510903|24.586499776486363|5851|0|0|(5862.05,.00)|(5950.40,.00)|(5870.08,.00)|0.56|1.00|0.00|(5872.05,.00)|(1.00,.00)|5871.049238510903|24.586499776486363|0|null|2.280795649179347|0|null|false|0|false
155.30|(5854.02,-.85)|(1.00,-.04)|5853.017328684226|24.586499776486363|5853|0|0|(5864.02,.00)|(5952.36,.00)|(5872.05,.00)|0.56|1.00|0.00|(5874.02,.00)|(1.00,.00)|5873.017328684226|24.586499776486363|0|null|2.267322634917304|0|null|false|0|false
155.35|(5855.99,-.88)|(1.00,-.04)|5854.985698708859|24.586499776486363|5854|0|0|(5865.99,.00)|(5954.33,.00)|(5874.02,.00)|0.61|1.00|0.00|(5875.99,.00)|(1.00,.00)|5874.985698708859|24.586499776486363|0|null|2.2583541270946745|0|null|false|0|false
155.40|(5857.95,-.90)|(1.00,-.03)|5856.954317263556|24.586499776486363|5856|0|0|(5867.95,.00)|(5956.30,.00)|(5875.99,.00)|0.61|1.00|0.00|(5877.95,.00)|(1.00,.00)|5876.954317263556|24.586499776486363|0|null|2.253342876511485|0|null|false|0|false
155.45|(5859.92,-.91)|(1.00,-.02)|5858.923072655081|24.586499776486363|5858|0|0|(5869.92,.00)|(5958.27,.00)|(5877.95,.00)|0.61|1.00|0.00|(5879.92,.00)|(1.00,.00)|5878.923072655081|24.586499776486363|0|null|2.2523125926780208|0|null|false|0|false
155.50|(5861.89,-.90)|(1.00,-.02)|5860.892000307132|24.586499776486363|5860|0|0|(5871.89,.00)|(5960.24,.00)|(5879.92,.00)|0.54|1.00|0.00|(5881.89,.00)|(1.00,.00)|5880.892000307132|24.586499776486363|0|null|2.2541982331280144|0|null|false|0|false
155.55|(5863.86,-.88)|(1.00,-.01)|5862.860875533235|24.586499776486363|5862|0|0|(5873.86,.00)|(5962.21,.00)|(5881.89,.00)|0.54|1.00|0.00|(5883.86,.00)|(1.00,.00)|5882.860875533235|24.586499776486363|0|null|2.259723343179678|0|null|false|0|false
155.60|(5865.83,-.85)|(1.00,-.01)|5864.829604531718|24.586499776486363|5864|0|0|(5875.83,.00)|(5964.18,.00)|(5883.86,.00)|0.54|1.00|0.00|(5885.83,.00)|(1.00,.00)|5884.829604531718|24.586499776486363|0|null|2.2688917791036323|0|null|false|0|false
155.65|(5867.80,-.80)|(1.00,.00)|5866.798093932783|24.586499776486363|5866|0|0|(5877.80,.00)|(5966.14,.00)|(5885.83,.00)|0.54|1.00|0.00|(5887.80,.00)|(1.00,.00)|5886.798093932783|24.586499776486363|0|null|2.2817028937536645|0|null|false|0|false
155.70|(5869.77,-.75)|(1.00,.01)|5868.766728012079|24.586499776486363|5868|0|0|(5879.77,.00)|(5968.11,.00)|(5887.80,.00)|0.39|1.00|0.00|(5889.77,.00)|(1.00,.00)|5888.766728012079|24.586499776486363|0|null|2.295482317860019|0|null|false|0|false
155.75|(5871.74,-.69)|(1.00,.01)|5870.735101975059|24.586499776486363|5870|0|0|(5881.74,.00)|(5970.08,.00)|(5889.77,.00)|0.39|1.00|0.00|(5891.74,.00)|(1.00,.00)|5890.735101975059|24.586499776486363|0|null|2.311974161324891|0|null|false|0|false
155.80|(5873.70,-.62)|(1.00,.02)|5872.7031665699515|24.586499776486363|5872|0|0|(5883.70,.00)|(5972.05,.00)|(5891.74,.00)|0.39|1.00|0.00|(5893.70,.00)|(1.00,.00)|5892.7031665699515|24.586499776486363|0|null|2.331158123146942|0|null|false|0|false
155.85|(5875.67,-.54)|(1.00,.02)|5874.670874167695|24.586499776486363|5874|0|0|(5885.67,.00)|(5974.02,.00)|(5893.70,.00)|0.39|1.00|0.00|(5895.67,.00)|(1.00,.00)|5894.670874167695|24.586499776486363|0|null|2.353011768969135|0|null|false|0|false
155.90|(5877.64,-.46)|(1.00,.03)|5876.638668784149|24.586499776486363|5876|0|0|(5887.64,.00)|(5975.98,.00)|(5895.67,.00)|0.24|1.00|0.00|(5897.64,.00)|(1.00,.00)|5896.638668784149|24.586499776486363|0|null|2.3748771093496837|0|null|false|0|false
155.95|(5879.61,-.37)|(1.00,.03)|5878.60621064944|24.586499776486363|5878|0|0|(5889.61,.00)|(5977.95,.00)|(5897.64,.00)|0.24|1.00|0.00|(5899.61,.00)|(1.00,.00)|5898.60621064944|24.586499776486363|0|null|2.398458026158041|0|null|false|0|false
156.00|(5881.57,-.28)|(1.00,.03)|5880.573484430614|24.586499776486363|5880|0|0|(5891.57,.00)|(5979.92,.00)|(5899.61,.00)|0.24|1.00|0.00|(5901.57,.00)|(1.00,.00)|5900.573484430614|24.586499776486363|0|null|2.4237196965452954|0|null|false|0|false
156.05|(5883.54,-.20)|(1.00,.04)|5882.541077650827|24.586499776486363|5882|0|0|(5893.54,.00)|(5981.89,.00)|(5901.57,.00)|0.01|1.00|0.00|(5903.54,.00)|(1.00,.00)|5902.541077650827|24.586499776486363|0|null|2.4466652657877503|0|null|false|0|false
156.10|(5885.51,-.11)|(1.00,.04)|5884.508649494079|24.586499776486363|5884|0|0|(5895.51,.00)|(5983.85,.00)|(5903.54,.00)|0.01|1.00|0.00|(5905.51,.00)|(1.00,.00)|5904.508649494079|24.586499776486363|0|null|2.4698628827494282|0|null|false|0|false
156.15|(5887.48,-.02)|(1.00,.04)|5886.476205051146|24.586499776486363|5886|0|0|(5897.48,.00)|(5985.82,.00)|(5905.51,.00)|0.01|1.00|0.00|(5907.48,.00)|(1.00,.00)|5906.476205051146|24.586499776486363|0|null|2.4932668005365928|0|null|false|0|false
156.20|(5889.44,.06)|(1.00,.04)|5888.443749431857|24.586499776486363|5888|0|0|(5899.44,.00)|(5987.79,.00)|(5907.48,.00)|0.01|1.00|0.00|(5909.44,.00)|(1.00,.00)|5908.443749431857|24.586499776486363|0|null|2.516833723438896|0|null|false|0|false
156.25|(5891.41,.14)|(1.00,.04)|5890.411585266635|24.586499776486363|5890|0|0|(5901.41,.00)|(5989.76,.00)|(5909.44,.00)|-0.19|1.00|0.00|(5911.41,.00)|(1.00,.00)|5910.411585266635|24.586499776486363|0|null|2.537134482958059|0|null|false|0|false
156.30|(5893.38,.21)|(1.00,.04)|5892.37959341769|24.586499776486363|5892|0|0|(5903.38,.00)|(5991.73,.00)|(5911.41,.00)|-0.19|1.00|0.00|(5913.38,.00)|(1.00,.00)|5912.37959341769|24.586499776486363|0|null|2.556356700926777|0|null|false|0|false
156.35|(5895.35,.27)|(1.00,.04)|5894.3477692551805|24.586499776486363|5894|0|0|(5905.35,.00)|(5993.69,.00)|(5913.38,.00)|-0.19|1.00|0.00|(5915.35,.00)|(1.00,.00)|5914.3477692551805|24.586499776486363|0|null|2.5744545323868366|0|null|false|0|false
156.40|(5897.32,.33)|(1.00,.04)|5896.316106850489|24.586499776486363|5896|0|0|(5907.32,.00)|(5995.66,.00)|(5915.35,.00)|-0.19|1.00|0.00|(5917.32,.00)|(1.00,.00)|5916.316106850489|24.586499776486363|0|null|2.591386375714407|0|null|false|0|false
156.45|(5899.28,.39)|(1.00,.03)|5898.284628034204|24.586499776486363|5898|0|0|(5909.28,.00)|(5997.63,.00)|(5917.32,.00)|-0.29|1.00|0.00|(5919.28,.00)|(1.00,.00)|5918.284628034204|24.586499776486363|0|null|2.6054654511632114|0|null|false|0|false
156.50|(5901.25,.43)|(1.00,.03)|5900.253338663594|24.586499776486363|5900|0|0|(5911.25,.00)|(5999.60,.00)|(5919.28,.00)|-0.29|1.00|0.00|(5921.25,.00)|(1.00,.00)|5920.253338663594|24.586499776486363|0|null|2.6177418433655997|0|null|false|0|false
156.55|(5903.22,.47)|(1.00,.03)|5902.222216805219|24.586499776486363|5902|0|0|(5913.22,.00)|(6001.57,.00)|(5921.25,.00)|-0.29|1.00|0.00|(5923.22,.00)|(1.00,.00)|5922.222216805219|24.586499776486363|0|null|2.6281813164736483|0|null|false|0|false
156.60|(5905.19,.50)|(1.00,.03)|5904.191197916198|24.586499776486363|5904|0|0|(5915.19,.00)|(6003.54,.00)|(5923.22,.00)|-0.35|1.00|0.00|(5925.19,.00)|(1.00,.00)|5924.191197916198|24.586499776486363|0|null|2.6356219540033674|0|null|false|0|false
156.65|(5907.16,.52)|(1.00,.02)|5906.160304409425|24.586499776486363|5906|0|0|(5917.16,.00)|(6005.51,.00)|(5925.19,.00)|-0.35|1.00|0.00|(5927.16,.00)|(1.00,.00)|5926.160304409425|24.586499776486363|0|null|2.6407823525665677|0|null|false|0|false
156.70|(5909.13,.53)|(1.00,.02)|5908.129499199954|24.586499776486363|5908|0|0|(5919.13,.00)|(6007.48,.00)|(5927.16,.00)|-0.35|1.00|0.00|(5929.13,.00)|(1.00,.00)|5928.129499199954|24.586499776486363|0|null|2.6436382850298643|0|null|false|0|false
156.75|(5911.10,.53)|(1.00,.01)|5910.098755822653|24.586499776486363|5910|0|0|(5921.10,.00)|(6009.44,.00)|(5929.13,.00)|-0.34|1.00|0.00|(5931.10,.00)|(1.00,.00)|5930.098755822653|24.586499776486363|0|null|2.644312910449374|0|null|false|0|false
156.80|(5913.07,.52)|(1.00,.01)|5912.06802601506|24.586499776486363|5912|0|0|(5923.07,.00)|(6011.41,.00)|(5931.10,.00)|-0.34|1.00|0.00|(5933.07,.00)|(1.00,.00)|5932.06802601506|24.586499776486363|0|null|2.64269707443517|0|null|false|0|false
156.85|(5915.04,.51)|(1.00,.01)|5914.037272109002|24.586499776486363|5914|0|0|(5925.04,.00)|(6013.38,.00)|(5933.07,.00)|-0.34|1.00|0.00|(5935.04,.00)|(1.00,.00)|5934.037272109002|24.586499776486363|0|null|2.638779815494214|0|null|false|0|false
156.90|(5917.01,.49)|(1.00,.00)|5916.006456189723|24.586499776486363|5916|0|0|(5927.01,.00)|(6015.35,.00)|(5935.04,.00)|-0.34|1.00|0.00|(5937.01,.00)|(1.00,.00)|5936.006456189723|24.586499776486363|0|null|2.6325537463969724|0|null|false|0|false
156.95|(5918.98,.45)|(1.00,-.00)|5917.975540286013|24.586499776486363|5917|0|0|(5928.98,.00)|(6017.32,.00)|(5937.01,.00)|-0.34|1.00|0.00|(5938.98,.00)|(1.00,.00)|5937.975540286013|24.586499776486363|0|null|2.624014691789461|0|null|false|0|false
157.00|(5920.94,.41)|(1.00,-.01)|5919.944486533315|24.586499776486363|5919|0|0|(5930.94,.00)|(6019.29,.00)|(5938.98,.00)|-0.34|1.00|0.00|(5940.94,.00)|(1.00,.00)|5939.944486533315|24.586499776486363|0|null|2.613161305513472|0|null|false|0|false
157.05|(5922.91,.37)|(1.00,-.01)|5921.9135161838385|24.586499776486363|5921|0|0|(5932.91,.00)|(6021.26,.00)|(5940.94,.00)|-0.23|1.00|0.00|(5942.91,.00)|(1.00,.00)|5941.9135161838385|24.586499776486363|0|null|2.601932601565172|0|null|false|0|false
157.10|(5924.88,.33)|(1.00,-.01)|5923.882418993146|24.586499776486363|5923|0|0|(5934.88,.00)|(6023.23,.00)|(5942.91,.00)|-0.23|1.00|0.00|(5944.88,.00)|(1.00,.00)|5943.882418993146|24.586499776486363|0|null|2.589059328865165|0|null|false|0|false
157.15|(5926.85,.27)|(1.00,-.02)|5925.851176807253|24.586499776486363|5925|0|0|(5936.85,.00)|(6025.20,.00)|(5944.88,.00)|-0.23|1.00|0.00|(5946.85,.00)|(1.00,.00)|5945.851176807253|24.586499776486363|0|null|2.5745522325878003|0|null|false|0|false
157.20|(5928.82,.22)|(1.00,-.02)|5927.8200722893735|24.586499776486363|5927|0|0|(5938.82,.00)|(6027.17,.00)|(5946.85,.00)|-0.08|1.00|0.00|(5948.82,.00)|(1.00,.00)|5947.8200722893735|24.586499776486363|0|null|2.5609937923535404|0|null|false|0|false
157.25|(5930.79,.17)|(1.00,-.02)|5929.788903992065|24.586499776486363|5929|0|0|(5940.79,.00)|(6029.13,.00)|(5948.82,.00)|-0.08|1.00|0.00|(5950.79,.00)|(1.00,.00)|5949.788903992065|24.586499776486363|0|null|2.5467071759813615|0|null|false|0|false
157.30|(5932.76,.12)|(1.00,-.02)|5931.757669708037|24.586499776486363|5931|0|0|(5942.76,.00)|(6031.10,.00)|(5950.79,.00)|-0.08|1.00|0.00|(5952.76,.00)|(1.00,.00)|5951.757669708037|24.586499776486363|0|null|2.531711684675946|0|null|false|0|false
157.35|(5934.73,.07)|(1.00,-.02)|5933.7265212386865|24.586499776486363|5933|0|0|(5944.73,.00)|(6033.07,.00)|(5952.76,.00)|0.02|1.00|0.00|(5954.73,.00)|(1.00,.00)|5953.7265212386865|24.586499776486363|0|null|2.5177963640666237|0|null|false|0|false
157.40|(5936.70,.01)|(1.00,-.02)|5935.695372741774|24.586499776486363|5935|0|0|(5946.70,.00)|(6035.04,.00)|(5954.73,.00)|0.02|1.00|0.00|(5956.70,.00)|(1.00,.00)|5955.695372741774|24.586499776486363|0|null|2.5038145312566265|0|null|false|0|false
157.45|(5938.66,-.04)|(1.00,-.02)|5937.664225559398|24.586499776486363|5937|0|0|(5948.66,.00)|(6037.01,.00)|(5956.70,.00)|0.02|1.00|0.00|(5958.66,.00)|(1.00,.00)|5957.664225559398|24.586499776486363|0|null|2.489786255928819|0|null|false|0|false
157.50|(5940.63,-.08)|(1.00,-.02)|5939.6331610140805|24.586499776486363|5939|0|0|(5950.63,.00)|(6038.98,.00)|(5958.66,.00)|0.10|1.00|0.00|(5960.63,.00)|(1.00,.00)|5959.6331610140805|24.586499776486363|0|null|2.4771078182198627|0|null|false|0|false
157.55|(5942.60,-.13)|(1.00,-.02)|5941.602143685475|24.586499776486363|5941|0|0|(5952.60,.00)|(6040.95,.00)|(5960.63,.00)|0.10|1.00|0.00|(5962.60,.00)|(1.00,.00)|5961.602143685475|24.586499776486363|0|null|2.464888595468209|0|null|false|0|false
157.60|(5944.57,-.17)|(1.00,-.02)|5943.571172839263|24.586499776486363|5943|0|0|(5954.57,.00)|(6042.92,.00)|(5962.60,.00)|0.10|1.00|0.00|(5964.57,.00)|(1.00,.00)|5963.571172839263|24.586499776486363|0|null|2.4531449711552287|0|null|false|0|false
157.65|(5946.54,-.21)|(1.00,-.02)|5945.540247391516|24.586499776486363|5945|0|0|(5956.54,.00)|(6044.89,.00)|(5964.57,.00)|0.10|1.00|0.00|(5966.54,.00)|(1.00,.00)|5965.540247391516|24.586499776486363|0|null|2.4418900660858185|0|null|false|0|false
157.70|(5948.51,-.25)|(1.00,-.02)|5947.509398838702|24.586499776486363|5947|0|0|(5958.51,.00)|(6046.86,.00)|(5966.54,.00)|0.18|1.00|0.00|(5968.51,.00)|(1.00,.00)|5967.509398838702|24.586499776486363|0|null|2.432570463400787|0|null|false|0|false
157.75|(5950.48,-.28)|(1.00,-.02)|5949.4786209890235|24.586499776486363|5949|0|0|(5960.48,.00)|(6048.82,.00)|(5968.51,.00)|0.18|1.00|0.00|(5970.48,.00)|(1.00,.00)|5969.4786209890235|24.586499776486363|0|null|2.4242496495219292|0|null|false|0|false
157.80|(5952.45,-.30)|(1.00,-.02)|5951.447906710098|24.586499776486363|5951|0|0|(5962.45,.00)|(6050.79,.00)|(5970.48,.00)|0.18|1.00|0.00|(5972.45,.00)|(1.00,.00)|5971.447906710098|24.586499776486363|0|null|2.416936062034999|0|null|false|0|false
157.85|(5954.42,-.33)|(1.00,-.02)|5953.417248595044|24.586499776486363|5953|0|0|(5964.42,.00)|(6052.76,.00)|(5972.45,.00)|0.18|1.00|0.00|(5974.42,.00)|(1.00,.00)|5973.417248595044|24.586499776486363|0|null|2.41063484425538|0|null|false|0|false
157.90|(5956.39,-.34)|(1.00,-.02)|5955.386629701858|24.586499776486363|5955|0|0|(5966.39,.00)|(6054.73,.00)|(5974.42,.00)|0.22|1.00|0.00|(5976.39,.00)|(1.00,.00)|5975.386629701858|24.586499776486363|0|null|2.4059555867479974|0|null|false|0|false
157.95|(5958.36,-.36)|(1.00,-.01)|5957.356054557204|24.586499776486363|5957|0|0|(5968.36,.00)|(6056.70,.00)|(5976.39,.00)|0.22|1.00|0.00|(5978.36,.00)|(1.00,.00)|5977.356054557204|24.586499776486363|0|null|2.4024987667397943|0|null|false|0|false
158.00|(5960.33,-.37)|(1.00,-.01)|5959.325512194253|24.586499776486363|5959|0|0|(5970.33,.00)|(6058.67,.00)|(5978.36,.00)|0.22|1.00|0.00|(5980.33,.00)|(1.00,.00)|5979.325512194253|24.586499776486363|0|null|2.4002632145691556|0|null|false|0|false
158.05|(5962.29,-.37)|(1.00,-.01)|5961.294994284297|24.586499776486363|5961|0|0|(5972.29,.00)|(6060.64,.00)|(5980.33,.00)|0.22|1.00|0.00|(5982.29,.00)|(1.00,.00)|5981.294994284297|24.586499776486363|0|null|2.3991768601194243|0|null|false|0|false
158.10|(5964.26,-.37)|(1.00,-.01)|5963.264487810219|24.586499776486363|5963|0|0|(5974.26,.00)|(6062.61,.00)|(5982.29,.00)|0.22|1.00|0.00|(5984.26,.00)|(1.00,.00)|5983.264487810219|24.586499776486363|0|null|2.399279287871148|0|null|false|0|false
158.15|(5966.23,-.36)|(1.00,-.00)|5965.2339825417475|24.586499776486363|5965|0|0|(5976.23,.00)|(6064.58,.00)|(5984.26,.00)|0.22|1.00|0.00|(5986.23,.00)|(1.00,.00)|5985.2339825417475|24.586499776486363|0|null|2.4005632792749707|0|null|false|0|false
158.20|(5968.20,-.35)|(1.00,-.00)|5967.203468473085|24.586499776486363|5967|0|0|(5978.20,.00)|(6066.55,.00)|(5986.23,.00)|0.22|1.00|0.00|(5988.20,.00)|(1.00,.00)|5987.203468473085|24.586499776486363|0|null|2.403020477031282|0|null|false|0|false
158.25|(5970.17,-.34)|(1.00,-.00)|5969.172935850196|24.586499776486363|5969|0|0|(5980.17,.00)|(6068.52,.00)|(5988.20,.00)|0.22|1.00|0.00|(5990.17,.00)|(1.00,.00)|5989.172935850196|24.586499776486363|0|null|2.406641782748922|0|null|false|0|false
158.30|(5972.14,-.33)|(1.00,.00)|5971.142403449953|24.586499776486363|5971|0|0|(5982.14,.00)|(6070.49,.00)|(5990.17,.00)|0.19|1.00|0.00|(5992.14,.00)|(1.00,.00)|5991.142403449953|24.586499776486363|0|null|2.4109521405218195|0|null|false|0|false
158.35|(5974.11,-.31)|(1.00,.00)|5973.111842438587|24.586499776486363|5973|0|0|(5984.11,.00)|(6072.46,.00)|(5992.14,.00)|0.19|1.00|0.00|(5994.11,.00)|(1.00,.00)|5993.111842438587|24.586499776486363|0|null|2.416247831738092|0|null|false|0|false
158.40|(5976.08,-.28)|(1.00,.01)|5975.081246229038|24.586499776486363|5975|0|0|(5986.08,.00)|(6074.43,.00)|(5994.11,.00)|0.19|1.00|0.00|(5996.08,.00)|(1.00,.00)|5995.081246229038|24.586499776486363|0|null|2.422518370959004|0|null|false|0|false
158.45|(5978.05,-.26)|(1.00,.01)|5977.050608437167|24.586499776486363|5977|0|0|(5988.05,.00)|(6076.40,.00)|(5996.08,.00)|0.19|1.00|0.00|(5998.05,.00)|(1.00,.00)|5997.050608437167|24.586499776486363|0|null|2.4297541788614754|0|null|false|0|false
158.50|(5980.02,-.23)|(1.00,.01)|5979.020018689954|24.586499776486363|5979|0|0|(5990.02,.00)|(6078.37,.00)|(5998.05,.00)|0.10|1.00|0.00|(6000.02,.00)|(1.00,.00)|5999.020018689954|24.586499776486363|0|null|2.436368054840687|0|null|false|0|false
158.55|(5981.99,-.21)|(1.00,.01)|5980.989411552644|24.586499776486363|5980|0|0|(5991.99,.00)|(6080.34,.00)|(6000.02,.00)|0.10|1.00|0.00|(6001.99,.00)|(1.00,.00)|6000.989411552644|24.586499776486363|0|null|2.443389692306571|0|null|false|0|false
158.60|(5983.96,-.18)|(1.00,.01)|5982.958786242841|24.586499776486363|5982|0|0|(5993.96,.00)|(6082.30,.00)|(6001.99,.00)|0.10|1.00|0.00|(6003.96,.00)|(1.00,.00)|6002.958786242841|24.586499776486363|0|null|2.4508088990129493|0|null|false|0|false
158.65|(5985.93,-.15)|(1.00,.01)|5984.928141963256|24.586499776486363|5984|0|0|(5995.93,.00)|(6084.27,.00)|(6003.96,.00)|0.10|1.00|0.00|(6005.93,.00)|(1.00,.00)|6004.928141963256|24.586499776486363|0|null|2.4586179252688627|0|null|false|0|false
158.70|(5987.90,-.13)|(1.00,.01)|5986.897528878015|24.586499776486363|5986|0|0|(5997.90,.00)|(6086.24,.00)|(6005.93,.00)|0.03|1.00|0.00|(6007.90,.00)|(1.00,.00)|6006.897528878015|24.586499776486363|0|null|2.4656157066404965|0|null|false|0|false
158.75|(5989.87,-.10)|(1.00,.01)|5988.866919335254|24.586499776486363|5988|0|0|(5999.87,.00)|(6088.21,.00)|(6007.90,.00)|0.03|1.00|0.00|(6009.87,.00)|(1.00,.00)|6008.866919335254|24.586499776486363|0|null|2.4725848097541037|0|null|false|0|false
158.80|(5991.84,-.07)|(1.00,.01)|5990.836313405613|24.586499776486363|5990|0|0|(6001.84,.00)|(6090.18,.00)|(6009.87,.00)|0.03|1.00|0.00|(6011.84,.00)|(1.00,.00)|6010.836313405613|24.586499776486363|0|null|2.4795214556461342|0|null|false|0|false
158.85|(5993.81,-.05)|(1.00,.01)|5992.805711024376|24.586499776486363|5992|0|0|(6003.81,.00)|(6092.15,.00)|(6011.84,.00)|0.03|1.00|0.00|(6013.81,.00)|(1.00,.00)|6012.805711024376|24.586499776486363|0|null|2.4864248650482454|0|null|false|0|false
158.90|(5995.78,-.03)|(1.00,.01)|5994.775131494168|24.586499776486363|5994|0|0|(6005.78,.00)|(6094.12,.00)|(6013.81,.00)|-0.02|1.00|0.00|(6015.78,.00)|(1.00,.00)|6014.775131494168|24.586499776486363|0|null|2.4925015292750072|0|null|false|0|false
158.95|(5997.74,-.01)|(1.00,.01)|5996.744567241262|24.586499776486363|5996|0|0|(6007.74,.00)|(6096.09,.00)|(6015.78,.00)|-0.02|1.00|0.00|(6017.74,.00)|(1.00,.00)|6016.744567241262|24.586499776486363|0|null|2.4982786750751593|0|null|false|0|false
159.00|(5999.71,.01)|(1.00,.01)|5998.714017300303|24.586499776486363|5998|0|0|(6009.71,.00)|(6098.06,.00)|(6017.74,.00)|-0.02|1.00|0.00|(6019.71,.00)|(1.00,.00)|6018.714017300303|24.586499776486363|0|null|2.503761164006555|0|null|false|0|false
159.05|(6001.68,.03)|(1.00,.01)|6000.683480634404|24.586499776486363|6000|0|0|(6011.68,.00)|(6100.03,.00)|(6019.71,.00)|-0.02|1.00|0.00|(6021.68,.00)|(1.00,.00)|6020.683480634404|24.586499776486363|0|null|2.5089564499993644|0|null|false|0|false
159.10|(6003.65,.05)|(1.00,.01)|6002.652961051274|24.586499776486363|6002|0|0|(6013.65,.00)|(6102.00,.00)|(6021.68,.00)|-0.05|1.00|0.00|(6023.65,.00)|(1.00,.00)|6022.652961051274|24.586499776486363|0|null|2.5132427616238457|0|null|false|0|false
159.15|(6005.62,.06)|(1.00,.01)|6004.62245852126|24.586499776486363|6004|0|0|(6015.62,.00)|(6103.97,.00)|(6023.65,.00)|-0.05|1.00|0.00|(6025.62,.00)|(1.00,.00)|6024.62245852126|24.586499776486363|0|null|2.517046503831856|0|null|false|0|false
159.20|(6007.59,.07)|(1.00,.01)|6006.591970905151|24.586499776486363|6006|0|0|(6017.59,.00)|(6105.94,.00)|(6025.62,.00)|-0.05|1.00|0.00|(6027.59,.00)|(1.00,.00)|6026.591970905151|24.586499776486363|0|null|2.5203790998547877|0|null|false|0|false
159.25|(6009.56,.09)|(1.00,.01)|6008.561496138045|24.586499776486363|6008|0|0|(6019.56,.00)|(6107.91,.00)|(6027.59,.00)|-0.05|1.00|0.00|(6029.56,.00)|(1.00,.00)|6028.561496138045|24.586499776486363|0|null|2.5232535162622423|0|null|false|0|false
159.30|(6011.53,.09)|(1.00,.01)|6010.531029863427|24.586499776486363|6010|0|0|(6021.53,.00)|(6109.88,.00)|(6029.56,.00)|-0.07|1.00|0.00|(6031.53,.00)|(1.00,.00)|6030.531029863427|24.586499776486363|0|null|2.5253619081230427|0|null|false|0|false
159.35|(6013.50,.10)|(1.00,.01)|6012.500573560706|24.586499776486363|6012|0|0|(6023.50,.00)|(6111.85,.00)|(6031.53,.00)|-0.07|1.00|0.00|(6033.50,.00)|(1.00,.00)|6032.500573560706|24.586499776486363|0|null|2.5269306113516716|0|null|false|0|false
159.40|(6015.47,.10)|(1.00,.01)|6014.470124802864|24.586499776486363|6014|0|0|(6025.47,.00)|(6113.82,.00)|(6033.50,.00)|-0.07|1.00|0.00|(6035.47,.00)|(1.00,.00)|6034.470124802864|24.586499776486363|0|null|2.5279739690494027|0|null|false|0|false
159.45|(6017.44,.10)|(1.00,.00)|6016.439681328267|24.586499776486363|6016|0|0|(6027.44,.00)|(6115.79,.00)|(6035.47,.00)|-0.07|1.00|0.00|(6037.44,.00)|(1.00,.00)|6036.439681328267|24.586499776486363|0|null|2.5285065093533587|0|null|false|0|false
159.50|(6019.41,.10)|(1.00,.00)|6018.409241043564|24.586499776486363|6018|0|0|(6029.41,.00)|(6117.76,.00)|(6037.44,.00)|-0.07|1.00|0.00|(6039.41,.00)|(1.00,.00)|6038.409241043564|24.586499776486363|0|null|2.5285425978855534|0|null|false|0|false
159.55|(6021.38,.10)|(1.00,.00)|6020.378807093809|24.586499776486363|6020|0|0|(6031.38,.00)|(6119.72,.00)|(6039.41,.00)|-0.06|1.00|0.00|(6041.38,.00)|(1.00,.00)|6040.378807093809|24.586499776486363|0|null|2.5284001734734187|0|null|false|0|false
159.60|(6023.35,.10)|(1.00,.00)|6022.348373596594|24.586499776486363|6022|0|0|(6033.35,.00)|(6121.69,.00)|(6041.38,.00)|-0.06|1.00|0.00|(6043.35,.00)|(1.00,.00)|6042.348373596594|24.586499776486363|0|null|2.5278927084333036|0|null|false|0|false
159.65|(6025.32,.10)|(1.00,.00)|6024.317939520337|24.586499776486363|6024|0|0|(6035.32,.00)|(6123.66,.00)|(6043.35,.00)|-0.06|1.00|0.00|(6045.32,.00)|(1.00,.00)|6044.317939520337|24.586499776486363|0|null|2.5270332312915107|0|null|false|0|false
159.70|(6027.29,.09)|(1.00,.00)|6026.287503941475|24.586499776486363|6026|0|0|(6037.29,.00)|(6125.63,.00)|(6045.32,.00)|-0.06|1.00|0.00|(6047.29,.00)|(1.00,.00)|6046.287503941475|24.586499776486363|0|null|2.525833405510293|0|null|false|0|false
159.75|(6029.26,.09)|(1.00,-.00)|6028.257066026462|24.586499776486363|6028|0|0|(6039.26,.00)|(6127.60,.00)|(6047.29,.00)|-0.06|1.00|0.00|(6049.26,.00)|(1.00,.00)|6048.257066026462|24.586499776486363|0|null|2.524303358342222|0|null|false|0|false
159.80|(6031.23,.08)|(1.00,-.00)|6030.226631712628|24.586499776486363|6030|0|0|(6041.23,.00)|(6129.57,.00)|(6049.26,.00)|-0.03|1.00|0.00|(6051.23,.00)|(1.00,.00)|6050.226631712628|24.586499776486363|0|null|2.522880449824072|0|null|false|0|false
159.85|(6033.20,.08)|(1.00,-.00)|6032.196196000406|24.586499776486363|6032|0|0|(6043.20,.00)|(6131.54,.00)|(6051.23,.00)|-0.03|1.00|0.00|(6053.20,.00)|(1.00,.00)|6052.196196000406|24.586499776486363|0|null|2.5212898137124604|0|null|false|0|false
159.90|(6035.17,.07)|(1.00,-.00)|6034.165758725258|24.586499776486363|6034|0|0|(6045.17,.00)|(6133.51,.00)|(6053.20,.00)|-0.03|1.00|0.00|(6055.17,.00)|(1.00,.00)|6054.165758725258|24.586499776486363|0|null|2.5195377612760583|0|null|false|0|false
159.95|(6037.14,.06)|(1.00,-.00)|6036.135319732132|24.586499776486363|6036|0|0|(6047.14,.00)|(6135.48,.00)|(6055.17,.00)|-0.03|1.00|0.00|(6057.14,.00)|(1.00,.00)|6056.135319732132|24.586499776486363|0|null|2.517628693293757|0|null|false|0|false
160.00|(6039.10,.06)|(1.00,-.00)|6038.104878864259|24.586499776486363|6038|0|0|(6049.10,.00)|(6137.45,.00)|(6057.14,.00)|-0.03|1.00|0.00|(6059.10,.00)|(1.00,.00)|6058.104878864259|24.586499776486363|0|null|2.515565169246625|0|null|false|0|false
160.05|(6041.07,.05)|(1.00,-.00)|6040.074439061502|24.586499776486363|6040|0|0|(6051.07,.00)|(6139.42,.00)|(6059.10,.00)|-0.02|1.00|0.00|(6061.07,.00)|(1.00,.00)|6060.074439061502|24.586499776486363|0|null|2.513600022422591|0|null|false|0|false
160.10|(6043.04,.04)|(1.00,-.00)|6042.043998589602|24.586499776486363|6042|0|0|(6053.04,.00)|(6141.39,.00)|(6061.07,.00)|-0.02|1.00|0.00|(6063.04,.00)|(1.00,.00)|6062.043998589602|24.586499776486363|0|null|2.511567054873195|0|null|false|0|false
160.15|(6045.01,.03)|(1.00,-.00)|6044.013557391751|24.586499776486363|6044|0|0|(6055.01,.00)|(6143.36,.00)|(6063.04,.00)|-0.02|1.00|0.00|(6065.01,.00)|(1.00,.00)|6064.013557391751|24.586499776486363|0|null|2.5094649327946428|0|null|false|0|false
160.20|(6046.98,.03)|(1.00,-.00)|6045.98311538896|24.586499776486363|6045|0|0|(6056.98,.00)|(6145.33,.00)|(6065.01,.00)|-0.02|1.00|0.00|(6066.98,.00)|(1.00,.00)|6065.98311538896|24.586499776486363|0|null|2.507291065192634|0|null|false|0|false
160.25|(6048.95,.02)|(1.00,-.00)|6047.952672480272|24.586499776486363|6047|0|0|(6058.95,.00)|(6147.30,.00)|(6066.98,.00)|-0.02|1.00|0.00|(6068.95,.00)|(1.00,.00)|6067.952672480272|24.586499776486363|0|null|2.505041854953037|0|null|false|0|false
160.30|(6050.92,.01)|(1.00,-.00)|6049.9222285443875|24.586499776486363|6049|0|0|(6060.92,.00)|(6149.27,.00)|(6068.95,.00)|-0.02|1.00|0.00|(6070.92,.00)|(1.00,.00)|6069.9222285443875|24.586499776486363|0|null|2.5027129697835324|0|null|false|0|false
160.35|(6052.89,.00)|(1.00,-.00)|6051.891783442584|24.586499776486363|6051|0|0|(6062.89,.00)|(6151.24,.00)|(6070.92,.00)|-0.02|1.00|0.00|(6072.89,.00)|(1.00,.00)|6071.891783442584|24.586499776486363|0|null|2.500299626797491|0|null|false|0|false
160.40|(6054.86,-.01)|(1.00,-.00)|6053.8613370228395|24.586499776486363|6053|0|0|(6064.86,.00)|(6153.21,.00)|(6072.89,.00)|-0.02|1.00|0.00|(6074.86,.00)|(1.00,.00)|6073.8613370228395|24.586499776486363|0|null|2.4977968842418328|0|null|false|0|false
160.45|(6056.83,-.02)|(1.00,-.00)|6055.830889125059|24.586499776486363|6055|0|0|(6066.83,.00)|(6155.18,.00)|(6074.86,.00)|-0.02|1.00|0.00|(6076.83,.00)|(1.00,.00)|6075.830889125059|24.586499776486363|0|null|2.4951999337395385|0|null|false|0|false
160.50|(6058.80,-.03)|(1.00,-.00)|6057.800439587264|24.586499776486363|6057|0|0|(6068.80,.00)|(6157.15,.00)|(6076.83,.00)|-0.02|1.00|0.00|(6078.80,.00)|(1.00,.00)|6077.800439587264|24.586499776486363|0|null|2.4925043864280454|0|null|false|0|false
160.55|(6060.77,-.04)|(1.00,-.00)|6059.769988252592|24.586499776486363|6059|0|0|(6070.77,.00)|(6159.12,.00)|(6078.80,.00)|-0.02|1.00|0.00|(6080.77,.00)|(1.00,.00)|6079.769988252592|24.586499776486363|0|null|2.489706546526989|0|null|false|0|false
160.60|(6062.74,-.05)|(1.00,-.00)|6061.739534976899|24.586499776486363|6061|0|0|(6072.74,.00)|(6161.09,.00)|(6080.77,.00)|-0.02|1.00|0.00|(6082.74,.00)|(1.00,.00)|6081.739534976899|24.586499776486363|0|null|2.4868036661595445|0|null|false|0|false
160.65|(6064.71,-.06)|(1.00,-.01)|6063.709079636715|24.586499776486363|6063|0|0|(6074.71,.00)|(6163.06,.00)|(6082.74,.00)|-0.02|1.00|0.00|(6084.71,.00)|(1.00,.00)|6083.709079636715|24.586499776486363|0|null|2.483794175674878|0|null|false|0|false
160.70|(6066.68,-.07)|(1.00,-.01)|6065.678622137251|24.586499776486363|6065|0|0|(6076.68,.00)|(6165.02,.00)|(6084.71,.00)|-0.02|1.00|0.00|(6086.68,.00)|(1.00,.00)|6085.678622137251|24.586499776486363|0|null|2.4806778842659956|0|null|false|0|false
160.75|(6068.65,-.08)|(1.00,-.01)|6067.648162420124|24.586499776486363|6067|0|0|(6078.65,.00)|(6166.99,.00)|(6086.68,.00)|-0.02|1.00|0.00|(6088.65,.00)|(1.00,.00)|6087.648162420124|24.586499776486363|0|null|2.4774561463357583|0|null|false|0|false
160.80|(6070.62,-.09)|(1.00,-.01)|6069.617700470412|24.586499776486363|6069|0|0|(6080.62,.00)|(6168.96,.00)|(6088.65,.00)|-0.02|1.00|0.00|(6090.62,.00)|(1.00,.00)|6089.617700470412|24.586499776486363|0|null|2.474131989819977|0|null|false|0|false
160.85|(6072.59,-.11)|(1.00,-.01)|6071.58723632267|24.586499776486363|6071|0|0|(6082.59,.00)|(6170.93,.00)|(6090.62,.00)|-0.02|1.00|0.00|(6092.59,.00)|(1.00,.00)|6091.58723632267|24.586499776486363|0|null|2.4707102035139346|0|null|false|0|false
160.90|(6074.56,-.12)|(1.00,-.01)|6073.55677006552|24.586499776486363|6073|0|0|(6084.56,.00)|(6172.90,.00)|(6092.59,.00)|-0.02|1.00|0.00|(6094.56,.00)|(1.00,.00)|6093.55677006552|24.586499776486363|0|null|2.467197381349385|0|null|false|0|false
160.95|(6076.53,-.13)|(1.00,-.01)|6075.526301844478|24.586499776486363|6075|0|0|(6086.53,.00)|(6174.87,.00)|(6094.56,.00)|-0.02|1.00|0.00|(6096.53,.00)|(1.00,.00)|6095.526301844478|24.586499776486363|0|null|2.4636019225135835|0|null|false|0|false
161.00|(6078.50,-.15)|(1.00,-.01)|6077.495831862725|24.586499776486363|6077|0|0|(6088.50,.00)|(6176.84,.00)|(6096.53,.00)|-0.02|1.00|0.00|(6098.50,.00)|(1.00,.00)|6097.495831862725|24.586499776486363|0|null|2.4599339872697747|0|null|false|0|false
161.05|(6080.47,-.16)|(1.00,-.01)|6079.465360379624|24.586499776486363|6079|0|0|(6090.47,.00)|(6178.81,.00)|(6098.50,.00)|-0.02|1.00|0.00|(6100.47,.00)|(1.00,.00)|6099.465360379624|24.586499776486363|0|null|2.4562054093089225|0|null|false|0|false
161.10|(6082.43,-.17)|(1.00,-.01)|6081.434887706897|24.586499776486363|6081|0|0|(6092.43,.00)|(6180.78,.00)|(6100.47,.00)|-0.02|1.00|0.00|(6102.43,.00)|(1.00,.00)|6101.434887706897|24.586499776486363|0|null|2.452429566414267|0|null|false|0|false
161.15|(6084.40,-.19)|(1.00,-.01)|6083.40441420246|24.586499776486363|6083|0|0|(6094.40,.00)|(6182.75,.00)|(6102.43,.00)|-0.02|1.00|0.00|(6104.40,.00)|(1.00,.00)|6103.40441420246|24.586499776486363|0|null|2.44862121213301|0|null|false|0|false
161.20|(6086.37,-.20)|(1.00,-.01)|6085.373940262095|24.586499776486363|6085|0|0|(6096.37,.00)|(6184.72,.00)|(6104.40,.00)|-0.02|1.00|0.00|(6106.37,.00)|(1.00,.00)|6105.373940262095|24.586499776486363|0|null|2.444796272003256|0|null|false|0|false
161.25|(6088.34,-.22)|(1.00,-.01)|6087.34346630921|24.586499776486363|6087|0|0|(6098.34,.00)|(6186.69,.00)|(6106.37,.00)|-0.02|1.00|0.00|(6108.34,.00)|(1.00,.00)|6107.34346630921|24.586499776486363|0|null|2.4409716086608784|0|null|false|0|false
161.30|(6090.31,-.22)|(1.00,-.01)|6089.313003750261|24.586499776486363|6089|0|0|(6100.31,.00)|(6188.66,.00)|(6108.34,.00)|0.09|1.00|0.00|(6110.31,.00)|(1.00,.00)|6109.313003750261|24.586499776486363|0|null|2.4390531009774588|0|null|false|0|false
161.35|(6092.28,-.23)|(1.00,-.01)|6091.282548980581|24.586499776486363|6091|0|0|(6102.28,.00)|(6190.63,.00)|(6110.31,.00)|0.09|1.00|0.00|(6112.28,.00)|(1.00,.00)|6111.282548980581|24.586499776486363|0|null|2.4378189043164102|0|null|false|0|false
161.40|(6094.25,-.23)|(1.00,-.00)|6093.252098805598|24.586499776486363|6093|0|0|(6104.25,.00)|(6192.60,.00)|(6112.28,.00)|0.09|1.00|0.00|(6114.25,.00)|(1.00,.00)|6113.252098805598|24.586499776486363|0|null|2.4372930752590345|0|null|false|0|false
161.45|(6096.22,-.23)|(1.00,-.00)|6095.221649710355|24.586499776486363|6095|0|0|(6106.22,.00)|(6194.57,.00)|(6114.25,.00)|0.09|1.00|0.00|(6116.22,.00)|(1.00,.00)|6115.221649710355|24.586499776486363|0|null|2.4374988189075326|0|null|false|0|false
161.50|(6098.19,-.23)|(1.00,-.00)|6097.1911978654125|24.586499776486363|6097|0|0|(6108.19,.00)|(6196.54,.00)|(6116.22,.00)|0.09|1.00|0.00|(6118.19,.00)|(1.00,.00)|6117.1911978654125|24.586499776486363|0|null|2.4384582303923663|0|null|false|0|false
161.55|(6100.16,-.22)|(1.00,-.00)|6099.160726247559|24.586499776486363|6099|0|0|(6110.16,.00)|(6198.51,.00)|(6118.19,.00)|0.11|1.00|0.00|(6120.16,.00)|(1.00,.00)|6119.160726247559|24.586499776486363|0|null|2.4405274217227415|0|null|false|0|false
161.60|(6102.13,-.21)|(1.00,.00)|6101.130239468517|24.586499776486363|6101|0|0|(6112.13,.00)|(6200.48,.00)|(6120.16,.00)|0.11|1.00|0.00|(6122.13,.00)|(1.00,.00)|6121.130239468517|24.586499776486363|0|null|2.4435053179410637|0|null|false|0|false
161.65|(6104.10,-.19)|(1.00,.00)|6103.099731433079|24.586499776486363|6103|0|0|(6114.10,.00)|(6202.45,.00)|(6122.13,.00)|0.11|1.00|0.00|(6124.10,.00)|(1.00,.00)|6123.099731433079|24.586499776486363|0|null|2.447410262580677|0|null|false|0|false
161.70|(6106.07,-.18)|(1.00,.00)|6105.069218908457|24.586499776486363|6105|0|0|(6116.07,.00)|(6204.42,.00)|(6124.10,.00)|0.09|1.00|0.00|(6126.07,.00)|(1.00,.00)|6125.069218908457|24.586499776486363|0|null|2.4518378182067115|0|null|false|0|false
161.75|(6108.04,-.16)|(1.00,.01)|6107.038679948208|24.586499776486363|6107|0|0|(6118.04,.00)|(6206.38,.00)|(6126.07,.00)|0.09|1.00|0.00|(6128.04,.00)|(1.00,.00)|6127.038679948208|24.586499776486363|0|null|2.457077975604756|0|null|false|0|false
161.80|(6110.01,-.13)|(1.00,.01)|6109.008109698379|24.586499776486363|6109|0|0|(6120.01,.00)|(6208.35,.00)|(6128.04,.00)|0.09|1.00|0.00|(6130.01,.00)|(1.00,.00)|6129.008109698379|24.586499776486363|0|null|2.463140755716383|0|null|false|0|false
161.85|(6111.98,-.11)|(1.00,.01)|6110.977503258604|24.586499776486363|6110|0|0|(6121.98,.00)|(6210.32,.00)|(6130.01,.00)|0.09|1.00|0.00|(6131.98,.00)|(1.00,.00)|6130.977503258604|24.586499776486363|0|null|2.470033735353926|0|null|false|0|false
161.90|(6113.95,-.08)|(1.00,.01)|6112.946855736937|24.586499776486363|6112|0|0|(6123.95,.00)|(6212.29,.00)|(6131.98,.00)|0.09|1.00|0.00|(6133.95,.00)|(1.00,.00)|6132.946855736937|24.586499776486363|0|null|2.477761967938802|0|null|false|0|false
161.95|(6115.92,-.05)|(1.00,.01)|6114.9161623056025|24.586499776486363|6114|0|0|(6125.92,.00)|(6214.26,.00)|(6133.95,.00)|0.09|1.00|0.00|(6135.92,.00)|(1.00,.00)|6134.9161623056025|24.586499776486363|0|null|2.4863279454492293|0|null|false|0|false
162.00|(6117.89,-.02)|(1.00,.01)|6116.885418255876|24.586499776486363|6116|0|0|(6127.89,.00)|(6216.23,.00)|(6135.92,.00)|0.09|1.00|0.00|(6137.89,.00)|(1.00,.00)|6136.885418255876|24.586499776486363|0|null|2.4957316030330747|0|null|false|0|false
162.05|(6119.85,.01)|(1.00,.01)|6118.854762368039|24.586499776486363|6118|0|0|(6129.85,.00)|(6218.20,.00)|(6137.89,.00)|-0.04|1.00|0.00|(6139.85,.00)|(1.00,.00)|6138.854762368039|24.586499776486363|0|null|2.5037956182512966|0|null|false|0|false
162.10|(6121.82,.04)|(1.00,.01)|6120.824103073041|24.586499776486363|6120|0|0|(6131.82,.00)|(6220.17,.00)|(6139.85,.00)|-0.04|1.00|0.00|(6141.82,.00)|(1.00,.00)|6140.824103073041|24.586499776486363|0|null|2.5119428436671307|0|null|false|0|false
162.15|(6123.79,.07)|(1.00,.01)|6122.793440948473|24.586499776486363|6122|0|0|(6133.79,.00)|(6222.14,.00)|(6141.82,.00)|-0.04|1.00|0.00|(6143.79,.00)|(1.00,.00)|6142.793440948473|24.586499776486363|0|null|2.5201590879152542|0|null|false|0|false
162.20|(6125.76,.10)|(1.00,.01)|6124.762809975915|24.586499776486363|6124|0|0|(6135.76,.00)|(6224.11,.00)|(6143.79,.00)|-0.09|1.00|0.00|(6145.76,.00)|(1.00,.00)|6144.762809975915|24.586499776486363|0|null|2.527567824080787|0|null|false|0|false
162.25|(6127.73,.13)|(1.00,.01)|6126.732193355031|24.586499776486363|6126|0|0|(6137.73,.00)|(6226.08,.00)|(6145.76,.00)|-0.09|1.00|0.00|(6147.73,.00)|(1.00,.00)|6146.732193355031|24.586499776486363|0|null|2.5347175398403246|0|null|false|0|false
162.30|(6129.70,.15)|(1.00,.01)|6128.701591351813|24.586499776486363|6128|0|0|(6139.70,.00)|(6228.05,.00)|(6147.73,.00)|-0.09|1.00|0.00|(6149.70,.00)|(1.00,.00)|6148.701591351813|24.586499776486363|0|null|2.5415876641490387|0|null|false|0|false
162.35|(6131.67,.18)|(1.00,.01)|6130.671004169916|24.586499776486363|6130|0|0|(6141.67,.00)|(6230.02,.00)|(6149.70,.00)|-0.09|1.00|0.00|(6151.67,.00)|(1.00,.00)|6150.671004169916|24.586499776486363|0|null|2.5481570974036316|0|null|false|0|false
162.40|(6133.64,.20)|(1.00,.01)|6132.640431926332|24.586499776486363|6132|0|0|(6143.64,.00)|(6231.99,.00)|(6151.67,.00)|-0.09|1.00|0.00|(6153.64,.00)|(1.00,.00)|6152.640431926332|24.586499776486363|0|null|2.5544044280782128|0|null|false|0|false
162.45|(6135.61,.22)|(1.00,.01)|6134.609886205302|24.586499776486363|6134|0|0|(6145.61,.00)|(6233.96,.00)|(6153.64,.00)|-0.14|1.00|0.00|(6155.61,.00)|(1.00,.00)|6154.609886205302|24.586499776486363|0|null|2.5594299155861004|0|null|false|0|false
162.50|(6137.58,.23)|(1.00,.01)|6136.5793633134|24.586499776486363|6136|0|0|(6147.58,.00)|(6235.93,.00)|(6155.61,.00)|-0.14|1.00|0.00|(6157.58,.00)|(1.00,.00)|6156.5793633134|24.586499776486363|0|null|2.563788865551916|0|null|false|0|false
162.55|(6139.55,.25)|(1.00,.01)|6138.548860619492|24.586499776486363|6138|0|0|(6149.55,.00)|(6237.89,.00)|(6157.58,.00)|-0.14|1.00|0.00|(6159.55,.00)|(1.00,.00)|6158.548860619492|24.586499776486363|0|null|2.567457584266206|0|null|false|0|false
162.60|(6141.52,.26)|(1.00,.01)|6140.518375177673|24.586499776486363|6140|0|0|(6151.52,.00)|(6239.86,.00)|(6159.55,.00)|-0.14|1.00|0.00|(6161.52,.00)|(1.00,.00)|6160.518375177673|24.586499776486363|0|null|2.5704133620038316|0|null|false|0|false
162.65|(6143.49,.27)|(1.00,.01)|6142.4879037284345|24.586499776486363|6142|0|0|(6153.49,.00)|(6241.83,.00)|(6161.52,.00)|-0.14|1.00|0.00|(6163.49,.00)|(1.00,.00)|6162.4879037284345|24.586499776486363|0|null|2.5726347001745626|0|null|false|0|false
162.70|(6145.46,.27)|(1.00,.01)|6144.457442707176|24.586499776486363|6144|0|0|(6155.46,.00)|(6243.80,.00)|(6163.49,.00)|-0.14|1.00|0.00|(6165.46,.00)|(1.00,.00)|6164.457442707176|24.586499776486363|0|null|2.574101526712666|0|null|false|0|false
162.75|(6147.43,.27)|(1.00,.01)|6146.426988260099|24.586499776486363|6146|0|0|(6157.43,.00)|(6245.77,.00)|(6165.46,.00)|-0.14|1.00|0.00|(6167.43,.00)|(1.00,.00)|6166.426988260099|24.586499776486363|0|null|2.5747953937704517|0|null|false|0|false
162.80|(6149.40,.27)|(1.00,.00)|6148.3965362672025|24.586499776486363|6148|0|0|(6159.40,.00)|(6247.74,.00)|(6167.43,.00)|-0.14|1.00|0.00|(6169.40,.00)|(1.00,.00)|6168.3965362672025|24.586499776486363|0|null|2.5746996522139014|0|null|false|0|false
162.85|(6151.37,.27)|(1.00,.00)|6150.366082371777|24.586499776486363|6150|0|0|(6161.37,.00)|(6249.71,.00)|(6169.40,.00)|-0.14|1.00|0.00|(6171.37,.00)|(1.00,.00)|6170.366082371777|24.586499776486363|0|null|2.5737995979765502|0|null|false|0|false
162.90|(6153.34,.26)|(1.00,.00)|6152.335622015534|24.586499776486363|6152|0|0|(6163.34,.00)|(6251.68,.00)|(6171.37,.00)|-0.14|1.00|0.00|(6173.34,.00)|(1.00,.00)|6172.335622015534|24.586499776486363|0|null|2.5720825859975065|0|null|false|0|false
162.95|(6155.31,.25)|(1.00,-.00)|6154.3051504781915|24.586499776486363|6154|0|0|(6165.31,.00)|(6253.65,.00)|(6173.34,.00)|-0.14|1.00|0.00|(6175.31,.00)|(1.00,.00)|6174.3051504781915|24.586499776486363|0|null|2.569538108235368|0|null|false|0|false
163.00|(6157.27,.24)|(1.00,-.00)|6156.274662920174|24.586499776486363|6156|0|0|(6167.27,.00)|(6255.62,.00)|(6175.31,.00)|-0.14|1.00|0.00|(6177.27,.00)|(1.00,.00)|6176.274662920174|24.586499776486363|0|null|2.566157833094282|0|null|false|0|false
163.05|(6159.24,.23)|(1.00,-.00)|6158.244162218207|24.586499776486363|6158|0|0|(6169.24,.00)|(6257.59,.00)|(6177.27,.00)|-0.13|1.00|0.00|(6179.24,.00)|(1.00,.00)|6178.244162218207|24.586499776486363|0|null|2.5620963756885518|0|null|false|0|false
163.10|(6161.21,.21)|(1.00,-.00)|6160.213638297618|24.586499776486363|6160|0|0|(6171.21,.00)|(6259.56,.00)|(6179.24,.00)|-0.13|1.00|0.00|(6181.21,.00)|(1.00,.00)|6180.213638297618|24.586499776486363|0|null|2.557244159906146|0|null|false|0|false
163.15|(6163.18,.19)|(1.00,-.01)|6162.183086860955|24.586499776486363|6162|0|0|(6173.18,.00)|(6261.53,.00)|(6181.21,.00)|-0.13|1.00|0.00|(6183.18,.00)|(1.00,.00)|6182.183086860955|24.586499776486363|0|null|2.5515997242266684|0|null|false|0|false
163.20|(6165.15,.17)|(1.00,-.01)|6164.152503666002|24.586499776486363|6164|0|0|(6175.15,.00)|(6263.50,.00)|(6183.18,.00)|-0.13|1.00|0.00|(6185.15,.00)|(1.00,.00)|6184.152503666002|24.586499776486363|0|null|2.5451634791461|0|null|false|0|false
163.25|(6167.12,.14)|(1.00,-.01)|6166.121947246026|24.586499776486363|6166|0|0|(6177.12,.00)|(6265.47,.00)|(6185.15,.00)|-0.06|1.00|0.00|(6187.12,.00)|(1.00,.00)|6186.121947246026|24.586499776486363|0|null|2.5390879910499793|0|null|false|0|false
163.30|(6169.09,.12)|(1.00,-.01)|6168.091374819235|24.586499776486363|6168|0|0|(6179.09,.00)|(6267.44,.00)|(6187.12,.00)|-0.06|1.00|0.00|(6189.09,.00)|(1.00,.00)|6188.091374819235|24.586499776486363|0|null|2.5326215871408952|0|null|false|0|false
163.35|(6171.06,.09)|(1.00,-.01)|6170.060785687824|24.586499776486363|6170|0|0|(6181.06,.00)|(6269.41,.00)|(6189.09,.00)|-0.06|1.00|0.00|(6191.06,.00)|(1.00,.00)|6190.060785687824|24.586499776486363|0|null|2.525772872016854|0|null|false|0|false
163.40|(6173.03,.07)|(1.00,-.01)|6172.030179259279|24.586499776486363|6172|0|0|(6183.03,.00)|(6271.38,.00)|(6191.06,.00)|-0.06|1.00|0.00|(6193.03,.00)|(1.00,.00)|6192.030179259279|24.586499776486363|0|null|2.518551105770224|0|null|false|0|false
163.45|(6175.00,.04)|(1.00,-.01)|6173.999599478845|24.586499776486363|6173|0|0|(6185.00,.00)|(6273.35,.00)|(6193.03,.00)|-0.00|1.00|0.00|(6195.00,.00)|(1.00,.00)|6193.999599478845|24.586499776486363|0|null|2.5120116182342227|0|null|false|0|false
163.50|(6176.97,.02)|(1.00,-.01)|6175.96902100358|24.586499776486363|6175|0|0|(6186.97,.00)|(6275.32,.00)|(6195.00,.00)|-0.00|1.00|0.00|(6196.97,.00)|(1.00,.00)|6195.96902100358|24.586499776486363|0|null|2.505477702640924|0|null|false|0|false
163.55|(6178.94,-.00)|(1.00,-.01)|6177.938444296633|24.586499776486363|6177|0|0|(6188.94,.00)|(6277.28,.00)|(6196.97,.00)|-0.00|1.00|0.00|(6198.94,.00)|(1.00,.00)|6197.938444296633|24.586499776486363|0|null|2.498962395865457|0|null|false|0|false
163.60|(6180.91,-.03)|(1.00,-.01)|6179.907869802888|24.586499776486363|6179|0|0|(6190.91,.00)|(6279.25,.00)|(6198.94,.00)|-0.00|1.00|0.00|(6200.91,.00)|(1.00,.00)|6199.907869802888|24.586499776486363|0|null|2.492477981232499|0|null|false|0|false
163.65|(6182.88,-.05)|(1.00,-.01)|6181.877316860093|24.586499776486363|6181|0|0|(6192.88,.00)|(6281.22,.00)|(6200.91,.00)|0.04|1.00|0.00|(6202.88,.00)|(1.00,.00)|6201.877316860093|24.586499776486363|0|null|2.4867855706496385|0|null|false|0|false
163.70|(6184.85,-.07)|(1.00,-.01)|6183.846777077612|24.586499776486363|6183|0|0|(6194.85,.00)|(6283.19,.00)|(6202.88,.00)|0.04|1.00|0.00|(6204.85,.00)|(1.00,.00)|6203.846777077612|24.586499776486363|0|null|2.481402893620606|0|null|false|0|false
163.75|(6186.82,-.09)|(1.00,-.01)|6185.816250074467|24.586499776486363|6185|0|0|(6196.82,.00)|(6285.16,.00)|(6204.85,.00)|0.04|1.00|0.00|(6206.82,.00)|(1.00,.00)|6205.816250074467|24.586499776486363|0|null|2.476340903234406|0|null|false|0|false
163.80|(6188.79,-.10)|(1.00,-.01)|6187.7857353569625|24.586499776486363|6187|0|0|(6198.79,.00)|(6287.13,.00)|(6206.82,.00)|0.04|1.00|0.00|(6208.79,.00)|(1.00,.00)|6207.7857353569625|24.586499776486363|0|null|2.4716086097316685|0|null|false|0|false
163.85|(6190.76,-.12)|(1.00,-.01)|6189.755235845688|24.586499776486363|6189|0|0|(6200.76,.00)|(6289.10,.00)|(6208.79,.00)|0.08|1.00|0.00|(6210.76,.00)|(1.00,.00)|6209.755235845688|24.586499776486363|0|null|2.4678815386116657|0|null|false|0|false
163.90|(6192.72,-.13)|(1.00,-.01)|6191.724751799955|24.586499776486363|6191|0|0|(6202.72,.00)|(6291.07,.00)|(6210.76,.00)|0.08|1.00|0.00|(6212.72,.00)|(1.00,.00)|6211.724751799955|24.586499776486363|0|null|2.4647253516820067|0|null|false|0|false
163.95|(6194.69,-.14)|(1.00,-.01)|6193.694280989052|24.586499776486363|6193|0|0|(6204.69,.00)|(6293.04,.00)|(6212.72,.00)|0.08|1.00|0.00|(6214.69,.00)|(1.00,.00)|6213.694280989052|24.586499776486363|0|null|2.462144474857374|0|null|false|0|false
164.00|(6196.66,-.15)|(1.00,-.01)|6195.663821106085|24.586499776486363|6195|0|0|(6206.66,.00)|(6295.01,.00)|(6214.69,.00)|0.08|1.00|0.00|(6216.66,.00)|(1.00,.00)|6215.663821106085|24.586499776486363|0|null|2.46014067689985|0|null|false|0|false
164.05|(6198.63,-.15)|(1.00,-.01)|6197.633369804731|24.586499776486363|6197|0|0|(6208.63,.00)|(6296.98,.00)|(6216.66,.00)|0.08|1.00|0.00|(6218.63,.00)|(1.00,.00)|6217.633369804731|24.586499776486363|0|null|2.4587130547497527|0|null|false|0|false
164.10|(6200.60,-.15)|(1.00,-.00)|6199.602924737137|24.586499776486363|6199|0|0|(6210.60,.00)|(6298.95,.00)|(6218.63,.00)|0.08|1.00|0.00|(6220.60,.00)|(1.00,.00)|6219.602924737137|24.586499776486363|0|null|2.457858059210098|0|null|false|0|false
164.15|(6202.57,-.16)|(1.00,-.00)|6201.572483591644|24.586499776486363|6201|0|0|(6212.57,.00)|(6300.92,.00)|(6220.60,.00)|0.08|1.00|0.00|(6222.57,.00)|(1.00,.00)|6221.572483591644|24.586499776486363|0|null|2.4575695619098057|0|null|false|0|false
164.20|(6204.54,-.15)|(1.00,-.00)|6203.542044128991|24.586499776486363|6203|0|0|(6214.54,.00)|(6302.89,.00)|(6222.57,.00)|0.08|1.00|0.00|(6224.54,.00)|(1.00,.00)|6223.542044128991|24.586499776486363|0|null|2.4578389635324633|0|null|false|0|false
164.25|(6206.51,-.15)|(1.00,-.00)|6205.511604874802|24.586499776486363|6205|0|0|(6216.51,.00)|(6304.86,.00)|(6224.54,.00)|0.08|1.00|0.00|(6226.51,.00)|(1.00,.00)|6225.511604874802|24.586499776486363|0|null|2.458626335220898|0|null|false|0|false
164.30|(6208.48,-.15)|(1.00,-.00)|6207.481163330267|24.586499776486363|6207|0|0|(6218.48,.00)|(6306.83,.00)|(6226.51,.00)|0.08|1.00|0.00|(6228.48,.00)|(1.00,.00)|6227.481163330267|24.586499776486363|0|null|2.45993766413604|0|null|false|0|false
164.35|(6210.45,-.14)|(1.00,.00)|6209.450717726382|24.586499776486363|6209|0|0|(6220.45,.00)|(6308.80,.00)|(6228.48,.00)|0.08|1.00|0.00|(6230.45,.00)|(1.00,.00)|6229.450717726382|24.586499776486363|0|null|2.461757887848279|0|null|false|0|false
164.40|(6212.42,-.13)|(1.00,.00)|6211.420266470284|24.586499776486363|6211|0|0|(6222.42,.00)|(6310.77,.00)|(6230.45,.00)|0.08|1.00|0.00|(6232.42,.00)|(1.00,.00)|6231.420266470284|24.586499776486363|0|null|2.464070295738112|0|null|false|0|false
164.45|(6214.39,-.12)|(1.00,.00)|6213.389808157624|24.586499776486363|6213|0|0|(6224.39,.00)|(6312.74,.00)|(6232.42,.00)|0.08|1.00|0.00|(6234.39,.00)|(1.00,.00)|6233.389808157624|24.586499776486363|0|null|2.466856810673181|0|null|false|0|false
164.50|(6216.36,-.11)|(1.00,.00)|6215.359341578682|24.586499776486363|6215|0|0|(6226.36,.00)|(6314.71,.00)|(6234.39,.00)|0.08|1.00|0.00|(6236.36,.00)|(1.00,.00)|6235.359341578682|24.586499776486363|0|null|2.470098293426636|0|null|false|0|false
164.55|(6218.33,-.10)|(1.00,.00)|6217.328865718239|24.586499776486363|6217|0|0|(6228.33,.00)|(6316.67,.00)|(6236.36,.00)|0.08|1.00|0.00|(6238.33,.00)|(1.00,.00)|6237.328865718239|24.586499776486363|0|null|2.4737748642851827|0|null|false|0|false
164.60|(6220.30,-.08)|(1.00,.00)|6219.298379749478|24.586499776486363|6219|0|0|(6230.30,.00)|(6318.64,.00)|(6238.33,.00)|0.08|1.00|0.00|(6240.30,.00)|(1.00,.00)|6239.298379749478|24.586499776486363|0|null|2.4778662358671086|0|null|false|0|false
164.65|(6222.27,-.06)|(1.00,.01)|6221.267883022353|24.586499776486363|6221|0|0|(6232.27,.00)|(6320.61,.00)|(6240.30,.00)|0.08|1.00|0.00|(6242.27,.00)|(1.00,.00)|6241.267883022353|24.586499776486363|0|null|2.482352050873246|0|null|false|0|false
164.70|(6224.24,-.05)|(1.00,.01)|6223.237375047095|24.586499776486363|6223|0|0|(6234.24,.00)|(6322.58,.00)|(6242.27,.00)|0.08|1.00|0.00|(6244.24,.00)|(1.00,.00)|6243.237375047095|24.586499776486363|0|null|2.4872122183337892|0|null|false|0|false
164.75|(6226.21,-.03)|(1.00,.01)|6225.2068554736325|24.586499776486363|6225|0|0|(6236.21,.00)|(6324.55,.00)|(6244.24,.00)|0.08|1.00|0.00|(6246.21,.00)|(1.00,.00)|6245.2068554736325|24.586499776486363|0|null|2.492427241894868|0|null|false|0|false
164.80|(6228.18,-.01)|(1.00,.01)|6227.176324067794|24.586499776486363|6227|0|0|(6238.18,.00)|(6326.52,.00)|(6246.21,.00)|0.08|1.00|0.00|(6248.18,.00)|(1.00,.00)|6247.176324067794|24.586499776486363|0|null|2.4979785338112572|0|null|false|0|false
164.85|(6230.15,.01)|(1.00,.01)|6229.145780685224|24.586499776486363|6229|0|0|(6240.15,.00)|(6328.49,.00)|(6248.18,.00)|0.08|1.00|0.00|(6250.15,.00)|(1.00,.00)|6249.145780685224|24.586499776486363|0|null|2.5038487085730514|0|null|false|0|false
164.90|(6232.12,.04)|(1.00,.01)|6231.1152252439315|24.586499776486363|6231|0|0|(6242.12,.00)|(6330.46,.00)|(6250.15,.00)|0.08|1.00|0.00|(6252.12,.00)|(1.00,.00)|6251.1152252439315|24.586499776486363|0|null|2.510021850488914|0|null|false|0|false
164.95|(6234.08,.06)|(1.00,.01)|6233.084657696352|24.586499776486363|6233|0|0|(6244.08,.00)|(6332.43,.00)|(6252.12,.00)|0.08|1.00|0.00|(6254.08,.00)|(1.00,.00)|6253.084657696352|24.586499776486363|0|null|2.5164837500681396|0|null|false|0|false
165.00|(6236.05,.08)|(1.00,.01)|6235.054078001763|24.586499776486363|6235|0|0|(6246.05,.00)|(6334.40,.00)|(6254.08,.00)|0.08|1.00|0.00|(6256.05,.00)|(1.00,.00)|6255.054078001763|24.586499776486363|0|null|2.5232221046770107|0|null|false|0|false
165.05|(6238.02,.11)|(1.00,.01)|6237.02348609976|24.586499776486363|6237|0|0|(6248.02,.00)|(6336.37,.00)|(6256.05,.00)|0.08|1.00|0.00|(6258.02,.00)|(1.00,.00)|6257.02348609976|24.586499776486363|0|null|2.5302266796780204|0|null|false|0|false
165.10|(6239.99,.14)|(1.00,.01)|6238.992881885444|24.586499776486363|6238|0|0|(6249.99,.00)|(6338.34,.00)|(6258.02,.00)|0.08|1.00|0.00|(6259.99,.00)|(1.00,.00)|6258.992881885444|24.586499776486363|0|null|2.537489427077696|0|null|false|0|false
165.15|(6241.96,.16)|(1.00,.01)|6240.962265186822|24.586499776486363|6240|0|0|(6251.96,.00)|(6340.31,.00)|(6259.99,.00)|0.08|1.00|0.00|(6261.96,.00)|(1.00,.00)|6260.962265186822|24.586499776486363|0|null|2.5450045595921793|0|null|false|0|false
165.20|(6243.93,.19)|(1.00,.01)|6242.931635744838|24.586499776486363|6242|0|0|(6253.93,.00)|(6342.28,.00)|(6261.96,.00)|0.08|1.00|0.00|(6263.93,.00)|(1.00,.00)|6262.931635744838|24.586499776486363|0|null|2.5527685789702645|0|null|false|0|false
165.25|(6245.90,.22)|(1.00,.01)|6244.900993196349|24.586499776486363|6244|0|0|(6255.90,.00)|(6344.25,.00)|(6263.93,.00)|0.08|1.00|0.00|(6265.90,.00)|(1.00,.00)|6264.900993196349|24.586499776486363|0|null|2.560780258371112|0|null|false|0|false
165.30|(6247.87,.25)|(1.00,.01)|6246.870337060276|24.586499776486363|6246|0|0|(6257.87,.00)|(6346.22,.00)|(6265.90,.00)|0.08|1.00|0.00|(6267.87,.00)|(1.00,.00)|6266.870337060276|24.586499776486363|0|null|2.569040579557441|0|null|false|0|false
165.35|(6249.84,.28)|(1.00,.01)|6248.839666727078|24.586499776486363|6248|0|0|(6259.84,.00)|(6348.19,.00)|(6267.87,.00)|0.08|1.00|0.00|(6269.84,.00)|(1.00,.00)|6268.839666727078|24.586499776486363|0|null|2.577552626613799|0|null|false|0|false
165.40|(6251.81,.32)|(1.00,.02)|6250.808981451666|24.586499776486363|6250|0|0|(6261.81,.00)|(6350.15,.00)|(6269.84,.00)|0.08|1.00|0.00|(6271.81,.00)|(1.00,.00)|6270.808981451666|24.586499776486363|0|null|2.5863214388127846|0|null|false|0|false
165.45|(6253.78,.35)|(1.00,.02)|6252.778280349811|24.586499776486363|6252|0|0|(6263.78,.00)|(6352.12,.00)|(6271.81,.00)|0.08|1.00|0.00|(6273.78,.00)|(1.00,.00)|6272.778280349811|24.586499776486363|0|null|2.5953538261100215|0|null|false|0|false
165.50|(6255.75,.37)|(1.00,.01)|6254.747670399382|24.586499776486363|6254|0|0|(6265.75,.00)|(6354.09,.00)|(6273.78,.00)|-0.12|1.00|0.00|(6275.75,.00)|(1.00,.00)|6274.747670399382|24.586499776486363|0|null|2.601190347010263|0|null|false|0|false
165.55|(6257.72,.39)|(1.00,.01)|6256.71709950963|24.586499776486363|6256|0|0|(6267.72,.00)|(6356.06,.00)|(6275.75,.00)|-0.12|1.00|0.00|(6277.72,.00)|(1.00,.00)|6276.71709950963|24.586499776486363|0|null|2.606117497527616|0|null|false|0|false
165.60|(6259.69,.40)|(1.00,.01)|6258.686561704429|24.586499776486363|6258|0|0|(6269.69,.00)|(6358.03,.00)|(6277.72,.00)|-0.12|1.00|0.00|(6279.69,.00)|(1.00,.00)|6278.686561704429|24.586499776486363|0|null|2.610134910421642|0|null|false|0|false
165.65|(6261.66,.41)|(1.00,.01)|6260.656050949869|24.586499776486363|6260|0|0|(6271.66,.00)|(6360.00,.00)|(6279.69,.00)|-0.12|1.00|0.00|(6281.66,.00)|(1.00,.00)|6280.656050949869|24.586499776486363|0|null|2.6132441602007837|0|null|false|0|false
165.70|(6263.63,.42)|(1.00,.01)|6262.625561210094|24.586499776486363|6262|0|0|(6273.63,.00)|(6361.97,.00)|(6281.66,.00)|-0.12|1.00|0.00|(6283.63,.00)|(1.00,.00)|6282.625561210094|24.586499776486363|0|null|2.615448380687198|0|null|false|0|false
165.75|(6265.60,.43)|(1.00,.01)|6264.595086492723|24.586499776486363|6264|0|0|(6275.60,.00)|(6363.94,.00)|(6283.63,.00)|-0.12|1.00|0.00|(6285.60,.00)|(1.00,.00)|6284.595086492723|24.586499776486363|0|null|2.6167518822488294|0|null|false|0|false
165.80|(6267.56,.43)|(1.00,.01)|6266.564620883134|24.586499776486363|6266|0|0|(6277.56,.00)|(6365.91,.00)|(6285.60,.00)|-0.12|1.00|0.00|(6287.56,.00)|(1.00,.00)|6286.564620883134|24.586499776486363|0|null|2.6171597755127145|0|null|false|0|false
165.85|(6269.53,.43)|(1.00,.00)|6268.534158567414|24.586499776486363|6268|0|0|(6279.53,.00)|(6367.88,.00)|(6287.56,.00)|-0.12|1.00|0.00|(6289.53,.00)|(1.00,.00)|6288.534158567414|24.586499776486363|0|null|2.6166776082347365|0|null|false|0|false
165.90|(6271.50,.42)|(1.00,.00)|6270.503693844178|24.586499776486363|6270|0|0|(6281.50,.00)|(6369.85,.00)|(6289.53,.00)|-0.12|1.00|0.00|(6291.50,.00)|(1.00,.00)|6290.503693844178|24.586499776486363|0|null|2.6153110217271585|0|null|false|0|false
165.95|(6273.47,.41)|(1.00,.00)|6272.473221125902|24.586499776486363|6272|0|0|(6283.47,.00)|(6371.82,.00)|(6291.50,.00)|-0.12|1.00|0.00|(6293.47,.00)|(1.00,.00)|6292.473221125902|24.586499776486363|0|null|2.613065432840717|0|null|false|0|false
166.00|(6275.44,.40)|(1.00,-.00)|6274.442734930705|24.586499776486363|6274|0|0|(6285.44,.00)|(6373.79,.00)|(6293.47,.00)|-0.12|1.00|0.00|(6295.44,.00)|(1.00,.00)|6294.442734930705|24.586499776486363|0|null|2.609945746970304|0|null|false|0|false
166.05|(6277.41,.39)|(1.00,-.00)|6276.412229865819|24.586499776486363|6276|0|0|(6287.41,.00)|(6375.76,.00)|(6295.44,.00)|-0.12|1.00|0.00|(6297.41,.00)|(1.00,.00)|6296.412229865819|24.586499776486363|0|null|2.6059561069125836|0|null|false|0|false
166.10|(6279.38,.37)|(1.00,-.00)|6278.381700604162|24.586499776486363|6278|0|0|(6289.38,.00)|(6377.73,.00)|(6297.41,.00)|-0.12|1.00|0.00|(6299.38,.00)|(1.00,.00)|6298.381700604162|24.586499776486363|0|null|2.6010996816630962|0|null|false|0|false
166.15|(6281.35,.35)|(1.00,-.01)|6280.351141855611|24.586499776486363|6280|0|0|(6291.35,.00)|(6379.70,.00)|(6299.38,.00)|-0.12|1.00|0.00|(6301.35,.00)|(1.00,.00)|6300.351141855611|24.586499776486363|0|null|2.5953784984146724|0|null|false|0|false
166.20|(6283.32,.32)|(1.00,-.01)|6282.320548334662|24.586499776486363|6282|0|0|(6293.32,.00)|(6381.67,.00)|(6301.35,.00)|-0.12|1.00|0.00|(6303.32,.00)|(1.00,.00)|6302.320548334662|24.586499776486363|0|null|2.5887933201252755|0|null|false|0|false
166.25|(6285.29,.30)|(1.00,-.01)|6284.2899147262015|24.586499776486363|6284|0|0|(6295.29,.00)|(6383.64,.00)|(6303.32,.00)|-0.12|1.00|0.00|(6305.29,.00)|(1.00,.00)|6304.2899147262015|24.586499776486363|0|null|2.5813435700804215|0|null|false|0|false
166.30|(6287.26,.27)|(1.00,-.01)|6286.259235651139|24.586499776486363|6286|0|0|(6297.26,.00)|(6385.61,.00)|(6305.29,.00)|-0.12|1.00|0.00|(6307.26,.00)|(1.00,.00)|6306.259235651139|24.586499776486363|0|null|2.573027303902751|0|null|false|0|false
166.35|(6289.23,.23)|(1.00,-.01)|6288.228505633589|24.586499776486363|6288|0|0|(6299.23,.00)|(6387.57,.00)|(6307.26,.00)|-0.12|1.00|0.00|(6309.23,.00)|(1.00,.00)|6308.228505633589|24.586499776486363|0|null|2.563841228479716|0|null|false|0|false
166.40|(6291.20,.20)|(1.00,-.01)|6290.197719071243|24.586499776486363|6290|0|0|(6301.20,.00)|(6389.54,.00)|(6309.23,.00)|-0.12|1.00|0.00|(6311.20,.00)|(1.00,.00)|6310.197719071243|24.586499776486363|0|null|2.5537807663103633|0|null|false|0|false
166.45|(6293.17,.16)|(1.00,-.02)|6292.166870210432|24.586499776486363|6292|0|0|(6303.17,.00)|(6391.51,.00)|(6311.20,.00)|-0.12|1.00|0.00|(6313.17,.00)|(1.00,.00)|6312.166870210432|24.586499776486363|0|null|2.542840162834508|0|null|false|0|false
166.50|(6295.14,.11)|(1.00,-.02)|6294.135953127246|24.586499776486363|6294|0|0|(6305.14,.00)|(6393.48,.00)|(6313.17,.00)|-0.12|1.00|0.00|(6315.14,.00)|(1.00,.00)|6314.135953127246|24.586499776486363|0|null|2.5310126334220917|0|null|false|0|false
166.55|(6297.10,.07)|(1.00,-.02)|6296.104961715912|24.586499776486363|6296|0|0|(6307.10,.00)|(6395.45,.00)|(6315.14,.00)|-0.12|1.00|0.00|(6317.10,.00)|(1.00,.00)|6316.104961715912|24.586499776486363|0|null|2.518290545886174|0|null|false|0|false
166.60|(6299.07,.02)|(1.00,-.02)|6298.073889685398|24.586499776486363|6298|0|0|(6309.07,.00)|(6397.42,.00)|(6317.10,.00)|-0.12|1.00|0.00|(6319.07,.00)|(1.00,.00)|6318.073889685398|24.586499776486363|0|null|2.5046656336572246|0|null|false|0|false
166.65|(6301.04,-.04)|(1.00,-.02)|6300.042730564973|24.586499776486363|6300|0|0|(6311.04,.00)|(6399.39,.00)|(6319.07,.00)|-0.12|1.00|0.00|(6321.04,.00)|(1.00,.00)|6320.042730564973|24.586499776486363|0|null|2.4901292341347876|0|null|false|0|false
166.70|(6303.01,-.09)|(1.00,-.02)|6302.011661232849|24.586499776486363|6302|0|0|(6313.01,.00)|(6401.36,.00)|(6321.04,.00)|-0.02|1.00|0.00|(6323.01,.00)|(1.00,.00)|6322.011661232849|24.586499776486363|0|null|2.476489804698309|0|null|false|0|false
166.75|(6304.98,-.14)|(1.00,-.02)|6303.9805651702945|24.586499776486363|6303|0|0|(6314.98,.00)|(6403.33,.00)|(6323.01,.00)|-0.02|1.00|0.00|(6324.98,.00)|(1.00,.00)|6323.9805651702945|24.586499776486363|0|null|2.4625454882721147|0|null|false|0|false
166.80|(6306.95,-.19)|(1.00,-.02)|6305.949441305707|24.586499776486363|6305|0|0|(6316.95,.00)|(6405.30,.00)|(6324.98,.00)|-0.02|1.00|0.00|(6326.95,.00)|(1.00,.00)|6325.949441305707|24.586499776486363|0|null|2.4482937746421354|0|null|false|0|false
166.85|(6308.92,-.24)|(1.00,-.03)|6307.918288566408|24.586499776486363|6307|0|0|(6318.92,.00)|(6407.26,.00)|(6326.95,.00)|-0.02|1.00|0.00|(6328.92,.00)|(1.00,.00)|6327.918288566408|24.586499776486363|0|null|2.4337322140852486|0|null|false|0|false
166.90|(6310.89,-.30)|(1.00,-.03)|6309.887105911713|24.586499776486363|6309|0|0|(6320.89,.00)|(6409.23,.00)|(6328.92,.00)|-0.02|1.00|0.00|(6330.89,.00)|(1.00,.00)|6329.887105911713|24.586499776486363|0|null|2.418858732170345|0|null|false|0|false
166.95|(6312.86,-.35)|(1.00,-.03)|6311.855892368248|24.586499776486363|6311|0|0|(6322.86,.00)|(6411.20,.00)|(6330.89,.00)|-0.02|1.00|0.00|(6332.86,.00)|(1.00,.00)|6331.855892368248|24.586499776486363|0|null|2.403671929232865|0|null|false|0|false
167.00|(6314.82,-.41)|(1.00,-.03)|6313.824647066334|24.586499776486363|6313|0|0|(6324.82,.00)|(6413.17,.00)|(6332.86,.00)|-0.02|1.00|0.00|(6334.82,.00)|(1.00,.00)|6333.824647066334|24.586499776486363|0|null|2.388171358296418|0|null|false|0|false
167.05|(6316.79,-.47)|(1.00,-.03)|6315.793369276293|24.586499776486363|6315|0|0|(6326.79,.00)|(6415.14,.00)|(6334.82,.00)|-0.02|1.00|0.00|(6336.79,.00)|(1.00,.00)|6335.793369276293|24.586499776486363|0|null|2.3723577757018677|0|null|false|0|false
167.10|(6318.76,-.53)|(1.00,-.03)|6317.762058443473|24.586499776486363|6317|0|0|(6328.76,.00)|(6417.11,.00)|(6336.79,.00)|-0.02|1.00|0.00|(6338.76,.00)|(1.00,.00)|6337.762058443473|24.586499776486363|0|null|2.356233359308799|0|null|false|0|false
167.15|(6320.73,-.56)|(1.00,-.03)|6319.7310221127655|24.586499776486363|6319|0|0|(6330.73,.00)|(6419.08,.00)|(6338.76,.00)|0.33|1.00|0.00|(6340.73,.00)|(1.00,.00)|6339.7310221127655|24.586499776486363|0|null|2.345748037727753|0|null|false|0|false
167.20|(6322.70,-.60)|(1.00,-.02)|6321.700115799255|24.586499776486363|6321|0|0|(6332.70,.00)|(6421.05,.00)|(6340.73,.00)|0.33|1.00|0.00|(6342.70,.00)|(1.00,.00)|6341.700115799255|24.586499776486363|0|null|2.3370030519461147|0|null|false|0|false
167.25|(6324.67,-.62)|(1.00,-.02)|6323.669318360384|24.586499776486363|6323|0|0|(6334.67,.00)|(6423.02,.00)|(6342.70,.00)|0.33|1.00|0.00|(6344.67,.00)|(1.00,.00)|6343.669318360384|24.586499776486363|0|null|2.330024859012794|0|null|false|0|false
167.30|(6326.64,-.64)|(1.00,-.02)|6325.638607832248|24.586499776486363|6325|0|0|(6336.64,.00)|(6424.98,.00)|(6344.67,.00)|0.33|1.00|0.00|(6346.64,.00)|(1.00,.00)|6345.638607832248|24.586499776486363|0|null|2.3248397593594046|0|null|false|0|false
167.35|(6328.61,-.65)|(1.00,-.02)|6327.607933088305|24.586499776486363|6327|0|0|(6338.61,.00)|(6426.95,.00)|(6346.64,.00)|0.36|1.00|0.00|(6348.61,.00)|(1.00,.00)|6347.607933088305|24.586499776486363|0|null|2.3220595308615075|0|null|false|0|false
167.40|(6330.58,-.65)|(1.00,-.01)|6329.5772946236975|24.586499776486363|6329|0|0|(6340.58,.00)|(6428.92,.00)|(6348.61,.00)|0.36|1.00|0.00|(6350.58,.00)|(1.00,.00)|6349.5772946236975|24.586499776486363|0|null|2.32132616341452|0|null|false|0|false
167.45|(6332.55,-.65)|(1.00,-.01)|6331.54666222575|24.586499776486363|6331|0|0|(6342.55,.00)|(6430.89,.00)|(6350.58,.00)|0.36|1.00|0.00|(6352.55,.00)|(1.00,.00)|6351.54666222575|24.586499776486363|0|null|2.3226680797184067|0|null|false|0|false
167.50|(6334.52,-.64)|(1.00,-.00)|6333.516042881171|24.586499776486363|6333|0|0|(6344.52,.00)|(6432.86,.00)|(6352.55,.00)|0.33|1.00|0.00|(6354.52,.00)|(1.00,.00)|6353.516042881171|24.586499776486363|0|null|2.3256620900691356|0|null|false|0|false
167.55|(6336.49,-.62)|(1.00,-.00)|6335.485376714247|24.586499776486363|6335|0|0|(6346.49,.00)|(6434.83,.00)|(6354.52,.00)|0.33|1.00|0.00|(6356.49,.00)|(1.00,.00)|6355.485376714247|24.586499776486363|0|null|2.330632964541233|0|null|false|0|false
167.60|(6338.45,-.59)|(1.00,.00)|6337.454634956552|24.586499776486363|6337|0|0|(6348.45,.00)|(6436.80,.00)|(6356.49,.00)|0.33|1.00|0.00|(6358.45,.00)|(1.00,.00)|6357.454634956552|24.586499776486363|0|null|2.337607422476112|0|null|false|0|false
167.65|(6340.42,-.56)|(1.00,.01)|6339.4237878669555|24.586499776486363|6339|0|0|(6350.42,.00)|(6438.77,.00)|(6358.45,.00)|0.33|1.00|0.00|(6360.42,.00)|(1.00,.00)|6359.4237878669555|24.586499776486363|0|null|2.346612083624351|0|null|false|0|false
167.70|(6342.39,-.52)|(1.00,.01)|6341.392804725248|24.586499776486363|6341|0|0|(6352.39,.00)|(6440.74,.00)|(6360.42,.00)|0.33|1.00|0.00|(6362.39,.00)|(1.00,.00)|6361.392804725248|24.586499776486363|0|null|2.35767331288386|0|null|false|0|false
167.75|(6344.36,-.47)|(1.00,.01)|6343.361653838787|24.586499776486363|6343|0|0|(6354.36,.00)|(6442.71,.00)|(6362.39,.00)|0.33|1.00|0.00|(6364.36,.00)|(1.00,.00)|6363.361653838787|24.586499776486363|0|null|2.3708170378885205|0|null|false|0|false
167.80|(6346.33,-.42)|(1.00,.02)|6345.330302564475|24.586499776486363|6345|0|0|(6356.33,.00)|(6444.68,.00)|(6364.36,.00)|0.33|1.00|0.00|(6366.33,.00)|(1.00,.00)|6365.330302564475|24.586499776486363|0|null|2.3860685458404314|0|null|false|0|false
167.85|(6348.30,-.35)|(1.00,.02)|6347.2987173477495|24.586499776486363|6347|0|0|(6358.30,.00)|(6446.64,.00)|(6366.33,.00)|0.33|1.00|0.00|(6368.30,.00)|(1.00,.00)|6367.2987173477495|24.586499776486363|0|null|2.403452266304316|0|null|false|0|false
167.90|(6350.27,-.28)|(1.00,.02)|6349.2668637795405|24.586499776486363|6349|0|0|(6360.27,.00)|(6448.61,.00)|(6368.30,.00)|0.33|1.00|0.00|(6370.27,.00)|(1.00,.00)|6369.2668637795405|24.586499776486363|0|null|2.422991546858826|0|null|false|0|false
167.95|(6352.23,-.20)|(1.00,.03)|6351.234706671397|24.586499776486363|6351|0|0|(6362.23,.00)|(6450.58,.00)|(6370.27,.00)|0.33|1.00|0.00|(6372.23,.00)|(1.00,.00)|6371.234706671397|24.586499776486363|0|null|2.4447084285237306|0|null|false|0|false
168.00|(6354.20,-.11)|(1.00,.03)|6353.202210148224|24.586499776486363|6353|0|0|(6364.20,.00)|(6452.55,.00)|(6372.23,.00)|0.33|1.00|0.00|(6374.20,.00)|(1.00,.00)|6373.202210148224|24.586499776486363|0|null|2.46862342775477|0|null|false|0|false
168.05|(6356.17,-.02)|(1.00,.04)|6355.169337757284|24.586499776486363|6355|0|0|(6366.17,.00)|(6454.52,.00)|(6374.20,.00)|0.33|1.00|0.00|(6376.17,.00)|(1.00,.00)|6375.169337757284|24.586499776486363|0|null|2.4947553315229114|0|null|false|0|false
168.10|(6358.14,.08)|(1.00,.04)|6357.13605259141|24.586499776486363|6357|0|0|(6368.14,.00)|(6456.48,.00)|(6376.17,.00)|0.33|1.00|0.00|(6378.14,.00)|(1.00,.00)|6377.13605259141|24.586499776486363|0|null|2.523121011578703|0|null|false|0|false
168.15|(6360.10,.20)|(1.00,.04)|6359.102317423708|24.586499776486363|6359|0|0|(6370.10,.00)|(6458.45,.00)|(6378.14,.00)|0.33|1.00|0.00|(6380.10,.00)|(1.00,.00)|6379.102317423708|24.586499776486363|0|null|2.5537352634551884|0|null|false|0|false
168.20|(6362.07,.32)|(1.00,.05)|6361.068094850443|24.586499776486363|6361|0|0|(6372.07,.00)|(6460.41,.00)|(6380.10,.00)|0.33|1.00|0.00|(6382.07,.00)|(1.00,.00)|6381.068094850443|24.586499776486363|0|null|2.5866106750970648|0|null|false|0|false
168.25|(6364.03,.45)|(1.00,.05)|6363.033347438336|24.586499776486363|6363|0|0|(6374.03,.00)|(6462.38,.00)|(6382.07,.00)|0.33|1.00|0.00|(6384.03,.00)|(1.00,.00)|6383.033347438336|24.586499776486363|0|null|2.6217575292347455|0|null|false|0|false
168.30|(6366.00,.58)|(1.00,.06)|6364.998037872178|24.586499776486363|6364|0|0|(6376.00,.00)|(6464.34,.00)|(6384.03,.00)|0.33|1.00|0.00|(6386.00,.00)|(1.00,.00)|6384.998037872178|24.586499776486363|0|null|2.659183742767099|0|null|false|0|false
168.35|(6367.96,.73)|(1.00,.06)|6366.962129098446|24.586499776486363|6366|0|0|(6377.96,.00)|(6466.31,.00)|(6386.00,.00)|0.33|1.00|0.00|(6387.96,.00)|(1.00,.00)|6386.962129098446|24.586499776486363|0|null|2.6988948454953396|0|null|false|0|false
168.40|(6369.93,.88)|(1.00,.07)|6368.925584460572|24.586499776486363|6368|0|0|(6379.93,.00)|(6468.27,.00)|(6387.96,.00)|0.33|1.00|0.00|(6389.93,.00)|(1.00,.00)|6388.925584460572|24.586499776486363|0|null|2.740893999583471|0|null|false|0|false
168.45|(6371.89,1.04)|(1.00,.07)|6370.888367821631|24.586499776486363|6370|0|0|(6381.89,.00)|(6470.23,.00)|(6389.93,.00)|0.33|1.00|0.00|(6391.89,.00)|(1.00,.00)|6390.888367821631|24.586499776486363|0|null|2.785182060129651|0|null|false|0|false
168.50|(6373.85,1.17)|(1.00,.07)|6372.8533885765255|24.586499776486363|6372|0|0|(6383.85,.00)|(6472.20,.00)|(6391.89,.00)|-0.42|1.00|0.00|(6393.85,.00)|(1.00,.00)|6392.8533885765255|24.586499776486363|0|null|2.8188373334166505|0|null|false|0|false
168.55|(6375.82,1.28)|(1.00,.07)|6374.8189436075645|24.586499776486363|6374|0|0|(6385.82,.00)|(6474.16,.00)|(6393.85,.00)|-0.42|1.00|0.00|(6395.82,.00)|(1.00,.00)|6394.8189436075645|24.586499776486363|0|null|2.8503445326727603|0|null|false|0|false
168.60|(6377.79,1.39)|(1.00,.06)|6376.785004912619|24.586499776486363|6376|0|0|(6387.79,.00)|(6476.13,.00)|(6395.82,.00)|-0.42|1.00|0.00|(6397.79,.00)|(1.00,.00)|6396.785004912619|24.586499776486363|0|null|2.8796572376931797|0|null|false|0|false
168.65|(6379.75,1.49)|(1.00,.06)|6378.751542425884|24.586499776486363|6378|0|0|(6389.75,.00)|(6478.10,.00)|(6397.79,.00)|-0.42|1.00|0.00|(6399.75,.00)|(1.00,.00)|6398.751542425884|24.586499776486363|0|null|2.906731829923788|0|null|false|0|false
168.70|(6381.72,1.55)|(1.00,.05)|6380.718420476484|24.586499776486363|6380|0|0|(6391.72,.00)|(6480.06,.00)|(6399.75,.00)|-0.87|1.00|0.00|(6401.72,.00)|(1.00,.00)|6400.718420476484|24.586499776486363|0|null|2.923667571492386|0|null|false|0|false
168.75|(6383.69,1.59)|(1.00,.04)|6382.685897942061|24.586499776486363|6382|0|0|(6393.69,.00)|(6482.03,.00)|(6401.72,.00)|-0.87|1.00|0.00|(6403.69,.00)|(1.00,.00)|6402.685897942061|24.586499776486363|0|null|2.935589451996089|0|null|false|0|false
168.80|(6385.65,1.62)|(1.00,.04)|6384.6537965159005|24.586499776486363|6384|0|0|(6395.65,.00)|(6484.00,.00)|(6403.69,.00)|-0.87|1.00|0.00|(6405.65,.00)|(1.00,.00)|6404.6537965159005|24.586499776486363|0|null|2.942435679378895|0|null|false|0|false
168.85|(6387.62,1.63)|(1.00,.03)|6386.621923385588|24.586499776486363|6386|0|0|(6397.62,.00)|(6485.97,.00)|(6405.65,.00)|-0.87|1.00|0.00|(6407.62,.00)|(1.00,.00)|6406.621923385588|24.586499776486363|0|null|2.944097513577315|0|null|false|0|false
168.90|(6389.59,1.61)|(1.00,.02)|6388.590097189536|24.586499776486363|6388|0|0|(6399.59,.00)|(6487.94,.00)|(6407.62,.00)|-0.87|1.00|0.00|(6409.59,.00)|(1.00,.00)|6408.590097189536|24.586499776486363|0|null|2.9405593111191344|0|null|false|0|false
168.95|(6391.56,1.58)|(1.00,.01)|6390.558123777347|24.586499776486363|6390|0|0|(6401.56,.00)|(6489.90,.00)|(6409.59,.00)|-0.87|1.00|0.00|(6411.56,.00)|(1.00,.00)|6410.558123777347|24.586499776486363|0|null|2.9317761522046597|0|null|false|0|false
169.00|(6393.53,1.54)|(1.00,.00)|6392.526287965905|24.586499776486363|6392|0|0|(6403.53,.00)|(6491.87,.00)|(6411.56,.00)|-0.76|1.00|0.00|(6413.53,.00)|(1.00,.00)|6412.526287965905|24.586499776486363|0|null|2.9197189842228797|0|null|false|0|false
169.05|(6395.49,1.48)|(1.00,-.00)|6394.494045741904|24.586499776486363|6394|0|0|(6405.49,.00)|(6493.84,.00)|(6413.53,.00)|-0.76|1.00|0.00|(6415.49,.00)|(1.00,.00)|6414.494045741904|24.586499776486363|0|null|2.903033610134825|0|null|false|0|false
169.10|(6397.46,1.40)|(1.00,-.01)|6396.461243519522|24.586499776486363|6396|0|0|(6407.46,.00)|(6495.81,.00)|(6415.49,.00)|-0.76|1.00|0.00|(6417.46,.00)|(1.00,.00)|6416.461243519522|24.586499776486363|0|null|2.8816969620286126|0|null|false|0|false
169.15|(6399.43,1.30)|(1.00,-.02)|6398.42772663854|24.586499776486363|6398|0|0|(6409.43,.00)|(6497.77,.00)|(6417.46,.00)|-0.76|1.00|0.00|(6419.43,.00)|(1.00,.00)|6418.42772663854|24.586499776486363|0|null|2.8556902008517606|0|null|false|0|false
169.20|(6401.39,1.21)|(1.00,-.03)|6400.39456012374|24.586499776486363|6400|0|0|(6411.39,.00)|(6499.74,.00)|(6419.43,.00)|-0.51|1.00|0.00|(6421.39,.00)|(1.00,.00)|6420.39456012374|24.586499776486363|0|null|2.829282600574073|0|null|false|0|false
169.25|(6403.36,1.10)|(1.00,-.03)|6402.3607980780325|24.586499776486363|6402|0|0|(6413.36,.00)|(6501.71,.00)|(6421.39,.00)|-0.51|1.00|0.00|(6423.36,.00)|(1.00,.00)|6422.3607980780325|24.586499776486363|0|null|2.7996502794846716|0|null|false|0|false
169.30|(6405.33,.98)|(1.00,-.04)|6404.326368771617|24.586499776486363|6404|0|0|(6415.33,.00)|(6503.67,.00)|(6423.36,.00)|-0.51|1.00|0.00|(6425.33,.00)|(1.00,.00)|6424.326368771617|24.586499776486363|0|null|2.7667986705806658|0|null|false|0|false
169.35|(6407.29,.86)|(1.00,-.04)|6406.29223589636|24.586499776486363|6406|0|0|(6417.29,.00)|(6505.64,.00)|(6425.33,.00)|-0.28|1.00|0.00|(6427.29,.00)|(1.00,.00)|6426.29223589636|24.586499776486363|0|null|2.7346807812466176|0|null|false|0|false
169.40|(6409.26,.73)|(1.00,-.05)|6408.257704352929|24.586499776486363|6408|0|0|(6419.26,.00)|(6507.60,.00)|(6427.29,.00)|-0.28|1.00|0.00|(6429.26,.00)|(1.00,.00)|6428.257704352929|24.586499776486363|0|null|2.7007146796562482|0|null|false|0|false
169.45|(6411.22,.60)|(1.00,-.05)|6410.2227546769045|24.586499776486363|6410|0|0|(6421.22,.00)|(6509.57,.00)|(6429.26,.00)|-0.28|1.00|0.00|(6431.22,.00)|(1.00,.00)|6430.2227546769045|24.586499776486363|0|null|2.6649235666744087|0|null|false|0|false
169.50|(6413.19,.47)|(1.00,-.06)|6412.187368587369|24.586499776486363|6412|0|0|(6423.19,.00)|(6511.53,.00)|(6431.22,.00)|-0.28|1.00|0.00|(6433.19,.00)|(1.00,.00)|6432.187368587369|24.586499776486363|0|null|2.627331081931074|0|null|false|0|false
169.55|(6415.15,.34)|(1.00,-.06)|6414.15267365288|24.586499776486363|6414|0|0|(6425.15,.00)|(6513.50,.00)|(6433.19,.00)|0.02|1.00|0.00|(6435.15,.00)|(1.00,.00)|6434.15267365288|24.586499776486363|0|null|2.59318018404812|0|null|false|0|false
169.60|(6417.12,.22)|(1.00,-.06)|6416.11801892157|24.586499776486363|6416|0|0|(6427.12,.00)|(6515.46,.00)|(6435.15,.00)|0.02|1.00|0.00|(6437.12,.00)|(1.00,.00)|6436.11801892157|24.586499776486363|0|null|2.5590665657235765|0|null|false|0|false
169.65|(6419.08,.09)|(1.00,-.06)|6418.08341067375|24.586499776486363|6418|0|0|(6429.08,.00)|(6517.43,.00)|(6437.12,.00)|0.02|1.00|0.00|(6439.08,.00)|(1.00,.00)|6438.08341067375|24.586499776486363|0|null|2.52503109415376|0|null|false|0|false
169.70|(6421.05,-.02)|(1.00,-.06)|6420.049336360356|24.586499776486363|6420|0|0|(6431.05,.00)|(6519.40,.00)|(6439.08,.00)|0.22|1.00|0.00|(6441.05,.00)|(1.00,.00)|6440.049336360356|24.586499776486363|0|null|2.494565256752177|0|null|false|0|false
169.75|(6423.02,-.13)|(1.00,-.06)|6422.015577384818|24.586499776486363|6422|0|0|(6433.02,.00)|(6521.36,.00)|(6441.05,.00)|0.22|1.00|0.00|(6443.02,.00)|(1.00,.00)|6442.015577384818|24.586499776486363|0|null|2.4654383756516554|0|null|false|0|false
169.80|(6424.98,-.23)|(1.00,-.06)|6423.982126047927|24.586499776486363|6423|0|0|(6434.98,.00)|(6523.33,.00)|(6443.02,.00)|0.22|1.00|0.00|(6444.98,.00)|(1.00,.00)|6443.982126047927|24.586499776486363|0|null|2.437697304956032|0|null|false|0|false
169.85|(6426.95,-.32)|(1.00,-.06)|6425.948973179797|24.586499776486363|6425|0|0|(6436.95,.00)|(6525.29,.00)|(6444.98,.00)|0.22|1.00|0.00|(6446.95,.00)|(1.00,.00)|6445.948973179797|24.586499776486363|0|null|2.411385786738198|0|null|false|0|false
169.90|(6428.92,-.42)|(1.00,-.05)|6427.9161081825|24.586499776486363|6427|0|0|(6438.92,.00)|(6527.26,.00)|(6446.95,.00)|0.22|1.00|0.00|(6448.92,.00)|(1.00,.00)|6447.9161081825|24.586499776486363|0|null|2.386544417218056|0|null|false|0|false
169.95|(6430.88,-.49)|(1.00,-.05)|6429.8836554751|24.586499776486363|6429|0|0|(6440.88,.00)|(6529.23,.00)|(6448.92,.00)|0.40|1.00|0.00|(6450.88,.00)|(1.00,.00)|6449.8836554751|24.586499776486363|0|null|2.366291515127353|0|null|false|0|false
170.00|(6432.85,-.55)|(1.00,-.05)|6431.851583824987|24.586499776486363|6431|0|0|(6442.85,.00)|(6531.20,.00)|(6450.88,.00)|0.40|1.00|0.00|(6452.85,.00)|(1.00,.00)|6451.851583824987|24.586499776486363|0|null|2.348637661587077|0|null|false|0|false
170.05|(6434.82,-.61)|(1.00,-.04)|6433.819847122261|24.586499776486363|6433|0|0|(6444.82,.00)|(6533.17,.00)|(6452.85,.00)|0.40|1.00|0.00|(6454.82,.00)|(1.00,.00)|6453.819847122261|24.586499776486363|0|null|2.333623809710353|0|null|false|0|false
170.10|(6436.79,-.65)|(1.00,-.04)|6435.788344387064|24.586499776486363|6435|0|0|(6446.79,.00)|(6535.13,.00)|(6454.82,.00)|0.48|1.00|0.00|(6456.79,.00)|(1.00,.00)|6455.788344387064|24.586499776486363|0|null|2.3226672051897057|0|null|false|0|false
170.15|(6438.76,-.68)|(1.00,-.03)|6437.7570876691725|24.586499776486363|6437|0|0|(6448.76,.00)|(6537.10,.00)|(6456.79,.00)|0.48|1.00|0.00|(6458.76,.00)|(1.00,.00)|6457.7570876691725|24.586499776486363|0|null|2.3148929926591766|0|null|false|0|false
170.20|(6440.73,-.69)|(1.00,-.03)|6439.726005221235|24.586499776486363|6439|0|0|(6450.73,.00)|(6539.07,.00)|(6458.76,.00)|0.48|1.00|0.00|(6460.73,.00)|(1.00,.00)|6459.726005221235|24.586499776486363|0|null|2.310333060567541|0|null|false|0|false
170.25|(6442.70,-.70)|(1.00,-.02)|6441.695049720585|24.586499776486363|6441|0|0|(6452.70,.00)|(6541.04,.00)|(6460.73,.00)|0.47|1.00|0.00|(6462.70,.00)|(1.00,.00)|6461.695049720585|24.586499776486363|0|null|2.308751219981195|0|null|false|0|false
170.30|(6444.66,-.69)|(1.00,-.02)|6443.664125551579|24.586499776486363|6443|0|0|(6454.66,.00)|(6543.01,.00)|(6462.70,.00)|0.47|1.00|0.00|(6464.66,.00)|(1.00,.00)|6463.664125551579|24.586499776486363|0|null|2.3103421836541216|0|null|false|0|false
170.35|(6446.63,-.68)|(1.00,-.01)|6445.633161050117|24.586499776486363|6445|0|0|(6456.63,.00)|(6544.98,.00)|(6464.66,.00)|0.47|1.00|0.00|(6466.63,.00)|(1.00,.00)|6465.633161050117|24.586499776486363|0|null|2.3151222808594767|0|null|false|0|false
170.40|(6448.60,-.65)|(1.00,-.00)|6447.6020840100755|24.586499776486363|6447|0|0|(6458.60,.00)|(6546.95,.00)|(6466.63,.00)|0.47|1.00|0.00|(6468.60,.00)|(1.00,.00)|6467.6020840100755|24.586499776486363|0|null|2.323103255121396|0|null|false|0|false
170.45|(6450.57,-.61)|(1.00,.00)|6449.570822029828|24.586499776486363|6449|0|0|(6460.57,.00)|(6548.92,.00)|(6468.60,.00)|0.47|1.00|0.00|(6470.57,.00)|(1.00,.00)|6469.570822029828|24.586499776486363|0|null|2.3342924144387016|0|null|false|0|false
170.50|(6452.54,-.55)|(1.00,.01)|6451.539302844209|24.586499776486363|6451|0|0|(6462.54,.00)|(6550.89,.00)|(6470.57,.00)|0.47|1.00|0.00|(6472.54,.00)|(1.00,.00)|6471.539302844209|24.586499776486363|0|null|2.3486928122226463|0|null|false|0|false
170.55|(6454.51,-.49)|(1.00,.01)|6453.507454636717|24.586499776486363|6453|0|0|(6464.51,.00)|(6552.85,.00)|(6472.54,.00)|0.47|1.00|0.00|(6474.51,.00)|(1.00,.00)|6473.507454636717|24.586499776486363|0|null|2.366303459993584|0|null|false|0|false
170.60|(6456.48,-.41)|(1.00,.02)|6455.475206326901|24.586499776486363|6455|0|0|(6466.48,.00)|(6554.82,.00)|(6474.51,.00)|0.47|1.00|0.00|(6476.48,.00)|(1.00,.00)|6475.475206326901|24.586499776486363|0|null|2.387119571935833|0|null|false|0|false
170.65|(6458.44,-.33)|(1.00,.03)|6457.4424878280715|24.586499776486363|6457|0|0|(6468.44,.00)|(6556.79,.00)|(6476.48,.00)|0.47|1.00|0.00|(6478.44,.00)|(1.00,.00)|6477.4424878280715|24.586499776486363|0|null|2.411132840459704|0|null|false|0|false
170.70|(6460.41,-.23)|(1.00,.03)|6459.409230270987|24.586499776486363|6459|0|0|(6470.41,.00)|(6558.76,.00)|(6478.44,.00)|0.47|1.00|0.00|(6480.41,.00)|(1.00,.00)|6479.409230270987|24.586499776486363|0|null|2.438331740988755|0|null|false|0|false
170.75|(6462.38,-.11)|(1.00,.04)|6461.375366189732|24.586499776486363|6461|0|0|(6472.38,.00)|(6560.72,.00)|(6480.41,.00)|0.47|1.00|0.00|(6482.38,.00)|(1.00,.00)|6481.375366189732|24.586499776486363|0|null|2.46870186330228|0|null|false|0|false
170.80|(6464.34,.01)|(1.00,.04)|6463.340829666817|24.586499776486363|6463|0|0|(6474.34,.00)|(6562.69,.00)|(6482.38,.00)|0.47|1.00|0.00|(6484.34,.00)|(1.00,.00)|6483.340829666817|24.586499776486363|0|null|2.502226265939533|0|null|false|0|false
170.85|(6466.31,.14)|(1.00,.05)|6465.305556435408|24.586499776486363|6465|0|0|(6476.31,.00)|(6564.65,.00)|(6484.34,.00)|0.47|1.00|0.00|(6486.31,.00)|(1.00,.00)|6485.305556435408|24.586499776486363|0|null|2.5388858494332682|0|null|false|0|false
170.90|(6468.27,.29)|(1.00,.06)|6467.269483937592|24.586499776486363|6467|0|0|(6478.27,.00)|(6566.62,.00)|(6486.31,.00)|0.47|1.00|0.00|(6488.27,.00)|(1.00,.00)|6487.269483937592|24.586499776486363|0|null|2.5786597435033123|0|null|false|0|false
170.95|(6470.23,.44)|(1.00,.06)|6469.232551338621|24.586499776486363|6469|0|0|(6480.23,.00)|(6568.58,.00)|(6488.27,.00)|0.47|1.00|0.00|(6490.23,.00)|(1.00,.00)|6489.232551338621|24.586499776486363|0|null|2.6215257028209464|0|null|false|0|false
171.00|(6472.19,.61)|(1.00,.07)|6471.194699498182|24.586499776486363|6471|0|0|(6482.19,.00)|(6570.54,.00)|(6490.23,.00)|0.47|1.00|0.00|(6492.19,.00)|(1.00,.00)|6491.194699498182|24.586499776486363|0|null|2.667460505563752|0|null|false|0|false
171.05|(6474.16,.79)|(1.00,.07)|6473.155870900744|24.586499776486363|6473|0|0|(6484.16,.00)|(6572.50,.00)|(6492.19,.00)|0.47|1.00|0.00|(6494.16,.00)|(1.00,.00)|6493.155870900744|24.586499776486363|0|null|2.7164403487269766|0|null|false|0|false
171.10|(6476.12,.98)|(1.00,.08)|6475.116009548091|24.586499776486363|6475|0|0|(6486.12,.00)|(6574.46,.00)|(6494.16,.00)|0.47|1.00|0.00|(6496.12,.00)|(1.00,.00)|6495.116009548091|24.586499776486363|0|null|2.7684412340467253|0|null|false|0|false
171.15|(6478.08,1.18)|(1.00,.09)|6477.075060818031|24.586499776486363|6477|0|0|(6488.08,.00)|(6576.42,.00)|(6496.12,.00)|0.47|1.00|0.00|(6498.08,.00)|(1.00,.00)|6497.075060818031|24.586499776486363|0|null|2.8234393384245715|0|null|false|0|false
171.20|(6480.04,1.34)|(1.00,.08)|6479.037537480073|24.586499776486363|6479|0|0|(6490.04,.00)|(6578.38,.00)|(6498.08,.00)|-0.49|1.00|0.00|(6500.04,.00)|(1.00,.00)|6499.037537480073|24.586499776486363|0|null|2.865000440038229|0|null|false|0|false
171.25|(6482.00,1.48)|(1.00,.08)|6481.0008412772495|24.586499776486363|6481|0|0|(6492.00,.00)|(6580.35,.00)|(6500.04,.00)|-0.49|1.00|0.00|(6502.00,.00)|(1.00,.00)|6501.0008412772495|24.586499776486363|0|null|2.903888093878501|0|null|false|0|false
171.30|(6483.96,1.61)|(1.00,.08)|6482.96493331419|24.586499776486363|6482|0|0|(6493.96,.00)|(6582.31,.00)|(6502.00,.00)|-0.49|1.00|0.00|(6503.96,.00)|(1.00,.00)|6502.96493331419|24.586499776486363|0|null|2.940028901094045|0|null|false|0|false
171.35|(6485.93,1.73)|(1.00,.07)|6484.929769739114|24.586499776486363|6484|0|0|(6495.93,.00)|(6584.28,.00)|(6503.96,.00)|-0.49|1.00|0.00|(6505.93,.00)|(1.00,.00)|6504.929769739114|24.586499776486363|0|null|2.973356571178904|0|null|false|0|false
171.40|(6487.90,1.81)|(1.00,.06)|6486.895073340815|24.586499776486363|6486|0|0|(6497.90,.00)|(6586.24,.00)|(6505.93,.00)|-1.03|1.00|0.00|(6507.90,.00)|(1.00,.00)|6506.895073340815|24.586499776486363|0|null|2.9943866504764776|0|null|false|0|false
171.45|(6489.86,1.86)|(1.00,.06)|6488.86130307715|24.586499776486363|6488|0|0|(6499.86,.00)|(6588.21,.00)|(6507.90,.00)|-1.03|1.00|0.00|(6509.86,.00)|(1.00,.00)|6508.86130307715|24.586499776486363|0|null|3.0092601465931903|0|null|false|0|false
171.50|(6491.83,1.90)|(1.00,.05)|6490.828191050703|24.586499776486363|6490|0|0|(6501.83,.00)|(6590.17,.00)|(6509.86,.00)|-1.03|1.00|0.00|(6511.83,.00)|(1.00,.00)|6510.828191050703|24.586499776486363|0|null|3.0178986415185527|0|null|false|0|false
171.55|(6493.80,1.90)|(1.00,.04)|6492.795429361395|24.586499776486363|6492|0|0|(6503.80,.00)|(6592.14,.00)|(6511.83,.00)|-1.04|1.00|0.00|(6513.80,.00)|(1.00,.00)|6512.795429361395|24.586499776486363|0|null|3.0200902935340213|0|null|false|0|false
171.60|(6495.76,1.89)|(1.00,.03)|6494.762759212982|24.586499776486363|6494|0|0|(6505.76,.00)|(6594.11,.00)|(6513.80,.00)|-1.04|1.00|0.00|(6515.76,.00)|(1.00,.00)|6514.762759212982|24.586499776486363|0|null|3.0158711531443814|0|null|false|0|false
171.65|(6497.73,1.85)|(1.00,.01)|6496.729885978816|24.586499776486363|6496|0|0|(6507.73,.00)|(6596.08,.00)|(6515.76,.00)|-1.04|1.00|0.00|(6517.73,.00)|(1.00,.00)|6516.729885978816|24.586499776486363|0|null|3.0051916802226994|0|null|false|0|false
171.70|(6499.70,1.80)|(1.00,.00)|6498.697251959526|24.586499776486363|6498|0|0|(6509.70,.00)|(6598.04,.00)|(6517.73,.00)|-0.90|1.00|0.00|(6519.70,.00)|(1.00,.00)|6518.697251959526|24.586499776486363|0|null|2.9904730786549703|0|null|false|0|false
171.75|(6501.66,1.72)|(1.00,-.01)|6500.664019540959|24.586499776486363|6500|0|0|(6511.66,.00)|(6600.01,.00)|(6519.70,.00)|-0.90|1.00|0.00|(6521.66,.00)|(1.00,.00)|6520.664019540959|24.586499776486363|0|null|2.9700661410831297|0|null|false|0|false
171.80|(6503.63,1.62)|(1.00,-.02)|6502.629957702619|24.586499776486363|6502|0|0|(6513.63,.00)|(6601.98,.00)|(6521.66,.00)|-0.90|1.00|0.00|(6523.63,.00)|(1.00,.00)|6522.629957702619|24.586499776486363|0|null|2.9439525730341334|0|null|false|0|false
171.85|(6505.59,1.51)|(1.00,-.03)|6504.594834829678|24.586499776486363|6504|0|0|(6515.59,.00)|(6603.94,.00)|(6523.63,.00)|-0.90|1.00|0.00|(6525.59,.00)|(1.00,.00)|6524.594834829678|24.586499776486363|0|null|2.9121197664886944|0|null|false|0|false
171.90|(6507.56,1.39)|(1.00,-.03)|6506.560378290054|24.586499776486363|6506|0|0|(6517.56,.00)|(6605.91,.00)|(6525.59,.00)|-0.57|1.00|0.00|(6527.56,.00)|(1.00,.00)|6526.560378290054|24.586499776486363|0|null|2.8801489348985982|0|null|false|0|false
171.95|(6509.53,1.26)|(1.00,-.04)|6508.525075464301|24.586499776486363|6508|0|0|(6519.53,.00)|(6607.87,.00)|(6527.56,.00)|-0.57|1.00|0.00|(6529.53,.00)|(1.00,.00)|6528.525075464301|24.586499776486363|0|null|2.8443668574473486|0|null|false|0|false
172.00|(6511.49,1.12)|(1.00,-.05)|6510.488827739147|24.586499776486363|6510|0|0|(6521.49,.00)|(6609.83,.00)|(6529.53,.00)|-0.57|1.00|0.00|(6531.49,.00)|(1.00,.00)|6530.488827739147|24.586499776486363|0|null|2.8047893253184446|0|null|false|0|false
172.05|(6513.45,.97)|(1.00,-.05)|6512.453022172478|24.586499776486363|6512|0|0|(6523.45,.00)|(6611.80,.00)|(6531.49,.00)|-0.30|1.00|0.00|(6533.45,.00)|(1.00,.00)|6532.453022172478|24.586499776486363|0|null|2.7661271972617056|0|null|false|0|false
172.10|(6515.42,.82)|(1.00,-.06)|6514.416659878717|24.586499776486363|6514|0|0|(6525.42,.00)|(6613.76,.00)|(6533.45,.00)|-0.30|1.00|0.00|(6535.42,.00)|(1.00,.00)|6534.416659878717|24.586499776486363|0|null|2.725314016581648|0|null|false|0|false
172.15|(6517.38,.67)|(1.00,-.06)|6516.379715448455|24.586499776486363|6516|0|0|(6527.38,.00)|(6615.73,.00)|(6535.42,.00)|-0.30|1.00|0.00|(6537.38,.00)|(1.00,.00)|6536.379715448455|24.586499776486363|0|null|2.682380580972611|0|null|false|0|false
172.20|(6519.34,.50)|(1.00,-.07)|6518.342164535392|24.586499776486363|6518|0|0|(6529.34,.00)|(6617.69,.00)|(6537.38,.00)|-0.30|1.00|0.00|(6539.34,.00)|(1.00,.00)|6538.342164535392|24.586499776486363|0|null|2.6373557071655283|0|null|false|0|false
172.25|(6521.31,.35)|(1.00,-.07)|6520.305267606144|24.586499776486363|6520|0|0|(6531.31,.00)|(6619.65,.00)|(6539.34,.00)|-0.03|1.00|0.00|(6541.31,.00)|(1.00,.00)|6540.305267606144|24.586499776486363|0|null|2.5949009153538576|0|null|false|0|false
172.30|(6523.27,.19)|(1.00,-.07)|6522.268275534926|24.586499776486363|6522|0|0|(6533.27,.00)|(6621.61,.00)|(6541.31,.00)|-0.03|1.00|0.00|(6543.27,.00)|(1.00,.00)|6542.268275534926|24.586499776486363|0|null|2.5519946190655873|0|null|false|0|false
172.35|(6525.23,.03)|(1.00,-.07)|6524.231194218834|24.586499776486363|6524|0|0|(6535.23,.00)|(6623.58,.00)|(6543.27,.00)|-0.03|1.00|0.00|(6545.23,.00)|(1.00,.00)|6544.231194218834|24.586499776486363|0|null|2.5086725945680097|0|null|false|0|false
172.40|(6527.19,-.13)|(1.00,-.08)|6526.194028898327|24.586499776486363|6526|0|0|(6537.19,.00)|(6625.54,.00)|(6545.23,.00)|-0.03|1.00|0.00|(6547.19,.00)|(1.00,.00)|6546.194028898327|24.586499776486363|0|null|2.464966278159361|0|null|false|0|false
172.45|(6529.16,-.26)|(1.00,-.07)|6528.15809756839|24.586499776486363|6528|0|0|(6539.16,.00)|(6627.50,.00)|(6547.19,.00)|0.40|1.00|0.00|(6549.16,.00)|(1.00,.00)|6548.15809756839|24.586499776486363|0|null|2.4282408938079434|0|null|false|0|false
172.50|(6531.12,-.39)|(1.00,-.07)|6530.1227764288515|24.586499776486363|6530|0|0|(6541.12,.00)|(6629.47,.00)|(6549.16,.00)|0.40|1.00|0.00|(6551.12,.00)|(1.00,.00)|6550.1227764288515|24.586499776486363|0|null|2.3936967777833598|0|null|false|0|false
172.55|(6533.09,-.51)|(1.00,-.07)|6532.088035560098|24.586499776486363|6532|0|0|(6543.09,.00)|(6631.43,.00)|(6551.12,.00)|0.40|1.00|0.00|(6553.09,.00)|(1.00,.00)|6552.088035560098|24.586499776486363|0|null|2.36137681614564|0|null|false|0|false
172.60|(6535.05,-.62)|(1.00,-.07)|6534.053842279649|24.586499776486363|6534|0|0|(6545.05,.00)|(6633.40,.00)|(6553.09,.00)|0.40|1.00|0.00|(6555.05,.00)|(1.00,.00)|6554.053842279649|24.586499776486363|0|null|2.331317255320056|0|null|false|0|false
172.65|(6537.02,-.71)|(1.00,-.06)|6536.020278788591|24.586499776486363|6536|0|0|(6547.02,.00)|(6635.37,.00)|(6555.05,.00)|0.57|1.00|0.00|(6557.02,.00)|(1.00,.00)|6556.020278788591|24.586499776486363|0|null|2.3065339791112622|0|null|false|0|false
172.70|(6538.99,-.79)|(1.00,-.06)|6537.987324219995|24.586499776486363|6537|0|0|(6548.99,.00)|(6637.33,.00)|(6557.02,.00)|0.57|1.00|0.00|(6558.99,.00)|(1.00,.00)|6557.987324219995|24.586499776486363|0|null|2.2850893476845333|0|null|false|0|false
172.75|(6540.95,-.85)|(1.00,-.05)|6539.954898855449|24.586499776486363|6539|0|0|(6550.95,.00)|(6639.30,.00)|(6558.99,.00)|0.57|1.00|0.00|(6560.95,.00)|(1.00,.00)|6559.954898855449|24.586499776486363|0|null|2.26701188016838|0|null|false|0|false
172.80|(6542.92,-.90)|(1.00,-.04)|6541.922838518179|24.586499776486363|6541|0|0|(6552.92,.00)|(6641.27,.00)|(6560.95,.00)|0.66|1.00|0.00|(6562.92,.00)|(1.00,.00)|6561.922838518179|24.586499776486363|0|null|2.2538740558007406|0|null|false|0|false
172.85|(6544.89,-.93)|(1.00,-.04)|6543.8911546970385|24.586499776486363|6543|0|0|(6554.89,.00)|(6643.24,.00)|(6562.92,.00)|0.66|1.00|0.00|(6564.89,.00)|(1.00,.00)|6563.8911546970385|24.586499776486363|0|null|2.2446743240895755|0|null|false|0|false
172.90|(6546.86,-.95)|(1.00,-.03)|6545.859735519364|24.586499776486363|6545|0|0|(6556.86,.00)|(6645.21,.00)|(6564.89,.00)|0.66|1.00|0.00|(6566.86,.00)|(1.00,.00)|6565.859735519364|24.586499776486363|0|null|2.239429153344102|0|null|false|0|false
172.95|(6548.83,-.96)|(1.00,-.03)|6547.828535066669|24.586499776486363|6547|0|0|(6558.83,.00)|(6647.17,.00)|(6566.86,.00)|0.63|1.00|0.00|(6568.83,.00)|(1.00,.00)|6567.828535066669|24.586499776486363|0|null|2.2376047959718237|0|null|false|0|false
173.00|(6550.80,-.95)|(1.00,-.02)|6549.7973867266155|24.586499776486363|6549|0|0|(6560.80,.00)|(6649.14,.00)|(6568.83,.00)|0.63|1.00|0.00|(6570.80,.00)|(1.00,.00)|6569.7973867266155|24.586499776486363|0|null|2.239565724599452|0|null|false|0|false
173.05|(6552.77,-.93)|(1.00,-.01)|6551.766187823047|24.586499776486363|6551|0|0|(6562.77,.00)|(6651.11,.00)|(6570.80,.00)|0.63|1.00|0.00|(6572.77,.00)|(1.00,.00)|6571.766187823047|24.586499776486363|0|null|2.245312845634275|0|null|false|0|false
173.10|(6554.74,-.90)|(1.00,-.01)|6553.735079984737|24.586499776486363|6553|0|0|(6564.74,.00)|(6653.08,.00)|(6572.77,.00)|0.54|1.00|0.00|(6574.74,.00)|(1.00,.00)|6573.735079984737|24.586499776486363|0|null|2.2533313619042286|0|null|false|0|false
173.15|(6556.70,-.86)|(1.00,.00)|6555.703789956875|24.586499776486363|6555|0|0|(6566.70,.00)|(6655.05,.00)|(6574.74,.00)|0.54|1.00|0.00|(6576.70,.00)|(1.00,.00)|6575.703789956875|24.586499776486363|0|null|2.264609501453153|0|null|false|0|false
173.20|(6558.67,-.81)|(1.00,.01)|6557.672243205008|24.586499776486363|6557|0|0|(6568.67,.00)|(6657.02,.00)|(6576.70,.00)|0.54|1.00|0.00|(6578.67,.00)|(1.00,.00)|6577.672243205008|24.586499776486363|0|null|2.2791357700100203|0|null|false|0|false
173.25|(6560.64,-.74)|(1.00,.01)|6559.6403663629|24.586499776486363|6559|0|0|(6570.64,.00)|(6658.99,.00)|(6578.67,.00)|0.54|1.00|0.00|(6580.64,.00)|(1.00,.00)|6579.6403663629|24.586499776486363|0|null|2.2968977922583598|0|null|false|0|false
173.30|(6562.61,-.68)|(1.00,.02)|6561.6086791575035|24.586499776486363|6561|0|0|(6572.61,.00)|(6660.95,.00)|(6580.64,.00)|0.35|1.00|0.00|(6582.61,.00)|(1.00,.00)|6581.6086791575035|24.586499776486363|0|null|2.314671073171544|0|null|false|0|false
173.35|(6564.58,-.61)|(1.00,.02)|6563.57673648522|24.586499776486363|6563|0|0|(6574.58,.00)|(6662.92,.00)|(6582.61,.00)|0.35|1.00|0.00|(6584.58,.00)|(1.00,.00)|6583.57673648522|24.586499776486363|0|null|2.334551833629386|0|null|false|0|false
173.40|(6566.54,-.53)|(1.00,.03)|6565.54450969406|24.586499776486363|6565|0|0|(6576.54,.00)|(6664.89,.00)|(6584.58,.00)|0.35|1.00|0.00|(6586.54,.00)|(1.00,.00)|6585.54450969406|24.586499776486363|0|null|2.3565180976303215|0|null|false|0|false
173.45|(6568.51,-.44)|(1.00,.03)|6567.511970959869|24.586499776486363|6567|0|0|(6578.51,.00)|(6666.86,.00)|(6586.54,.00)|0.35|1.00|0.00|(6588.51,.00)|(1.00,.00)|6587.511970959869|24.586499776486363|0|null|2.380549896871962|0|null|false|0|false
173.50|(6570.48,-.36)|(1.00,.03)|6569.479712655782|24.586499776486363|6569|0|0|(6580.48,.00)|(6668.83,.00)|(6588.51,.00)|0.13|1.00|0.00|(6590.48,.00)|(1.00,.00)|6589.479712655782|24.586499776486363|0|null|2.4028416353013604|0|null|false|0|false
173.55|(6572.45,-.27)|(1.00,.04)|6571.44735669389|24.586499776486363|6571|0|0|(6582.45,.00)|(6670.79,.00)|(6590.48,.00)|0.13|1.00|0.00|(6592.45,.00)|(1.00,.00)|6591.44735669389|24.586499776486363|0|null|2.4258656912640504|0|null|false|0|false
173.60|(6574.41,-.18)|(1.00,.04)|6573.414902036264|24.586499776486363|6573|0|0|(6584.41,.00)|(6672.76,.00)|(6592.45,.00)|0.13|1.00|0.00|(6594.41,.00)|(1.00,.00)|6593.414902036264|24.586499776486363|0|null|2.4495976256091176|0|null|false|0|false
173.65|(6576.38,-.11)|(1.00,.04)|6575.382669102065|24.586499776486363|6575|0|0|(6586.38,.00)|(6674.73,.00)|(6594.41,.00)|-0.03|1.00|0.00|(6596.38,.00)|(1.00,.00)|6595.382669102065|24.586499776486363|0|null|2.4712180596080766|0|null|false|0|false
173.70|(6578.35,-.03)|(1.00,.04)|6577.350501341833|24.586499776486363|6577|0|0|(6588.35,.00)|(6676.70,.00)|(6596.38,.00)|-0.03|1.00|0.00|(6598.35,.00)|(1.00,.00)|6597.350501341833|24.586499776486363|0|null|2.4925487550109584|0|null|false|0|false
173.75|(6580.32,.05)|(1.00,.04)|6579.3183995112495|24.586499776486363|6579|0|0|(6590.32,.00)|(6678.66,.00)|(6598.35,.00)|-0.03|1.00|0.00|(6600.32,.00)|(1.00,.00)|6599.3183995112495|24.586499776486363|0|null|2.5135681242503707|0|null|false|0|false
173.80|(6582.29,.13)|(1.00,.04)|6581.286363700163|24.586499776486363|6581|0|0|(6592.29,.00)|(6680.63,.00)|(6600.32,.00)|-0.03|1.00|0.00|(6602.29,.00)|(1.00,.00)|6601.286363700163|24.586499776486363|0|null|2.5342592328412765|0|null|false|0|false
173.85|(6584.25,.19)|(1.00,.04)|6583.254529419599|24.586499776486363|6583|0|0|(6594.25,.00)|(6682.60,.00)|(6602.29,.00)|-0.15|1.00|0.00|(6604.25,.00)|(1.00,.00)|6603.254529419599|24.586499776486363|0|null|2.5525851682684375|0|null|false|0|false
173.90|(6586.22,.26)|(1.00,.04)|6585.222848615909|24.586499776486363|6585|0|0|(6596.22,.00)|(6684.57,.00)|(6604.25,.00)|-0.15|1.00|0.00|(6606.22,.00)|(1.00,.00)|6605.222848615909|24.586499776486363|0|null|2.5698669634438263|0|null|false|0|false
173.95|(6588.19,.32)|(1.00,.04)|6587.191312906468|24.586499776486363|6587|0|0|(6598.19,.00)|(6686.54,.00)|(6606.22,.00)|-0.15|1.00|0.00|(6608.19,.00)|(1.00,.00)|6607.191312906468|24.586499776486363|0|null|2.5860934052076576|0|null|false|0|false
174.00|(6590.16,.36)|(1.00,.03)|6589.159947350974|24.586499776486363|6589|0|0|(6600.16,.00)|(6688.51,.00)|(6608.19,.00)|-0.26|1.00|0.00|(6610.16,.00)|(1.00,.00)|6609.159947350974|24.586499776486363|0|null|2.599228940203627|0|null|false|0|false
174.05|(6592.13,.40)|(1.00,.03)|6591.12876119483|24.586499776486363|6591|0|0|(6602.13,.00)|(6690.47,.00)|(6610.16,.00)|-0.26|1.00|0.00|(6612.13,.00)|(1.00,.00)|6611.12876119483|24.586499776486363|0|null|2.6106021753488244|0|null|false|0|false
174.10|(6594.10,.44)|(1.00,.03)|6593.097730914667|24.586499776486363|6593|0|0|(6604.10,.00)|(6692.44,.00)|(6612.13,.00)|-0.26|1.00|0.00|(6614.10,.00)|(1.00,.00)|6613.097730914667|24.586499776486363|0|null|2.620206336991785|0|null|false|0|false
174.15|(6596.07,.47)|(1.00,.02)|6595.066832704138|24.586499776486363|6595|0|0|(6606.07,.00)|(6694.41,.00)|(6614.10,.00)|-0.26|1.00|0.00|(6616.07,.00)|(1.00,.00)|6615.066832704138|24.586499776486363|0|null|2.6280381320901616|0|null|false|0|false
174.20|(6598.04,.49)|(1.00,.02)|6597.0360234546715|24.586499776486363|6597|0|0|(6608.04,.00)|(6696.38,.00)|(6616.07,.00)|-0.29|1.00|0.00|(6618.04,.00)|(1.00,.00)|6617.0360234546715|24.586499776486363|0|null|2.6336031068250563|0|null|false|0|false
174.25|(6600.01,.50)|(1.00,.02)|6599.005299479252|24.586499776486363|6599|0|0|(6610.01,.00)|(6698.35,.00)|(6618.04,.00)|-0.29|1.00|0.00|(6620.01,.00)|(1.00,.00)|6619.005299479252|24.586499776486363|0|null|2.6372278254190666|0|null|false|0|false
174.30|(6601.97,.51)|(1.00,.01)|6600.974632679822|24.586499776486363|6600|0|0|(6611.97,.00)|(6700.32,.00)|(6620.01,.00)|-0.29|1.00|0.00|(6621.97,.00)|(1.00,.00)|6620.974632679822|24.586499776486363|0|null|2.6389147872300938|0|null|false|0|false
174.35|(6603.94,.51)|(1.00,.01)|6602.9440088932215|24.586499776486363|6602|0|0|(6613.94,.00)|(6702.29,.00)|(6621.97,.00)|-0.28|1.00|0.00|(6623.94,.00)|(1.00,.00)|6622.9440088932215|24.586499776486363|0|null|2.6388672727470235|0|null|false|0|false
174.40|(6605.91,.50)|(1.00,.01)|6604.913389634413|24.586499776486363|6604|0|0|(6615.91,.00)|(6704.26,.00)|(6623.94,.00)|-0.28|1.00|0.00|(6625.91,.00)|(1.00,.00)|6624.913389634413|24.586499776486363|0|null|2.6369598778463055|0|null|false|0|false
174.45|(6607.88,.49)|(1.00,.00)|6606.882749656669|24.586499776486363|6606|0|0|(6617.88,.00)|(6706.23,.00)|(6625.91,.00)|-0.28|1.00|0.00|(6627.88,.00)|(1.00,.00)|6626.882749656669|24.586499776486363|0|null|2.6331993139539756|0|null|false|0|false
174.50|(6609.85,.47)|(1.00,.00)|6608.852064139745|24.586499776486363|6608|0|0|(6619.85,.00)|(6708.20,.00)|(6627.88,.00)|-0.28|1.00|0.00|(6629.85,.00)|(1.00,.00)|6628.852064139745|24.586499776486363|0|null|2.627592565713615|0|null|false|0|false
174.55|(6611.82,.44)|(1.00,-.00)|6610.821308680882|24.586499776486363|6610|0|0|(6621.82,.00)|(6710.17,.00)|(6629.85,.00)|-0.28|1.00|0.00|(6631.82,.00)|(1.00,.00)|6630.821308680882|24.586499776486363|0|null|2.6201465364747323|0|null|false|0|false
174.60|(6613.79,.41)|(1.00,-.01)|6612.790459264559|24.586499776486363|6612|0|0|(6623.79,.00)|(6712.14,.00)|(6631.82,.00)|-0.28|1.00|0.00|(6633.79,.00)|(1.00,.00)|6632.790459264559|24.586499776486363|0|null|2.6108677392053523|0|null|false|0|false
174.65|(6615.76,.37)|(1.00,-.01)|6614.759492215016|24.586499776486363|6614|0|0|(6625.76,.00)|(6714.11,.00)|(6633.79,.00)|-0.28|1.00|0.00|(6635.76,.00)|(1.00,.00)|6634.759492215016|24.586499776486363|0|null|2.599762036114075|0|null|false|0|false
174.70|(6617.73,.32)|(1.00,-.01)|6616.728384135773|24.586499776486363|6616|0|0|(6627.73,.00)|(6716.07,.00)|(6635.76,.00)|-0.28|1.00|0.00|(6637.73,.00)|(1.00,.00)|6636.728384135773|24.586499776486363|0|null|2.5868344293688734|0|null|false|0|false
174.75|(6619.70,.26)|(1.00,-.02)|6618.697111840515|24.586499776486363|6618|0|0|(6629.70,.00)|(6718.04,.00)|(6637.73,.00)|-0.28|1.00|0.00|(6639.70,.00)|(1.00,.00)|6638.697111840515|24.586499776486363|0|null|2.572088904351017|0|null|false|0|false
174.80|(6621.67,.20)|(1.00,-.02)|6620.665652279648|24.586499776486363|6620|0|0|(6631.67,.00)|(6720.01,.00)|(6639.70,.00)|-0.28|1.00|0.00|(6641.67,.00)|(1.00,.00)|6640.665652279648|24.586499776486363|0|null|2.555528325901954|0|null|false|0|false
174.85|(6623.63,.14)|(1.00,-.02)|6622.63398246674|24.586499776486363|6622|0|0|(6633.63,.00)|(6721.98,.00)|(6641.67,.00)|-0.28|1.00|0.00|(6643.63,.00)|(1.00,.00)|6642.63398246674|24.586499776486363|0|null|2.5371543870289583|0|null|false|0|false
174.90|(6625.60,.06)|(1.00,-.03)|6624.602079408814|24.586499776486363|6624|0|0|(6635.60,.00)|(6723.95,.00)|(6643.63,.00)|-0.28|1.00|0.00|(6645.60,.00)|(1.00,.00)|6644.602079408814|24.586499776486363|0|null|2.5169676085523705|0|null|false|0|false
174.95|(6627.57,-.02)|(1.00,-.03)|6626.569920044131|24.586499776486363|6626|0|0|(6637.57,.00)|(6725.92,.00)|(6645.60,.00)|-0.28|1.00|0.00|(6647.57,.00)|(1.00,.00)|6646.569920044131|24.586499776486363|0|null|2.494967387223802|0|null|false|0|false
175.00|(6629.54,-.11)|(1.00,-.03)|6628.537481190728|24.586499776486363|6628|0|0|(6639.54,.00)|(6727.88,.00)|(6647.57,.00)|-0.28|1.00|0.00|(6649.54,.00)|(1.00,.00)|6648.537481190728|24.586499776486363|0|null|2.47115208894082|0|null|false|0|false
175.05|(6631.50,-.20)|(1.00,-.04)|6630.504739508453|24.586499776486363|6630|0|0|(6641.50,.00)|(6729.85,.00)|(6649.54,.00)|-0.28|1.00|0.00|(6651.50,.00)|(1.00,.00)|6650.504739508453|24.586499776486363|0|null|2.4455191828484146|0|null|false|0|false
175.10|(6633.47,-.30)|(1.00,-.04)|6632.47167147678|24.586499776486363|6632|0|0|(6643.47,.00)|(6731.82,.00)|(6651.50,.00)|-0.28|1.00|0.00|(6653.47,.00)|(1.00,.00)|6652.47167147678|24.586499776486363|0|null|2.4180654113687714|0|null|false|0|false
175.15|(6635.44,-.41)|(1.00,-.04)|6634.438253390024|24.586499776486363|6634|0|0|(6645.44,.00)|(6733.78,.00)|(6653.47,.00)|-0.28|1.00|0.00|(6655.44,.00)|(1.00,.00)|6654.438253390024|24.586499776486363|0|null|2.388786990554584|0|null|false|0|false
175.20|(6637.40,-.52)|(1.00,-.05)|6636.404461371025|24.586499776486363|6636|0|0|(6647.40,.00)|(6735.75,.00)|(6655.44,.00)|-0.28|1.00|0.00|(6657.40,.00)|(1.00,.00)|6656.404461371025|24.586499776486363|0|null|2.357679834631156|0|null|false|0|false
175.25|(6639.37,-.64)|(1.00,-.05)|6638.370271403679|24.586499776486363|6638|0|0|(6649.37,.00)|(6737.72,.00)|(6657.40,.00)|-0.28|1.00|0.00|(6659.37,.00)|(1.00,.00)|6658.370271403679|24.586499776486363|0|null|2.324739798190531|0|null|false|0|false
175.30|(6641.34,-.77)|(1.00,-.05)|6640.335659384072|24.586499776486363|6640|0|0|(6651.34,.00)|(6739.68,.00)|(6659.37,.00)|-0.28|1.00|0.00|(6661.34,.00)|(1.00,.00)|6660.335659384072|24.586499776486363|0|null|2.289962929235494|0|null|false|0|false
175.35|(6643.30,-.90)|(1.00,-.06)|6642.300601189285|24.586499776486363|6642|0|0|(6653.30,.00)|(6741.65,.00)|(6661.34,.00)|-0.28|1.00|0.00|(6663.30,.00)|(1.00,.00)|6662.300601189285|24.586499776486363|0|null|2.2533457261484653|0|null|false|0|false
175.40|(6645.27,-1.04)|(1.00,-.06)|6644.265072762336|24.586499776486363|6644|0|0|(6655.27,.00)|(6743.61,.00)|(6663.30,.00)|-0.28|1.00|0.00|(6665.27,.00)|(1.00,.00)|6664.265072762336|24.586499776486363|0|null|2.2148853916828846|0|null|false|0|false
175.45|(6647.23,-1.19)|(1.00,-.07)|6646.2290502111055|24.586499776486363|6646|0|0|(6657.23,.00)|(6745.58,.00)|(6665.27,.00)|-0.28|1.00|0.00|(6667.23,.00)|(1.00,.00)|6666.2290502111055|24.586499776486363|0|null|2.17458007724224|0|null|false|0|false
175.50|(6649.19,-1.35)|(1.00,-.07)|6648.192509918546|24.586499776486363|6648|0|0|(6659.19,.00)|(6747.54,.00)|(6667.23,.00)|-0.28|1.00|0.00|(6669.19,.00)|(1.00,.00)|6668.192509918546|24.586499776486363|0|null|2.1324291110209357|0|null|false|0|false
175.55|(6651.16,-1.51)|(1.00,-.07)|6650.155428661013|24.586499776486363|6650|0|0|(6661.16,.00)|(6749.50,.00)|(6669.19,.00)|-0.28|1.00|0.00|(6671.16,.00)|(1.00,.00)|6670.155428661013|24.586499776486363|0|null|2.0884332040250806|0|null|false|0|false
175.60|(6653.12,-1.67)|(1.00,-.08)|6652.117783731148|24.586499776486363|6652|0|0|(6663.12,.00)|(6751.46,.00)|(6671.16,.00)|-0.28|1.00|0.00|(6673.12,.00)|(1.00,.00)|6672.117783731148|24.586499776486363|0|null|2.0425946285603165|0|null|false|0|false
175.65|(6655.08,-1.85)|(1.00,-.08)|6654.079553061473|24.586499776486363|6654|0|0|(6665.08,.00)|(6753.43,.00)|(6673.12,.00)|-0.28|1.00|0.00|(6675.08,.00)|(1.00,.00)|6674.079553061473|24.586499776486363|0|null|1.9949173644556824|0|null|false|0|false
175.70|(6657.04,-1.97)|(1.00,-.07)|6656.044072230528|24.586499776486363|6656|0|0|(6667.04,.00)|(6755.39,.00)|(6675.08,.00)|0.72|1.00|0.00|(6677.04,.00)|(1.00,.00)|6676.044072230528|24.586499776486363|0|null|1.9626391781384505|0|null|false|0|false
175.75|(6659.01,-2.07)|(1.00,-.07)|6658.00953718722|24.586499776486363|6658|0|0|(6669.01,.00)|(6757.36,.00)|(6677.04,.00)|0.72|1.00|0.00|(6679.01,.00)|(1.00,.00)|6678.00953718722|24.586499776486363|0|null|1.9344454651040996|0|null|false|0|false
175.80|(6660.98,-2.16)|(1.00,-.06)|6659.975834858043|24.586499776486363|6659|0|0|(6670.98,.00)|(6759.32,.00)|(6679.01,.00)|0.72|1.00|0.00|(6680.98,.00)|(1.00,.00)|6679.975834858043|24.586499776486363|0|null|1.9104025389857235|0|null|false|0|false
175.85|(6662.94,-2.23)|(1.00,-.06)|6661.942846867309|24.586499776486363|6661|0|0|(6672.94,.00)|(6761.29,.00)|(6680.98,.00)|0.72|1.00|0.00|(6682.94,.00)|(1.00,.00)|6681.942846867309|24.586499776486363|0|null|1.8905724568470075|0|null|false|0|false
175.90|(6664.91,-2.26)|(1.00,-.05)|6663.909239770497|24.586499776486363|6663|0|0|(6674.91,.00)|(6763.26,.00)|(6682.94,.00)|1.22|1.00|0.00|(6684.91,.00)|(1.00,.00)|6683.909239770497|24.586499776486363|0|null|1.8836780391097574|0|null|false|0|false
175.95|(6666.88,-2.25)|(1.00,-.03)|6665.875959825725|24.586499776486363|6665|0|0|(6676.88,.00)|(6765.22,.00)|(6684.91,.00)|1.22|1.00|0.00|(6686.88,.00)|(1.00,.00)|6685.875959825725|24.586499776486363|0|null|1.884081762465573|0|null|false|0|false
176.00|(6668.84,-2.23)|(1.00,-.02)|6667.8426246660365|24.586499776486363|6667|0|0|(6678.84,.00)|(6767.19,.00)|(6686.88,.00)|1.22|1.00|0.00|(6688.84,.00)|(1.00,.00)|6687.8426246660365|24.586499776486363|0|null|1.8918626091008084|0|null|false|0|false
176.05|(6670.81,-2.18)|(1.00,-.01)|6669.809436992494|24.586499776486363|6669|0|0|(6680.81,.00)|(6769.16,.00)|(6688.84,.00)|1.12|1.00|0.00|(6690.81,.00)|(1.00,.00)|6689.809436992494|24.586499776486363|0|null|1.9052838404118044|0|null|false|0|false
176.10|(6672.78,-2.10)|(1.00,.00)|6671.775561515172|24.586499776486363|6671|0|0|(6682.78,.00)|(6771.12,.00)|(6690.81,.00)|1.12|1.00|0.00|(6692.78,.00)|(1.00,.00)|6691.775561515172|24.586499776486363|0|null|1.9255974891338552|0|null|false|0|false
176.15|(6674.74,-2.00)|(1.00,.01)|6673.740654251634|24.586499776486363|6673|0|0|(6684.74,.00)|(6773.09,.00)|(6692.78,.00)|1.12|1.00|0.00|(6694.74,.00)|(1.00,.00)|6693.740654251634|24.586499776486363|0|null|1.9528564108275588|0|null|false|0|false
176.20|(6676.70,-1.88)|(1.00,.03)|6675.704365467394|24.586499776486363|6675|0|0|(6686.70,.00)|(6775.05,.00)|(6694.74,.00)|1.12|1.00|0.00|(6696.70,.00)|(1.00,.00)|6695.704365467394|24.586499776486363|0|null|1.9871078919170384|0|null|false|0|false
176.25|(6678.67,-1.75)|(1.00,.03)|6677.668832674586|24.586499776486363|6677|0|0|(6688.67,.00)|(6777.01,.00)|(6696.70,.00)|0.76|1.00|0.00|(6698.67,.00)|(1.00,.00)|6697.668832674586|24.586499776486363|0|null|2.022370772500663|0|null|false|0|false
176.30|(6680.63,-1.60)|(1.00,.04)|6679.632049510107|24.586499776486363|6679|0|0|(6690.63,.00)|(6778.98,.00)|(6698.67,.00)|0.76|1.00|0.00|(6700.63,.00)|(1.00,.00)|6699.632049510107|24.586499776486363|0|null|2.06263742340573|0|null|false|0|false
176.35|(6682.59,-1.43)|(1.00,.05)|6681.593834922894|24.586499776486363|6681|0|0|(6692.59,.00)|(6780.94,.00)|(6700.63,.00)|0.76|1.00|0.00|(6702.59,.00)|(1.00,.00)|6701.593834922894|24.586499776486363|0|null|2.10792469765829|0|null|false|0|false
176.40|(6684.56,-1.27)|(1.00,.06)|6683.556228372351|24.586499776486363|6683|0|0|(6694.56,.00)|(6782.90,.00)|(6702.59,.00)|0.43|1.00|0.00|(6704.56,.00)|(1.00,.00)|6703.556228372351|24.586499776486363|0|null|2.152551561203525|0|null|false|0|false
176.45|(6686.52,-1.10)|(1.00,.07)|6685.517674331797|24.586499776486363|6685|0|0|(6696.52,.00)|(6784.86,.00)|(6704.56,.00)|0.43|1.00|0.00|(6706.52,.00)|(1.00,.00)|6705.517674331797|24.586499776486363|0|null|2.200272719647633|0|null|false|0|false
176.50|(6688.48,-.91)|(1.00,.07)|6687.478105707111|24.586499776486363|6687|0|0|(6698.48,.00)|(6786.82,.00)|(6706.52,.00)|0.43|1.00|0.00|(6708.48,.00)|(1.00,.00)|6707.478105707111|24.586499776486363|0|null|2.2510832037447126|0|null|false|0|false
176.55|(6690.44,-.71)|(1.00,.08)|6689.437456081492|24.586499776486363|6689|0|0|(6700.44,.00)|(6788.78,.00)|(6708.48,.00)|0.43|1.00|0.00|(6710.44,.00)|(1.00,.00)|6709.437456081492|24.586499776486363|0|null|2.304977822200436|0|null|false|0|false
176.60|(6692.40,-.51)|(1.00,.09)|6691.3956597606375|24.586499776486363|6691|0|0|(6702.40,.00)|(6790.74,.00)|(6710.44,.00)|0.43|1.00|0.00|(6712.40,.00)|(1.00,.00)|6711.3956597606375|24.586499776486363|0|null|2.361950908295814|0|null|false|0|false
176.65|(6694.36,-.31)|(1.00,.09)|6693.35530937005|24.586499776486363|6693|0|0|(6704.36,.00)|(6792.70,.00)|(6712.40,.00)|0.01|1.00|0.00|(6714.36,.00)|(1.00,.00)|6713.35530937005|24.586499776486363|0|null|2.414654293049421|0|null|false|0|false
176.70|(6696.31,-.12)|(1.00,.09)|6695.314813592815|24.586499776486363|6695|0|0|(6706.31,.00)|(6794.66,.00)|(6714.36,.00)|0.01|1.00|0.00|(6716.31,.00)|(1.00,.00)|6715.314813592815|24.586499776486363|0|null|2.467907384270245|0|null|false|0|false
176.75|(6698.27,.08)|(1.00,.09)|6697.274175891543|24.586499776486363|6697|0|0|(6708.27,.00)|(6796.62,.00)|(6716.31,.00)|0.01|1.00|0.00|(6718.27,.00)|(1.00,.00)|6717.274175891543|24.586499776486363|0|null|2.521680253241804|0|null|false|0|false
176.80|(6700.24,.25)|(1.00,.09)|6699.235162540927|24.586499776486363|6699|0|0|(6710.24,.00)|(6798.58,.00)|(6718.27,.00)|-0.42|1.00|0.00|(6720.24,.00)|(1.00,.00)|6719.235162540927|24.586499776486363|0|null|2.568548079921329|0|null|false|0|false
176.85|(6702.20,.41)|(1.00,.09)|6701.196901237292|24.586499776486363|6701|0|0|(6712.20,.00)|(6800.54,.00)|(6720.24,.00)|-0.42|1.00|0.00|(6722.20,.00)|(1.00,.00)|6721.196901237292|24.586499776486363|0|null|2.6133464080667124|0|null|false|0|false
176.90|(6704.16,.57)|(1.00,.09)|6703.15936692228|24.586499776486363|6703|0|0|(6714.16,.00)|(6802.51,.00)|(6722.20,.00)|-0.42|1.00|0.00|(6724.16,.00)|(1.00,.00)|6723.15936692228|24.586499776486363|0|null|2.656023956241868|0|null|false|0|false
176.95|(6706.12,.71)|(1.00,.08)|6705.1229342186725|24.586499776486363|6705|0|0|(6716.12,.00)|(6804.47,.00)|(6724.16,.00)|-0.65|1.00|0.00|(6726.12,.00)|(1.00,.00)|6725.1229342186725|24.586499776486363|0|null|2.692629350831581|0|null|false|0|false
177.00|(6708.09,.83)|(1.00,.08)|6707.087462286475|24.586499776486363|6707|0|0|(6718.09,.00)|(6806.43,.00)|(6726.12,.00)|-0.65|1.00|0.00|(6728.09,.00)|(1.00,.00)|6727.087462286475|24.586499776486363|0|null|2.725683060994068|0|null|false|0|false
177.05|(6710.05,.93)|(1.00,.07)|6709.052864011795|24.586499776486363|6709|0|0|(6720.05,.00)|(6808.40,.00)|(6728.09,.00)|-0.65|1.00|0.00|(6730.05,.00)|(1.00,.00)|6729.052864011795|24.586499776486363|0|null|2.755128943849871|0|null|false|0|false
177.10|(6712.02,1.03)|(1.00,.07)|6711.019048600352|24.586499776486363|6711|0|0|(6722.02,.00)|(6810.37,.00)|(6730.05,.00)|-0.65|1.00|0.00|(6732.02,.00)|(1.00,.00)|6731.019048600352|24.586499776486363|0|null|2.7809147400765073|0|null|false|0|false
177.15|(6713.99,1.11)|(1.00,.06)|6712.985921891707|24.586499776486363|6712|0|0|(6723.99,.00)|(6812.33,.00)|(6732.02,.00)|-0.65|1.00|0.00|(6733.99,.00)|(1.00,.00)|6732.985921891707|24.586499776486363|0|null|2.8029918202518678|0|null|false|0|false
177.20|(6715.95,1.17)|(1.00,.05)|6714.9532726823245|24.586499776486363|6714|0|0|(6725.95,.00)|(6814.30,.00)|(6733.99,.00)|-0.79|1.00|0.00|(6735.95,.00)|(1.00,.00)|6734.9532726823245|24.586499776486363|0|null|2.81892753441426|0|null|false|0|false
177.25|(6717.92,1.21)|(1.00,.05)|6716.921140727155|24.586499776486363|6716|0|0|(6727.92,.00)|(6816.27,.00)|(6735.95,.00)|-0.79|1.00|0.00|(6737.92,.00)|(1.00,.00)|6736.921140727155|24.586499776486363|0|null|2.8302481427389825|0|null|false|0|false
177.30|(6719.89,1.23)|(1.00,.04)|6718.889373802983|24.586499776486363|6718|0|0|(6729.89,.00)|(6818.24,.00)|(6737.92,.00)|-0.79|1.00|0.00|(6739.89,.00)|(1.00,.00)|6738.889373802983|24.586499776486363|0|null|2.836907013373865|0|null|false|0|false
177.35|(6721.86,1.24)|(1.00,.03)|6720.857874244597|24.586499776486363|6720|0|0|(6731.86,.00)|(6820.20,.00)|(6739.89,.00)|-0.76|1.00|0.00|(6741.86,.00)|(1.00,.00)|6740.857874244597|24.586499776486363|0|null|2.8392766855509697|0|null|false|0|false
177.40|(6723.83,1.23)|(1.00,.02)|6722.826437721075|24.586499776486363|6722|0|0|(6733.83,.00)|(6822.17,.00)|(6741.86,.00)|-0.76|1.00|0.00|(6743.83,.00)|(1.00,.00)|6742.826437721075|24.586499776486363|0|null|2.8370460514893847|0|null|false|0|false
177.45|(6725.79,1.21)|(1.00,.01)|6724.794912336202|24.586499776486363|6724|0|0|(6735.79,.00)|(6824.14,.00)|(6743.83,.00)|-0.76|1.00|0.00|(6745.79,.00)|(1.00,.00)|6744.794912336202|24.586499776486363|0|null|2.830181798380578|0|null|false|0|false
177.50|(6727.76,1.17)|(1.00,.01)|6726.7634962571765|24.586499776486363|6726|0|0|(6737.76,.00)|(6826.11,.00)|(6745.79,.00)|-0.66|1.00|0.00|(6747.76,.00)|(1.00,.00)|6746.7634962571765|24.586499776486363|0|null|2.8204718240395086|0|null|false|0|false
177.55|(6729.73,1.12)|(1.00,-.00)|6728.731790243738|24.586499776486363|6728|0|0|(6739.73,.00)|(6828.08,.00)|(6747.76,.00)|-0.66|1.00|0.00|(6749.73,.00)|(1.00,.00)|6748.731790243738|24.586499776486363|0|null|2.8066967703335086|0|null|false|0|false
177.60|(6731.70,1.06)|(1.00,-.01)|6730.699676117859|24.586499776486363|6730|0|0|(6741.70,.00)|(6830.05,.00)|(6749.73,.00)|-0.66|1.00|0.00|(6751.70,.00)|(1.00,.00)|6750.699676117859|24.586499776486363|0|null|2.7888397668899234|0|null|false|0|false
177.65|(6733.67,.98)|(1.00,-.02)|6732.667035137447|24.586499776486363|6732|0|0|(6743.67,.00)|(6832.01,.00)|(6751.70,.00)|-0.66|1.00|0.00|(6753.67,.00)|(1.00,.00)|6752.667035137447|24.586499776486363|0|null|2.766886823793364|0|null|false|0|false
177.70|(6735.63,.90)|(1.00,-.02)|6734.634643330607|24.586499776486363|6734|0|0|(6745.63,.00)|(6833.98,.00)|(6753.67,.00)|-0.43|1.00|0.00|(6755.63,.00)|(1.00,.00)|6754.634643330607|24.586499776486363|0|null|2.744698047625446|0|null|false|0|false
177.75|(6737.60,.80)|(1.00,-.03)|6736.601822322906|24.586499776486363|6736|0|0|(6747.60,.00)|(6835.95,.00)|(6755.63,.00)|-0.43|1.00|0.00|(6757.60,.00)|(1.00,.00)|6756.601822322906|24.586499776486363|0|null|2.719722905459639|0|null|false|0|false
177.80|(6739.57,.70)|(1.00,-.03)|6738.568518421942|24.586499776486363|6738|0|0|(6749.57,.00)|(6837.91,.00)|(6757.60,.00)|-0.43|1.00|0.00|(6759.57,.00)|(1.00,.00)|6758.568518421942|24.586499776486363|0|null|2.691967356386467|0|null|false|0|false
177.85|(6741.53,.59)|(1.00,-.04)|6740.5346787785|24.586499776486363|6740|0|0|(6751.53,.00)|(6839.88,.00)|(6759.57,.00)|-0.43|1.00|0.00|(6761.53,.00)|(1.00,.00)|6760.5346787785|24.586499776486363|0|null|2.66143869883649|0|null|false|0|false
177.90|(6743.50,.49)|(1.00,-.04)|6742.501304072094|24.586499776486363|6742|0|0|(6753.50,.00)|(6841.85,.00)|(6761.53,.00)|-0.15|1.00|0.00|(6763.50,.00)|(1.00,.00)|6762.501304072094|24.586499776486363|0|null|2.6330889043037766|0|null|false|0|false
177.95|(6745.47,.38)|(1.00,-.04)|6744.4677451088955|24.586499776486363|6744|0|0|(6755.47,.00)|(6843.81,.00)|(6763.50,.00)|-0.15|1.00|0.00|(6765.47,.00)|(1.00,.00)|6764.4677451088955|24.586499776486363|0|null|2.603680870524417|0|null|false|0|false
178.00|(6747.43,.27)|(1.00,-.05)|6746.433997256146|24.586499776486363|6746|0|0|(6757.43,.00)|(6845.78,.00)|(6765.47,.00)|-0.15|1.00|0.00|(6767.43,.00)|(1.00,.00)|6766.433997256146|24.586499776486363|0|null|2.57324092653003|0|null|false|0|false
178.05|(6749.40,.17)|(1.00,-.05)|6748.40057582675|24.586499776486363|6748|0|0|(6759.40,.00)|(6847.75,.00)|(6767.43,.00)|0.05|1.00|0.00|(6769.40,.00)|(1.00,.00)|6768.40057582675|24.586499776486363|0|null|2.5451330775776038|0|null|false|0|false
178.10|(6751.37,.06)|(1.00,-.05)|6750.3672192104295|24.586499776486363|6750|0|0|(6761.37,.00)|(6849.71,.00)|(6769.40,.00)|0.05|1.00|0.00|(6771.37,.00)|(1.00,.00)|6770.3672192104295|24.586499776486363|0|null|2.5171897771149356|0|null|false|0|false
178.15|(6753.33,-.04)|(1.00,-.05)|6752.333930510059|24.586499776486363|6752|0|0|(6763.33,.00)|(6851.68,.00)|(6771.37,.00)|0.05|1.00|0.00|(6773.33,.00)|(1.00,.00)|6772.333930510059|24.586499776486363|0|null|2.4894464731550467|0|null|false|0|false
178.20|(6755.30,-.13)|(1.00,-.05)|6754.30098097718|24.586499776486363|6754|0|0|(6765.30,.00)|(6853.65,.00)|(6773.33,.00)|0.20|1.00|0.00|(6775.30,.00)|(1.00,.00)|6774.30098097718|24.586499776486363|0|null|2.4646317212542797|0|null|false|0|false
178.25|(6757.27,-.22)|(1.00,-.05)|6756.268268304658|24.586499776486363|6756|0|0|(6767.27,.00)|(6855.61,.00)|(6775.30,.00)|0.20|1.00|0.00|(6777.27,.00)|(1.00,.00)|6776.268268304658|24.586499776486363|0|null|2.4410074015593524|0|null|false|0|false
178.30|(6759.24,-.30)|(1.00,-.05)|6758.23578467784|24.586499776486363|6758|0|0|(6769.24,.00)|(6857.58,.00)|(6777.27,.00)|0.20|1.00|0.00|(6779.24,.00)|(1.00,.00)|6778.23578467784|24.586499776486363|0|null|2.418612574973966|0|null|false|0|false
178.35|(6761.20,-.38)|(1.00,-.05)|6760.203521295789|24.586499776486363|6760|0|0|(6771.20,.00)|(6859.55,.00)|(6779.24,.00)|0.20|1.00|0.00|(6781.20,.00)|(1.00,.00)|6780.203521295789|24.586499776486363|0|null|2.3974835506709615|0|null|false|0|false
178.40|(6763.17,-.44)|(1.00,-.04)|6762.171541188227|24.586499776486363|6762|0|0|(6773.17,.00)|(6861.52,.00)|(6781.20,.00)|0.35|1.00|0.00|(6783.17,.00)|(1.00,.00)|6782.171541188227|24.586499776486363|0|null|2.380174249177161|0|null|false|0|false
178.45|(6765.14,-.49)|(1.00,-.04)|6764.139845850584|24.586499776486363|6764|0|0|(6775.14,.00)|(6863.49,.00)|(6783.17,.00)|0.35|1.00|0.00|(6785.14,.00)|(1.00,.00)|6784.139845850584|24.586499776486363|0|null|2.3650600777650497|0|null|false|0|false
178.50|(6767.11,-.54)|(1.00,-.04)|6766.108401472957|24.586499776486363|6766|0|0|(6777.11,.00)|(6865.45,.00)|(6785.14,.00)|0.35|1.00|0.00|(6787.11,.00)|(1.00,.00)|6786.108401472957|24.586499776486363|0|null|2.35217708161748|0|null|false|0|false
178.55|(6769.08,-.58)|(1.00,-.03)|6768.077172751186|24.586499776486363|6768|0|0|(6779.08,.00)|(6867.42,.00)|(6787.11,.00)|0.35|1.00|0.00|(6789.08,.00)|(1.00,.00)|6788.077172751186|24.586499776486363|0|null|2.341557433441167|0|null|false|0|false
178.60|(6771.05,-.61)|(1.00,-.03)|6770.046084320769|24.586499776486363|6770|0|0|(6781.05,.00)|(6869.39,.00)|(6789.08,.00)|0.40|1.00|0.00|(6791.05,.00)|(1.00,.00)|6790.046084320769|24.586499776486363|0|null|2.3340564458895785|0|null|false|0|false
178.65|(6773.02,-.63)|(1.00,-.02)|6772.015138756738|24.586499776486363|6772|0|0|(6783.02,.00)|(6871.36,.00)|(6791.05,.00)|0.40|1.00|0.00|(6793.02,.00)|(1.00,.00)|6792.015138756738|24.586499776486363|0|null|2.329155443239669|0|null|false|0|false
178.70|(6774.98,-.63)|(1.00,-.02)|6773.98428735737|24.586499776486363|6773|0|0|(6784.98,.00)|(6873.33,.00)|(6793.02,.00)|0.40|1.00|0.00|(6794.98,.00)|(1.00,.00)|6793.98428735737|24.586499776486363|0|null|2.3268775451579913|0|null|false|0|false
178.75|(6776.95,-.63)|(1.00,-.01)|6775.953511627201|24.586499776486363|6775|0|0|(6786.95,.00)|(6875.30,.00)|(6794.98,.00)|0.38|1.00|0.00|(6796.95,.00)|(1.00,.00)|6795.953511627201|24.586499776486363|0|null|2.3269017618419294|0|null|false|0|false
178.80|(6778.92,-.62)|(1.00,-.01)|6777.922736818694|24.586499776486363|6777|0|0|(6788.92,.00)|(6877.27,.00)|(6796.95,.00)|0.38|1.00|0.00|(6798.92,.00)|(1.00,.00)|6797.922736818694|24.586499776486363|0|null|2.3294659794857484|0|null|false|0|false
178.85|(6780.89,-.61)|(1.00,-.01)|6779.891916653388|24.586499776486363|6779|0|0|(6790.89,.00)|(6879.24,.00)|(6798.92,.00)|0.38|1.00|0.00|(6800.89,.00)|(1.00,.00)|6799.891916653388|24.586499776486363|0|null|2.3345797338822964|0|null|false|0|false
178.90|(6782.86,-.58)|(1.00,-.00)|6781.8610047842085|24.586499776486363|6781|0|0|(6792.86,.00)|(6881.21,.00)|(6800.89,.00)|0.38|1.00|0.00|(6802.86,.00)|(1.00,.00)|6801.8610047842085|24.586499776486363|0|null|2.3422486591703118|0|null|false|0|false
178.95|(6784.83,-.54)|(1.00,.00)|6783.829955028511|24.586499776486363|6783|0|0|(6794.83,.00)|(6883.18,.00)|(6802.86,.00)|0.38|1.00|0.00|(6804.83,.00)|(1.00,.00)|6803.829955028511|24.586499776486363|0|null|2.3524745958275703|0|null|false|0|false
179.00|(6786.80,-.49)|(1.00,.01)|6785.798721591967|24.586499776486363|6785|0|0|(6796.80,.00)|(6885.14,.00)|(6804.83,.00)|0.38|1.00|0.00|(6806.80,.00)|(1.00,.00)|6805.798721591967|24.586499776486363|0|null|2.365255729892814|0|null|false|0|false
179.05|(6788.77,-.44)|(1.00,.01)|6787.767259279197|24.586499776486363|6787|0|0|(6798.77,.00)|(6887.11,.00)|(6806.80,.00)|0.38|1.00|0.00|(6808.77,.00)|(1.00,.00)|6807.767259279197|24.586499776486363|0|null|2.380586764803422|0|null|false|0|false
179.10|(6790.74,-.37)|(1.00,.02)|6789.735523687057|24.586499776486363|6789|0|0|(6800.74,.00)|(6889.08,.00)|(6808.77,.00)|0.38|1.00|0.00|(6810.74,.00)|(1.00,.00)|6809.735523687057|24.586499776486363|0|null|2.3984591262858745|0|null|false|0|false
179.15|(6792.70,-.30)|(1.00,.02)|6791.703471376643|24.586499776486363|6791|0|0|(6802.70,.00)|(6891.05,.00)|(6810.74,.00)|0.38|1.00|0.00|(6812.70,.00)|(1.00,.00)|6811.703471376643|24.586499776486363|0|null|2.4188611997773184|0|null|false|0|false
179.20|(6794.67,-.21)|(1.00,.03)|6793.671060020432|24.586499776486363|6793|0|0|(6804.67,.00)|(6893.02,.00)|(6812.70,.00)|0.38|1.00|0.00|(6814.67,.00)|(1.00,.00)|6813.671060020432|24.586499776486363|0|null|2.4417785989124035|0|null|false|0|false
179.25|(6796.64,-.12)|(1.00,.03)|6795.638248521439|24.586499776486363|6795|0|0|(6806.64,.00)|(6894.98,.00)|(6814.67,.00)|0.38|1.00|0.00|(6816.64,.00)|(1.00,.00)|6815.638248521439|24.586499776486363|0|null|2.467194462702685|0|null|false|0|false
179.30|(6798.60,-.02)|(1.00,.04)|6797.604997101895|24.586499776486363|6797|0|0|(6808.60,.00)|(6896.95,.00)|(6816.64,.00)|0.38|1.00|0.00|(6818.60,.00)|(1.00,.00)|6817.604997101895|24.586499776486363|0|null|2.4950897781878094|0|null|false|0|false
179.35|(6800.57,.09)|(1.00,.04)|6799.571267359656|24.586499776486363|6799|0|0|(6810.57,.00)|(6898.92,.00)|(6818.60,.00)|0.38|1.00|0.00|(6820.57,.00)|(1.00,.00)|6819.571267359656|24.586499776486363|0|null|2.525443724568155|0|null|false|0|false
179.40|(6802.54,.21)|(1.00,.05)|6801.537022291364|24.586499776486363|6801|0|0|(6812.54,.00)|(6900.88,.00)|(6820.57,.00)|0.38|1.00|0.00|(6822.54,.00)|(1.00,.00)|6821.537022291364|24.586499776486363|0|null|2.558234034155349|0|null|false|0|false
179.45|(6804.50,.34)|(1.00,.05)|6803.502226282202|24.586499776486363|6803|0|0|(6814.50,.00)|(6902.85,.00)|(6822.54,.00)|0.38|1.00|0.00|(6824.50,.00)|(1.00,.00)|6823.502226282202|24.586499776486363|0|null|2.5934373649153257|0|null|false|0|false
179.50|(6806.47,.48)|(1.00,.06)|6805.466845062966|24.586499776486363|6805|0|0|(6816.47,.00)|(6904.81,.00)|(6824.50,.00)|0.38|1.00|0.00|(6826.47,.00)|(1.00,.00)|6825.466845062966|24.586499776486363|0|null|2.631029678940846|0|null|false|0|false
179.55|(6808.43,.63)|(1.00,.06)|6807.430845636011|24.586499776486363|6807|0|0|(6818.43,.00)|(6906.78,.00)|(6826.47,.00)|0.38|1.00|0.00|(6828.43,.00)|(1.00,.00)|6827.430845636011|24.586499776486363|0|null|2.6709866208862256|0|null|false|0|false
179.60|(6810.39,.78)|(1.00,.07)|6809.3941961724295|24.586499776486363|6809|0|0|(6820.39,.00)|(6908.74,.00)|(6828.43,.00)|0.38|1.00|0.00|(6830.39,.00)|(1.00,.00)|6829.3941961724295|24.586499776486363|0|null|2.713283890232792|0|null|false|0|false
179.65|(6812.36,.90)|(1.00,.06)|6811.359525619171|24.586499776486363|6811|0|0|(6822.36,.00)|(6910.71,.00)|(6830.39,.00)|-0.33|1.00|0.00|(6832.36,.00)|(1.00,.00)|6831.359525619171|24.586499776486363|0|null|2.7457327656966246|0|null|false|0|false
179.70|(6814.33,1.01)|(1.00,.06)|6813.3253089133|24.586499776486363|6813|0|0|(6824.33,.00)|(6912.67,.00)|(6832.36,.00)|-0.33|1.00|0.00|(6834.33,.00)|(1.00,.00)|6833.3253089133|24.586499776486363|0|null|2.776301821309472|0|null|false|0|false
179.75|(6816.29,1.12)|(1.00,.06)|6815.291529454878|24.586499776486363|6815|0|0|(6826.29,.00)|(6914.64,.00)|(6834.33,.00)|-0.33|1.00|0.00|(6836.29,.00)|(1.00,.00)|6835.291529454878|24.586499776486363|0|null|2.8049304151857832|0|null|false|0|false
179.80|(6818.26,1.21)|(1.00,.06)|6817.258167681975|24.586499776486363|6817|0|0|(6828.26,.00)|(6916.60,.00)|(6836.29,.00)|-0.33|1.00|0.00|(6838.26,.00)|(1.00,.00)|6837.258167681975|24.586499776486363|0|null|2.831563455412768|0|null|false|0|false
179.85|(6820.23,1.28)|(1.00,.05)|6819.225126693349|24.586499776486363|6819|0|0|(6830.23,.00)|(6918.57,.00)|(6838.26,.00)|-0.77|1.00|0.00|(6840.23,.00)|(1.00,.00)|6839.225126693349|24.586499776486363|0|null|2.848548271481447|0|null|false|0|false
179.90|(6822.19,1.32)|(1.00,.04)|6821.192654394704|24.586499776486363|6821|0|0|(6832.19,.00)|(6920.54,.00)|(6840.23,.00)|-0.77|1.00|0.00|(6842.19,.00)|(1.00,.00)|6841.192654394704|24.586499776486363|0|null|2.860835270562048|0|null|false|0|false
179.95|(6824.16,1.35)|(1.00,.04)|6823.160595803377|24.586499776486363|6823|0|0|(6834.16,.00)|(6922.51,.00)|(6842.19,.00)|-0.77|1.00|0.00|(6844.16,.00)|(1.00,.00)|6843.160595803377|24.586499776486363|0|null|2.8683603011545946|0|null|false|0|false
180.00|(6826.13,1.36)|(1.00,.03)|6825.1287439445605|24.586499776486363|6825|0|0|(6836.13,.00)|(6924.47,.00)|(6844.16,.00)|-0.79|1.00|0.00|(6846.13,.00)|(1.00,.00)|6845.1287439445605|24.586499776486363|0|null|2.8707828279163516|0|null|false|0|false
180.05|(6828.10,1.35)|(1.00,.02)|6827.096971341477|24.586499776486363|6827|0|0|(6838.10,.00)|(6926.44,.00)|(6846.13,.00)|-0.79|1.00|0.00|(6848.10,.00)|(1.00,.00)|6847.096971341477|24.586499776486363|0|null|2.868241628364256|0|null|false|0|false
180.10|(6830.07,1.32)|(1.00,.01)|6829.065101790091|24.586499776486363|6829|0|0|(6840.07,.00)|(6928.41,.00)|(6848.10,.00)|-0.79|1.00|0.00|(6850.07,.00)|(1.00,.00)|6849.065101790091|24.586499776486363|0|null|2.8606951884251135|0|null|false|0|false
180.15|(6832.03,1.27)|(1.00,.00)|6831.032955917246|24.586499776486363|6831|0|0|(6842.03,.00)|(6930.38,.00)|(6850.07,.00)|-0.79|1.00|0.00|(6852.03,.00)|(1.00,.00)|6851.032955917246|24.586499776486363|0|null|2.8481091999307226|0|null|false|0|false
180.20|(6834.00,1.22)|(1.00,-.00)|6833.001057361215|24.586499776486363|6833|0|0|(6844.00,.00)|(6932.35,.00)|(6852.03,.00)|-0.62|1.00|0.00|(6854.00,.00)|(1.00,.00)|6853.001057361215|24.586499776486363|0|null|2.833287848238465|0|null|false|0|false
180.25|(6835.97,1.15)|(1.00,-.01)|6834.968726179508|24.586499776486363|6834|0|0|(6845.97,.00)|(6934.31,.00)|(6854.00,.00)|-0.62|1.00|0.00|(6855.97,.00)|(1.00,.00)|6854.968726179508|24.586499776486363|0|null|2.8143506578641193|0|null|false|0|false
180.30|(6837.94,1.07)|(1.00,-.02)|6836.935842406789|24.586499776486363|6836|0|0|(6847.94,.00)|(6936.28,.00)|(6855.97,.00)|-0.62|1.00|0.00|(6857.94,.00)|(1.00,.00)|6856.935842406789|24.586499776486363|0|null|2.7912904158421243|0|null|false|0|false
180.35|(6839.90,.98)|(1.00,-.02)|6838.903085329928|24.586499776486363|6838|0|0|(6849.90,.00)|(6938.25,.00)|(6857.94,.00)|-0.44|1.00|0.00|(6859.90,.00)|(1.00,.00)|6858.903085329928|24.586499776486363|0|null|2.767165091114819|0|null|false|0|false
180.40|(6841.87,.88)|(1.00,-.03)|6840.86981198641|24.586499776486363|6840|0|0|(6851.87,.00)|(6940.22,.00)|(6859.90,.00)|-0.44|1.00|0.00|(6861.87,.00)|(1.00,.00)|6860.86981198641|24.586499776486363|0|null|2.7399651938580964|0|null|false|0|false
180.45|(6843.84,.77)|(1.00,-.04)|6842.835958451512|24.586499776486363|6842|0|0|(6853.84,.00)|(6942.18,.00)|(6861.87,.00)|-0.44|1.00|0.00|(6863.84,.00)|(1.00,.00)|6862.835958451512|24.586499776486363|0|null|2.709703294542378|0|null|false|0|false
180.50|(6845.80,.65)|(1.00,-.04)|6844.801462094547|24.586499776486363|6844|0|0|(6855.80,.00)|(6944.15,.00)|(6863.84,.00)|-0.44|1.00|0.00|(6865.80,.00)|(1.00,.00)|6864.801462094547|24.586499776486363|0|null|2.6763934837741914|0|null|false|0|false
180.55|(6847.77,.53)|(1.00,-.05)|6846.767222944651|24.586499776486363|6846|0|0|(6857.77,.00)|(6946.11,.00)|(6865.80,.00)|-0.23|1.00|0.00|(6867.77,.00)|(1.00,.00)|6866.767222944651|24.586499776486363|0|null|2.643672710529341|0|null|false|0|false
180.60|(6849.73,.40)|(1.00,-.05)|6848.732592530104|24.586499776486363|6848|0|0|(6859.73,.00)|(6948.08,.00)|(6867.77,.00)|-0.23|1.00|0.00|(6869.73,.00)|(1.00,.00)|6868.732592530104|24.586499776486363|0|null|2.6091781831396963|0|null|false|0|false
180.65|(6851.70,.27)|(1.00,-.05)|6850.697554507408|24.586499776486363|6850|0|0|(6861.70,.00)|(6950.04,.00)|(6869.73,.00)|-0.23|1.00|0.00|(6871.70,.00)|(1.00,.00)|6870.697554507408|24.586499776486363|0|null|2.572936946049726|0|null|false|0|false
180.70|(6853.66,.13)|(1.00,-.06)|6852.662093343578|24.586499776486363|6852|0|0|(6863.66,.00)|(6952.01,.00)|(6871.70,.00)|-0.23|1.00|0.00|(6873.66,.00)|(1.00,.00)|6872.662093343578|24.586499776486363|0|null|2.5349747355413963|0|null|false|0|false
180.75|(6855.63,.01)|(1.00,-.06)|6854.627580720017|24.586499776486363|6854|0|0|(6865.63,.00)|(6953.97,.00)|(6873.66,.00)|0.15|1.00|0.00|(6875.63,.00)|(1.00,.00)|6874.627580720017|24.586499776486363|0|null|2.5019282825370595|0|null|false|0|false
180.80|(6857.59,-.11)|(1.00,-.06)|6856.593236334878|24.586499776486363|6856|0|0|(6867.59,.00)|(6955.94,.00)|(6875.63,.00)|0.15|1.00|0.00|(6877.59,.00)|(1.00,.00)|6876.593236334878|24.586499776486363|0|null|2.4694758421334946|0|null|false|0|false
180.85|(6859.56,-.23)|(1.00,-.06)|6858.559063567735|24.586499776486363|6858|0|0|(6869.56,.00)|(6957.91,.00)|(6877.59,.00)|0.15|1.00|0.00|(6879.56,.00)|(1.00,.00)|6878.559063567735|24.586499776486363|0|null|2.4376586410196106|0|null|false|0|false
180.90|(6861.53,-.33)|(1.00,-.06)|6860.525421593921|24.586499776486363|6860|0|0|(6871.53,.00)|(6959.87,.00)|(6879.56,.00)|0.34|1.00|0.00|(6881.53,.00)|(1.00,.00)|6880.525421593921|24.586499776486363|0|null|2.4098167947465443|0|null|false|0|false
180.95|(6863.49,-.43)|(1.00,-.06)|6862.492165223591|24.586499776486363|6862|0|0|(6873.49,.00)|(6961.84,.00)|(6881.53,.00)|0.34|1.00|0.00|(6883.49,.00)|(1.00,.00)|6882.492165223591|24.586499776486363|0|null|2.383812608246025|0|null|false|0|false
181.00|(6865.46,-.51)|(1.00,-.05)|6864.4592737181365|24.586499776486363|6864|0|0|(6875.46,.00)|(6963.81,.00)|(6883.49,.00)|0.34|1.00|0.00|(6885.46,.00)|(1.00,.00)|6884.4592737181365|24.586499776486363|0|null|2.359685000718538|0|null|false|0|false
181.05|(6867.43,-.59)|(1.00,-.05)|6866.426724377164|24.586499776486363|6866|0|0|(6877.43,.00)|(6965.77,.00)|(6885.46,.00)|0.34|1.00|0.00|(6887.43,.00)|(1.00,.00)|6886.426724377164|24.586499776486363|0|null|2.337467468507076|0|null|false|0|false
181.10|(6869.39,-.66)|(1.00,-.05)|6868.394534578309|24.586499776486363|6868|0|0|(6879.39,.00)|(6967.74,.00)|(6887.43,.00)|0.46|1.00|0.00|(6889.39,.00)|(1.00,.00)|6888.394534578309|24.586499776486363|0|null|2.3192528880641685|0|null|false|0|false
181.15|(6871.36,-.72)|(1.00,-.04)|6870.362700257215|24.586499776486363|6870|0|0|(6881.36,.00)|(6969.71,.00)|(6889.39,.00)|0.46|1.00|0.00|(6891.36,.00)|(1.00,.00)|6890.362700257215|24.586499776486363|0|null|2.303708564228029|0|null|false|0|false
181.20|(6873.33,-.77)|(1.00,-.04)|6872.331170979649|24.586499776486363|6872|0|0|(6883.33,.00)|(6971.68,.00)|(6891.36,.00)|0.46|1.00|0.00|(6893.33,.00)|(1.00,.00)|6892.331170979649|24.586499776486363|0|null|2.290859873688391|0|null|false|0|false
181.25|(6875.30,-.80)|(1.00,-.03)|6874.299894872698|24.586499776486363|6874|0|0|(6885.30,.00)|(6973.65,.00)|(6893.33,.00)|0.46|1.00|0.00|(6895.30,.00)|(1.00,.00)|6894.299894872698|24.586499776486363|0|null|2.2807270276933904|0|null|false|0|false
181.30|(6877.27,-.83)|(1.00,-.03)|6876.268752864895|24.586499776486363|6876|0|0|(6887.27,.00)|(6975.61,.00)|(6895.30,.00)|0.52|1.00|0.00|(6897.27,.00)|(1.00,.00)|6896.268752864895|24.586499776486363|0|null|2.2743717978309363|0|null|false|0|false
181.35|(6879.24,-.84)|(1.00,-.02)|6878.237752957259|24.586499776486363|6878|0|0|(6889.24,.00)|(6977.58,.00)|(6897.27,.00)|0.52|1.00|0.00|(6899.24,.00)|(1.00,.00)|6898.237752957259|24.586499776486363|0|null|2.271118181189787|0|null|false|0|false
181.40|(6881.21,-.84)|(1.00,-.02)|6880.206826157986|24.586499776486363|6880|0|0|(6891.21,.00)|(6979.55,.00)|(6899.24,.00)|0.52|1.00|0.00|(6901.21,.00)|(1.00,.00)|6900.206826157986|24.586499776486363|0|null|2.270976654791154|0|null|false|0|false
181.45|(6883.18,-.83)|(1.00,-.01)|6882.175982348248|24.586499776486363|6882|0|0|(6893.18,.00)|(6981.52,.00)|(6901.21,.00)|0.48|1.00|0.00|(6903.18,.00)|(1.00,.00)|6902.175982348248|24.586499776486363|0|null|2.27326080357853|0|null|false|0|false
181.50|(6885.15,-.81)|(1.00,-.01)|6884.145092653598|24.586499776486363|6884|0|0|(6895.15,.00)|(6983.49,.00)|(6903.18,.00)|0.48|1.00|0.00|(6905.15,.00)|(1.00,.00)|6904.145092653598|24.586499776486363|0|null|2.2784288564835284|0|null|false|0|false
181.55|(6887.11,-.78)|(1.00,-.00)|6886.114098021871|24.586499776486363|6886|0|0|(6897.11,.00)|(6985.46,.00)|(6905.15,.00)|0.48|1.00|0.00|(6907.11,.00)|(1.00,.00)|6906.114098021871|24.586499776486363|0|null|2.286478982143298|0|null|false|0|false
181.60|(6889.08,-.74)|(1.00,.00)|6888.082939857853|24.586499776486363|6888|0|0|(6899.08,.00)|(6987.43,.00)|(6907.11,.00)|0.48|1.00|0.00|(6909.08,.00)|(1.00,.00)|6908.082939857853|24.586499776486363|0|null|2.2974072369501037|0|null|false|0|false
181.65|(6891.05,-.70)|(1.00,.01)|6890.051789438807|24.586499776486363|6890|0|0|(6901.05,.00)|(6989.40,.00)|(6909.08,.00)|0.39|1.00|0.00|(6911.05,.00)|(1.00,.00)|6910.051789438807|24.586499776486363|0|null|2.3097142723798028|0|null|false|0|false
181.70|(6893.02,-.64)|(1.00,.01)|6892.020437035886|24.586499776486363|6892|0|0|(6903.02,.00)|(6991.37,.00)|(6911.05,.00)|0.39|1.00|0.00|(6913.02,.00)|(1.00,.00)|6912.020437035886|24.586499776486363|0|null|2.3243741475785393|0|null|false|0|false
181.75|(6894.99,-.58)|(1.00,.02)|6893.988844855664|24.586499776486363|6893|0|0|(6904.99,.00)|(6993.33,.00)|(6913.02,.00)|0.39|1.00|0.00|(6914.99,.00)|(1.00,.00)|6913.988844855664|24.586499776486363|0|null|2.3413748644607963|0|null|false|0|false
181.80|(6896.96,-.52)|(1.00,.02)|6895.957418663714|24.586499776486363|6895|0|0|(6906.96,.00)|(6995.30,.00)|(6914.99,.00)|0.22|1.00|0.00|(6916.96,.00)|(1.00,.00)|6915.957418663714|24.586499776486363|0|null|2.357731827510503|0|null|false|0|false
181.85|(6898.93,-.46)|(1.00,.02)|6897.925850766008|24.586499776486363|6897|0|0|(6908.93,.00)|(6997.27,.00)|(6916.96,.00)|0.22|1.00|0.00|(6918.93,.00)|(1.00,.00)|6917.925850766008|24.586499776486363|0|null|2.375386095716166|0|null|false|0|false
181.90|(6900.89,-.39)|(1.00,.03)|6899.894131264243|24.586499776486363|6899|0|0|(6910.89,.00)|(6999.24,.00)|(6918.93,.00)|0.22|1.00|0.00|(6920.89,.00)|(1.00,.00)|6919.894131264243|24.586499776486363|0|null|2.3943184613305273|0|null|false|0|false
181.95|(6902.86,-.31)|(1.00,.03)|6901.862250565307|24.586499776486363|6901|0|0|(6912.86,.00)|(7001.21,.00)|(6920.89,.00)|0.22|1.00|0.00|(6922.86,.00)|(1.00,.00)|6921.862250565307|24.586499776486363|0|null|2.4145120863081773|0|null|false|0|false
182.00|(6904.83,-.25)|(1.00,.03)|6903.830575882155|24.586499776486363|6903|0|0|(6914.83,.00)|(7003.18,.00)|(6922.86,.00)|0.04|1.00|0.00|(6924.83,.00)|(1.00,.00)|6923.830575882155|24.586499776486363|0|null|2.4328076864564108|0|null|false|0|false
182.05|(6906.80,-.18)|(1.00,.03)|6905.798893993767|24.586499776486363|6905|0|0|(6916.80,.00)|(7005.14,.00)|(6924.83,.00)|0.04|1.00|0.00|(6926.80,.00)|(1.00,.00)|6925.798893993767|24.586499776486363|0|null|2.45125897719242|0|null|false|0|false
182.10|(6908.77,-.11)|(1.00,.03)|6907.767206133069|24.586499776486363|6907|0|0|(6918.77,.00)|(7007.11,.00)|(6926.80,.00)|0.04|1.00|0.00|(6928.77,.00)|(1.00,.00)|6927.767206133069|24.586499776486363|0|null|2.469847278882179|0|null|false|0|false
182.15|(6910.74,-.05)|(1.00,.03)|6909.735655706843|24.586499776486363|6909|0|0|(6920.74,.00)|(7009.08,.00)|(6928.77,.00)|-0.07|1.00|0.00|(6930.74,.00)|(1.00,.00)|6929.735655706843|24.586499776486363|0|null|2.486703962336487|0|null|false|0|false
182.20|(6912.70,.01)|(1.00,.03)|6911.70418120677|24.586499776486363|6911|0|0|(6922.70,.00)|(7011.05,.00)|(6930.74,.00)|-0.07|1.00|0.00|(6932.70,.00)|(1.00,.00)|6931.70418120677|24.586499776486363|0|null|2.5030356275295693|0|null|false|0|false
182.25|(6914.67,.07)|(1.00,.03)|6913.672780920526|24.586499776486363|6913|0|0|(6924.67,.00)|(7013.02,.00)|(6932.70,.00)|-0.07|1.00|0.00|(6934.67,.00)|(1.00,.00)|6933.672780920526|24.586499776486363|0|null|2.5188292697079095|0|null|false|0|false
182.30|(6916.64,.12)|(1.00,.03)|6915.641452625906|24.586499776486363|6915|0|0|(6926.64,.00)|(7014.99,.00)|(6934.67,.00)|-0.07|1.00|0.00|(6936.64,.00)|(1.00,.00)|6935.641452625906|24.586499776486363|0|null|2.5340761431443983|0|null|false|0|false
182.35|(6918.61,.17)|(1.00,.03)|6917.6102573638655|24.586499776486363|6917|0|0|(6928.61,.00)|(7016.96,.00)|(6936.64,.00)|-0.17|1.00|0.00|(6938.61,.00)|(1.00,.00)|6937.6102573638655|24.586499776486363|0|null|2.546956361539332|0|null|false|0|false
182.40|(6920.58,.21)|(1.00,.03)|6919.579180800733|24.586499776486363|6919|0|0|(6930.58,.00)|(7018.93,.00)|(6938.61,.00)|-0.17|1.00|0.00|(6940.58,.00)|(1.00,.00)|6939.579180800733|24.586499776486363|0|null|2.5586608587902453|0|null|false|0|false
182.45|(6922.55,.25)|(1.00,.03)|6921.548212150583|24.586499776486363|6921|0|0|(6932.55,.00)|(7020.89,.00)|(6940.58,.00)|-0.17|1.00|0.00|(6942.55,.00)|(1.00,.00)|6941.548212150583|24.586499776486363|0|null|2.569186223465324|0|null|false|0|false
182.50|(6924.52,.28)|(1.00,.02)|6923.517337411832|24.586499776486363|6923|0|0|(6934.52,.00)|(7022.86,.00)|(6942.55,.00)|-0.22|1.00|0.00|(6944.52,.00)|(1.00,.00)|6943.517337411832|24.586499776486363|0|null|2.577785974676005|0|null|false|0|false
182.55|(6926.49,.31)|(1.00,.02)|6925.486558696696|24.586499776486363|6925|0|0|(6936.49,.00)|(7024.83,.00)|(6944.52,.00)|-0.22|1.00|0.00|(6946.49,.00)|(1.00,.00)|6945.486558696696|24.586499776486363|0|null|2.584954054044179|0|null|false|0|false
182.60|(6928.46,.33)|(1.00,.02)|6927.455860207988|24.586499776486363|6927|0|0|(6938.46,.00)|(7026.80,.00)|(6946.49,.00)|-0.22|1.00|0.00|(6948.46,.00)|(1.00,.00)|6947.455860207988|24.586499776486363|0|null|2.590694529924942|0|null|false|0|false
182.65|(6930.43,.35)|(1.00,.02)|6929.425217711218|24.586499776486363|6929|0|0|(6940.43,.00)|(7028.77,.00)|(6948.46,.00)|-0.23|1.00|0.00|(6950.43,.00)|(1.00,.00)|6949.425217711218|24.586499776486363|0|null|2.5947488034738453|0|null|false|0|false
182.70|(6932.39,.36)|(1.00,.01)|6931.394624510341|24.586499776486363|6931|0|0|(6942.39,.00)|(7030.74,.00)|(6950.43,.00)|-0.23|1.00|0.00|(6952.39,.00)|(1.00,.00)|6951.394624510341|24.586499776486363|0|null|2.597300072736288|0|null|false|0|false
182.75|(6934.36,.36)|(1.00,.01)|6933.364063629867|24.586499776486363|6933|0|0|(6944.36,.00)|(7032.71,.00)|(6952.39,.00)|-0.23|1.00|0.00|(6954.36,.00)|(1.00,.00)|6953.364063629867|24.586499776486363|0|null|2.5983582181595923|0|null|false|0|false
182.80|(6936.33,.36)|(1.00,.01)|6935.333518492409|24.586499776486363|6935|0|0|(6946.33,.00)|(7034.68,.00)|(6954.36,.00)|-0.23|1.00|0.00|(6956.33,.00)|(1.00,.00)|6955.333518492409|24.586499776486363|0|null|2.5979345088232013|0|null|false|0|false
182.85|(6938.30,.35)|(1.00,.01)|6937.302972969892|24.586499776486363|6937|0|0|(6948.30,.00)|(7036.65,.00)|(6956.33,.00)|-0.23|1.00|0.00|(6958.30,.00)|(1.00,.00)|6957.302972969892|24.586499776486363|0|null|2.5960411522317|0|null|false|0|false
182.90|(6940.27,.34)|(1.00,.00)|6939.272437078835|24.586499776486363|6939|0|0|(6950.27,.00)|(7038.62,.00)|(6958.30,.00)|-0.21|1.00|0.00|(6960.27,.00)|(1.00,.00)|6959.272437078835|24.586499776486363|0|null|2.593089397008625|0|null|false|0|false
182.95|(6942.24,.33)|(1.00,.00)|6941.241876832837|24.586499776486363|6941|0|0|(6952.24,.00)|(7040.59,.00)|(6960.27,.00)|-0.21|1.00|0.00|(6962.24,.00)|(1.00,.00)|6961.241876832837|24.586499776486363|0|null|2.588830416685937|0|null|false|0|false
183.00|(6944.21,.30)|(1.00,-.00)|6943.211280182513|24.586499776486363|6943|0|0|(6954.21,.00)|(7042.56,.00)|(6962.24,.00)|-0.21|1.00|0.00|(6964.21,.00)|(1.00,.00)|6963.211280182513|24.586499776486363|0|null|2.5832780389546346|0|null|false|0|false
183.05|(6946.18,.28)|(1.00,-.00)|6945.180635505033|24.586499776486363|6945|0|0|(6956.18,.00)|(7044.53,.00)|(6964.21,.00)|-0.21|1.00|0.00|(6966.18,.00)|(1.00,.00)|6965.180635505033|24.586499776486363|0|null|2.5764453610334996|0|null|false|0|false
183.10|(6948.15,.25)|(1.00,-.01)|6947.149931555825|24.586499776486363|6947|0|0|(6958.15,.00)|(7046.50,.00)|(6966.18,.00)|-0.21|1.00|0.00|(6968.15,.00)|(1.00,.00)|6967.149931555825|24.586499776486363|0|null|2.568344471342445|0|null|false|0|false
183.15|(6950.12,.22)|(1.00,-.01)|6949.11930281117|24.586499776486363|6949|0|0|(6960.12,.00)|(7048.47,.00)|(6968.15,.00)|-0.09|1.00|0.00|(6970.12,.00)|(1.00,.00)|6969.11930281117|24.586499776486363|0|null|2.560991488919672|0|null|false|0|false
183.20|(6952.09,.19)|(1.00,-.01)|6951.088647555197|24.586499776486363|6951|0|0|(6962.09,.00)|(7050.43,.00)|(6970.12,.00)|-0.09|1.00|0.00|(6972.09,.00)|(1.00,.00)|6971.088647555197|24.586499776486363|0|null|2.5530792605669346|0|null|false|0|false
183.25|(6954.06,.16)|(1.00,-.01)|6953.057964172722|24.586499776486363|6953|0|0|(6964.06,.00)|(7052.40,.00)|(6972.09,.00)|-0.09|1.00|0.00|(6974.06,.00)|(1.00,.00)|6973.057964172722|24.586499776486363|0|null|2.5446219929530556|0|null|false|0|false
183.30|(6956.03,.13)|(1.00,-.01)|6955.027309875565|24.586499776486363|6955|0|0|(6966.03,.00)|(7054.37,.00)|(6974.06,.00)|-0.02|1.00|0.00|(6976.03,.00)|(1.00,.00)|6975.027309875565|24.586499776486363|0|null|2.536796831845677|0|null|false|0|false
183.35|(6958.00,.11)|(1.00,-.01)|6956.996651619843|24.586499776486363|6956|0|0|(6968.00,.00)|(7056.34,.00)|(6976.03,.00)|-0.02|1.00|0.00|(6978.00,.00)|(1.00,.00)|6976.996651619843|24.586499776486363|0|null|2.5288482431704122|0|null|false|0|false
183.40|(6959.97,.08)|(1.00,-.01)|6958.965989724461|24.586499776486363|6958|0|0|(6969.97,.00)|(7058.31,.00)|(6978.00,.00)|-0.02|1.00|0.00|(6979.97,.00)|(1.00,.00)|6978.965989724461|24.586499776486363|0|null|2.520787227457477|0|null|false|0|false
183.45|(6961.94,.05)|(1.00,-.01)|6960.935324415611|24.586499776486363|6960|0|0|(6971.94,.00)|(7060.28,.00)|(6979.97,.00)|-0.02|1.00|0.00|(6981.94,.00)|(1.00,.00)|6980.935324415611|24.586499776486363|0|null|2.5126222385320225|0|null|false|0|false
183.50|(6963.90,.02)|(1.00,-.01)|6962.904683926036|24.586499776486363|6962|0|0|(6973.90,.00)|(7062.25,.00)|(6981.94,.00)|0.02|1.00|0.00|(6983.90,.00)|(1.00,.00)|6982.904683926036|24.586499776486363|0|null|2.505177139220092|0|null|false|0|false
183.55|(6965.87,-.01)|(1.00,-.01)|6964.874056194951|24.586499776486363|6964|0|0|(6975.87,.00)|(7064.22,.00)|(6983.90,.00)|0.02|1.00|0.00|(6985.87,.00)|(1.00,.00)|6984.874056194951|24.586499776486363|0|null|2.4979189387197027|0|null|false|0|false
183.60|(6967.84,-.03)|(1.00,-.01)|6966.843440989229|24.586499776486363|6966|0|0|(6977.84,.00)|(7066.19,.00)|(6985.87,.00)|0.02|1.00|0.00|(6987.84,.00)|(1.00,.00)|6986.843440989229|24.586499776486363|0|null|2.490852281921046|0|null|false|0|false
183.65|(6969.81,-.05)|(1.00,-.01)|6968.812853857296|24.586499776486363|6968|0|0|(6979.81,.00)|(7068.16,.00)|(6987.84,.00)|0.08|1.00|0.00|(6989.81,.00)|(1.00,.00)|6988.812853857296|24.586499776486363|0|null|2.4850295645910405|0|null|false|0|false
183.70|(6971.78,-.07)|(1.00,-.01)|6970.782292741587|24.586499776486363|6970|0|0|(6981.78,.00)|(7070.13,.00)|(6989.81,.00)|0.08|1.00|0.00|(6991.78,.00)|(1.00,.00)|6990.782292741587|24.586499776486363|0|null|2.4797627717262083|0|null|false|0|false
183.75|(6973.75,-.09)|(1.00,-.01)|6972.751755246935|24.586499776486363|6972|0|0|(6983.75,.00)|(7072.10,.00)|(6991.78,.00)|0.08|1.00|0.00|(6993.75,.00)|(1.00,.00)|6992.751755246935|24.586499776486363|0|null|2.475055154583445|0|null|false|0|false
183.80|(6975.72,-.11)|(1.00,-.01)|6974.721238906414|24.586499776486363|6974|0|0|(6985.72,.00)|(7074.07,.00)|(6993.75,.00)|0.08|1.00|0.00|(6995.72,.00)|(1.00,.00)|6994.721238906414|24.586499776486363|0|null|2.4709086879994553|0|null|false|0|false
183.85|(6977.69,-.12)|(1.00,-.01)|6976.690737607454|24.586499776486363|6976|0|0|(6987.69,.00)|(7076.04,.00)|(6995.72,.00)|0.11|1.00|0.00|(6997.69,.00)|(1.00,.00)|6996.690737607454|24.586499776486363|0|null|2.4677512628549167|0|null|false|0|false
183.90|(6979.66,-.13)|(1.00,-.01)|6978.660254265723|24.586499776486363|6978|0|0|(6989.66,.00)|(7078.01,.00)|(6997.69,.00)|0.11|1.00|0.00|(6999.66,.00)|(1.00,.00)|6998.660254265723|24.586499776486363|0|null|2.46530315927288|0|null|false|0|false
183.95|(6981.63,-.13)|(1.00,-.01)|6980.629785020816|24.586499776486363|6980|0|0|(6991.63,.00)|(7079.98,.00)|(6999.66,.00)|0.11|1.00|0.00|(7001.63,.00)|(1.00,.00)|7000.629785020816|24.586499776486363|0|null|2.463566048297724|0|null|false|0|false
184.00|(6983.60,-.14)|(1.00,-.01)|6982.599326005568|24.586499776486363|6982|0|0|(6993.60,.00)|(7081.95,.00)|(7001.63,.00)|0.11|1.00|0.00|(7003.60,.00)|(1.00,.00)|7002.599326005568|24.586499776486363|0|null|2.4625415742515986|0|null|false|0|false
184.05|(6985.57,-.14)|(1.00,-.00)|6984.568873351191|24.586499776486363|6984|0|0|(6995.57,.00)|(7083.91,.00)|(7003.60,.00)|0.11|1.00|0.00|(7005.57,.00)|(1.00,.00)|7004.568873351191|24.586499776486363|0|null|2.462231665024749|0|null|false|0|false
184.10|(6987.54,-.14)|(1.00,-.00)|6986.5384261094905|24.586499776486363|6986|0|0|(6997.54,.00)|(7085.88,.00)|(7005.57,.00)|0.10|1.00|0.00|(7007.54,.00)|(1.00,.00)|7006.5384261094905|24.586499776486363|0|null|2.4625341787016093|0|null|false|0|false
184.15|(6989.51,-.13)|(1.00,-.00)|6988.507978064573|24.586499776486363|6988|0|0|(6999.51,.00)|(7087.85,.00)|(7007.54,.00)|0.10|1.00|0.00|(7009.51,.00)|(1.00,.00)|7008.507978064573|24.586499776486363|0|null|2.4635211043289154|0|null|false|0|false
184.20|(6991.48,-.13)|(1.00,-.00)|6990.4775256670355|24.586499776486363|6990|0|0|(7001.48,.00)|(7089.82,.00)|(7009.51,.00)|0.10|1.00|0.00|(7011.48,.00)|(1.00,.00)|7010.4775256670355|24.586499776486363|0|null|2.465196407910516|0|null|false|0|false
184.25|(6993.45,-.12)|(1.00,.00)|6992.447065321743|24.586499776486363|6992|0|0|(7003.45,.00)|(7091.79,.00)|(7011.48,.00)|0.10|1.00|0.00|(7013.45,.00)|(1.00,.00)|7012.447065321743|24.586499776486363|0|null|2.467565254402472|0|null|false|0|false
184.30|(6995.42,-.11)|(1.00,.00)|6994.416593362194|24.586499776486363|6994|0|0|(7005.42,.00)|(7093.76,.00)|(7013.45,.00)|0.10|1.00|0.00|(7015.42,.00)|(1.00,.00)|7014.416593362194|24.586499776486363|0|null|2.4706341166453085|0|null|false|0|false
184.35|(6997.39,-.09)|(1.00,.00)|6996.386106022287|24.586499776486363|6996|0|0|(7007.39,.00)|(7095.73,.00)|(7015.42,.00)|0.10|1.00|0.00|(7017.39,.00)|(1.00,.00)|7016.386106022287|24.586499776486363|0|null|2.474410837036274|0|null|false|0|false
184.40|(6999.36,-.08)|(1.00,.00)|6998.355599406845|24.586499776486363|6998|0|0|(7009.36,.00)|(7097.70,.00)|(7017.39,.00)|0.10|1.00|0.00|(7019.36,.00)|(1.00,.00)|7018.355599406845|24.586499776486363|0|null|2.478904641601397|0|null|false|0|false
184.45|(7001.33,-.06)|(1.00,.01)|7000.325069462294|24.586499776486363|7000|0|0|(7011.33,.00)|(7099.67,.00)|(7019.36,.00)|0.10|1.00|0.00|(7021.33,.00)|(1.00,.00)|7020.325069462294|24.586499776486363|0|null|2.484126107110513|0|null|false|0|false
184.50|(7003.29,-.04)|(1.00,.01)|7002.294511948887|24.586499776486363|7002|0|0|(7013.29,.00)|(7101.64,.00)|(7021.33,.00)|0.10|1.00|0.00|(7023.29,.00)|(1.00,.00)|7022.294511948887|24.586499776486363|0|null|2.4900870828476|0|null|false|0|false
184.55|(7005.26,-.01)|(1.00,.01)|7004.263922415836|24.586499776486363|7004|0|0|(7015.26,.00)|(7103.61,.00)|(7023.29,.00)|0.10|1.00|0.00|(7025.26,.00)|(1.00,.00)|7024.263922415836|24.586499776486363|0|null|2.4968005695833564|0|null|false|0|false
184.60|(7007.23,.02)|(1.00,.01)|7006.233296180659|24.586499776486363|7006|0|0|(7017.23,.00)|(7105.58,.00)|(7025.26,.00)|0.10|1.00|0.00|(7027.23,.00)|(1.00,.00)|7026.233296180659|24.586499776486363|0|null|2.504280559177091|0|null|false|0|false
184.65|(7009.20,.05)|(1.00,.01)|7008.202628313956|24.586499776486363|7008|0|0|(7019.20,.00)|(7107.55,.00)|(7027.23,.00)|0.10|1.00|0.00|(7029.20,.00)|(1.00,.00)|7028.202628313956|24.586499776486363|0|null|2.51254183904188|0|null|false|0|false
184.70|(7011.17,.08)|(1.00,.01)|7010.171913630684|24.586499776486363|7010|0|0|(7021.17,.00)|(7109.52,.00)|(7029.20,.00)|0.10|1.00|0.00|(7031.17,.00)|(1.00,.00)|7030.171913630684|24.586499776486363|0|null|2.521599766423454|0|null|false|0|false
184.75|(7013.14,.12)|(1.00,.01)|7012.141146688857|24.586499776486363|7012|0|0|(7023.14,.00)|(7111.49,.00)|(7031.17,.00)|0.10|1.00|0.00|(7033.14,.00)|(1.00,.00)|7032.141146688857|24.586499776486363|0|null|2.5314700180539504|0|null|false|0|false
184.80|(7015.11,.15)|(1.00,.02)|7014.110321796369|24.586499776486363|7014|0|0|(7025.11,.00)|(7113.46,.00)|(7033.14,.00)|0.10|1.00|0.00|(7035.11,.00)|(1.00,.00)|7034.110321796369|24.586499776486363|0|null|2.5421683212334423|0|null|false|0|false
184.85|(7017.08,.20)|(1.00,.02)|7016.079433026432|24.586499776486363|7016|0|0|(7027.08,.00)|(7115.43,.00)|(7035.11,.00)|0.10|1.00|0.00|(7037.08,.00)|(1.00,.00)|7036.079433026432|24.586499776486363|0|null|2.553710172754374|0|null|false|0|false
184.90|(7019.05,.24)|(1.00,.02)|7018.048474241816|24.586499776486363|7018|0|0|(7029.05,.00)|(7117.39,.00)|(7037.08,.00)|0.10|1.00|0.00|(7039.05,.00)|(1.00,.00)|7038.048474241816|24.586499776486363|0|null|2.566110552308906|0|null|false|0|false
184.95|(7021.02,.29)|(1.00,.02)|7020.017439127828|24.586499776486363|7020|0|0|(7031.02,.00)|(7119.36,.00)|(7039.05,.00)|0.10|1.00|0.00|(7041.02,.00)|(1.00,.00)|7040.017439127828|24.586499776486363|0|null|2.5793836371017487|0|null|false|0|false
185.00|(7022.99,.34)|(1.00,.02)|7021.986321233619|24.586499776486363|7021|0|0|(7032.99,.00)|(7121.33,.00)|(7041.02,.00)|0.10|1.00|0.00|(7042.99,.00)|(1.00,.00)|7041.986321233619|24.586499776486363|0|null|2.593542524329558|0|null|false|0|false
185.05|(7024.96,.40)|(1.00,.02)|7023.955114021116|24.586499776486363|7023|0|0|(7034.96,.00)|(7123.30,.00)|(7042.99,.00)|0.10|1.00|0.00|(7044.96,.00)|(1.00,.00)|7043.955114021116|24.586499776486363|0|null|2.6085989679836232|0|null|false|0|false
185.10|(7026.92,.46)|(1.00,.02)|7025.923810920562|24.586499776486363|7025|0|0|(7036.92,.00)|(7125.27,.00)|(7044.96,.00)|0.10|1.00|0.00|(7046.92,.00)|(1.00,.00)|7045.923810920562|24.586499776486363|0|null|2.6245631360898747|0|null|false|0|false
185.15|(7028.89,.52)|(1.00,.03)|7027.89240539133|24.586499776486363|7027|0|0|(7038.89,.00)|(7127.24,.00)|(7046.92,.00)|0.10|1.00|0.00|(7048.89,.00)|(1.00,.00)|7047.89240539133|24.586499776486363|0|null|2.641443394026497|0|null|false|0|false
185.20|(7030.86,.58)|(1.00,.03)|7029.860890986449|24.586499776486363|7029|0|0|(7040.86,.00)|(7129.21,.00)|(7048.89,.00)|0.10|1.00|0.00|(7050.86,.00)|(1.00,.00)|7049.860890986449|24.586499776486363|0|null|2.6592461189650445|0|null|false|0|false
185.25|(7032.83,.65)|(1.00,.03)|7031.829261419035|24.586499776486363|7031|0|0|(7042.83,.00)|(7131.18,.00)|(7050.86,.00)|0.10|1.00|0.00|(7052.83,.00)|(1.00,.00)|7051.829261419035|24.586499776486363|0|null|2.677975549778781|0|null|false|0|false
185.30|(7034.80,.70)|(1.00,.03)|7033.798056799682|24.586499776486363|7033|0|0|(7044.80,.00)|(7133.14,.00)|(7052.83,.00)|-0.25|1.00|0.00|(7054.80,.00)|(1.00,.00)|7053.798056799682|24.586499776486363|0|null|2.691569818464613|0|null|false|0|false
185.35|(7036.77,.75)|(1.00,.03)|7035.766966815215|24.586499776486363|7035|0|0|(7046.77,.00)|(7135.11,.00)|(7054.80,.00)|-0.25|1.00|0.00|(7056.77,.00)|(1.00,.00)|7055.766966815215|24.586499776486363|0|null|2.7040102120709295|0|null|false|0|false
185.40|(7038.74,.79)|(1.00,.03)|7037.735982659391|24.586499776486363|7037|0|0|(7048.74,.00)|(7137.08,.00)|(7056.77,.00)|-0.25|1.00|0.00|(7058.74,.00)|(1.00,.00)|7057.735982659391|24.586499776486363|0|null|2.715274691737954|0|null|false|0|false
185.45|(7040.71,.82)|(1.00,.02)|7039.705095133482|24.586499776486363|7039|0|0|(7050.71,.00)|(7139.05,.00)|(7058.74,.00)|-0.25|1.00|0.00|(7060.71,.00)|(1.00,.00)|7059.705095133482|24.586499776486363|0|null|2.7253409694678186|0|null|false|0|false
185.50|(7042.67,.84)|(1.00,.02)|7041.674204925698|24.586499776486363|7041|0|0|(7052.67,.00)|(7141.02,.00)|(7060.71,.00)|-0.45|1.00|0.00|(7062.67,.00)|(1.00,.00)|7061.674204925698|24.586499776486363|0|null|2.730629852031855|0|null|false|0|false
185.55|(7044.64,.85)|(1.00,.02)|7043.643404053438|24.586499776486363|7043|0|0|(7054.64,.00)|(7142.99,.00)|(7062.67,.00)|-0.45|1.00|0.00|(7064.64,.00)|(1.00,.00)|7063.643404053438|24.586499776486363|0|null|2.7334535845407233|0|null|false|0|false
185.60|(7046.61,.86)|(1.00,.01)|7045.6126488944565|24.586499776486363|7045|0|0|(7056.61,.00)|(7144.96,.00)|(7064.64,.00)|-0.45|1.00|0.00|(7066.61,.00)|(1.00,.00)|7065.6126488944565|24.586499776486363|0|null|2.7337773743254767|0|null|false|0|false
185.65|(7048.58,.85)|(1.00,.01)|7047.581903005618|24.586499776486363|7047|0|0|(7058.58,.00)|(7146.93,.00)|(7066.61,.00)|-0.45|1.00|0.00|(7068.58,.00)|(1.00,.00)|7067.581903005618|24.586499776486363|0|null|2.7316545161543564|0|null|false|0|false
185.70|(7050.55,.83)|(1.00,.00)|7049.551113152115|24.586499776486363|7049|0|0|(7060.55,.00)|(7148.90,.00)|(7068.58,.00)|-0.45|1.00|0.00|(7070.55,.00)|(1.00,.00)|7069.551113152115|24.586499776486363|0|null|2.7269948934234303|0|null|false|0|false
185.75|(7052.52,.80)|(1.00,.00)|7051.520232325844|24.586499776486363|7051|0|0|(7062.52,.00)|(7150.87,.00)|(7070.55,.00)|-0.45|1.00|0.00|(7072.52,.00)|(1.00,.00)|7071.520232325844|24.586499776486363|0|null|2.7197668710315623|0|null|false|0|false
185.80|(7054.49,.77)|(1.00,-.00)|7053.489212118034|24.586499776486363|7053|0|0|(7064.49,.00)|(7152.84,.00)|(7072.52,.00)|-0.45|1.00|0.00|(7074.49,.00)|(1.00,.00)|7073.489212118034|24.586499776486363|0|null|2.7099398521362836|0|null|false|0|false
185.85|(7056.46,.72)|(1.00,-.01)|7055.458002767201|24.586499776486363|7055|0|0|(7066.46,.00)|(7154.80,.00)|(7074.49,.00)|-0.45|1.00|0.00|(7076.46,.00)|(1.00,.00)|7075.458002767201|24.586499776486363|0|null|2.697484388294001|0|null|false|0|false
185.90|(7058.43,.67)|(1.00,-.01)|7057.4265532202435|24.586499776486363|7057|0|0|(7068.43,.00)|(7156.77,.00)|(7076.46,.00)|-0.45|1.00|0.00|(7078.43,.00)|(1.00,.00)|7077.4265532202435|24.586499776486363|0|null|2.6823723125869017|0|null|false|0|false
185.95|(7060.39,.60)|(1.00,-.02)|7059.394811208891|24.586499776486363|7059|0|0|(7070.39,.00)|(7158.74,.00)|(7078.43,.00)|-0.45|1.00|0.00|(7080.39,.00)|(1.00,.00)|7079.394811208891|24.586499776486363|0|null|2.6645768891597728|0|null|false|0|false
186.00|(7062.36,.53)|(1.00,-.02)|7061.362723342927|24.586499776486363|7061|0|0|(7072.36,.00)|(7160.71,.00)|(7080.39,.00)|-0.45|1.00|0.00|(7082.36,.00)|(1.00,.00)|7081.362723342927|24.586499776486363|0|null|2.6440729723771743|0|null|false|0|false
186.05|(7064.33,.44)|(1.00,-.03)|7063.330235220737|24.586499776486363|7063|0|0|(7074.33,.00)|(7162.68,.00)|(7082.36,.00)|-0.45|1.00|0.00|(7084.33,.00)|(1.00,.00)|7083.330235220737|24.586499776486363|0|null|2.6208371687586265|0|null|false|0|false
186.10|(7066.30,.35)|(1.00,-.03)|7065.297291556832|24.586499776486363|7065|0|0|(7076.30,.00)|(7164.64,.00)|(7084.33,.00)|-0.45|1.00|0.00|(7086.30,.00)|(1.00,.00)|7085.297291556832|24.586499776486363|0|null|2.5948479949554777|0|null|false|0|false
186.15|(7068.26,.24)|(1.00,-.04)|7067.263836325041|24.586499776486363|7067|0|0|(7078.26,.00)|(7166.61,.00)|(7086.30,.00)|-0.45|1.00|0.00|(7088.26,.00)|(1.00,.00)|7087.263836325041|24.586499776486363|0|null|2.566086025293367|0|null|false|0|false
186.20|(7070.23,.13)|(1.00,-.04)|7069.229812915235|24.586499776486363|7069|0|0|(7080.23,.00)|(7168.58,.00)|(7088.26,.00)|-0.45|1.00|0.00|(7090.23,.00)|(1.00,.00)|7089.229812915235|24.586499776486363|0|null|2.534534022810921|0|null|false|0|false
186.25|(7072.20,.00)|(1.00,-.05)|7071.1951643005705|24.586499776486363|7071|0|0|(7082.20,.00)|(7170.54,.00)|(7090.23,.00)|-0.45|1.00|0.00|(7092.20,.00)|(1.00,.00)|7091.1951643005705|24.586499776486363|0|null|2.5001770482678345|0|null|false|0|false
186.30|(7074.16,-.14)|(1.00,-.05)|7073.159833211569|24.586499776486363|7073|0|0|(7084.16,.00)|(7172.51,.00)|(7092.20,.00)|-0.45|1.00|0.00|(7094.16,.00)|(1.00,.00)|7093.159833211569|24.586499776486363|0|null|2.463002542259998|0|null|false|0|false
186.35|(7076.12,-.28)|(1.00,-.06)|7075.12376231276|24.586499776486363|7075|0|0|(7086.12,.00)|(7174.47,.00)|(7094.16,.00)|-0.45|1.00|0.00|(7096.12,.00)|(1.00,.00)|7095.12376231276|24.586499776486363|0|null|2.4230003763497727|0|null|false|0|false
186.40|(7078.09,-.44)|(1.00,-.06)|7077.08689437719|24.586499776486363|7077|0|0|(7088.09,.00)|(7176.43,.00)|(7096.12,.00)|-0.45|1.00|0.00|(7098.09,.00)|(1.00,.00)|7097.08689437719|24.586499776486363|0|null|2.3801628699772968|0|null|false|0|false
186.45|(7080.05,-.61)|(1.00,-.07)|7079.049172453859|24.586499776486363|7079|0|0|(7090.05,.00)|(7178.40,.00)|(7098.09,.00)|-0.45|1.00|0.00|(7100.05,.00)|(1.00,.00)|7099.049172453859|24.586499776486363|0|null|2.33448477084366|0|null|false|0|false
186.50|(7082.01,-.78)|(1.00,-.07)|7081.010540023065|24.586499776486363|7081|0|0|(7092.01,.00)|(7180.36,.00)|(7100.05,.00)|-0.45|1.00|0.00|(7102.01,.00)|(1.00,.00)|7101.010540023065|24.586499776486363|0|null|2.2859631974272734|0|null|false|0|false
186.55|(7083.97,-.92)|(1.00,-.07)|7082.974491628287|24.586499776486363|7082|0|0|(7093.97,.00)|(7182.32,.00)|(7102.01,.00)|0.31|1.00|0.00|(7103.97,.00)|(1.00,.00)|7102.974491628287|24.586499776486363|0|null|2.247659392617329|0|null|false|0|false
186.60|(7085.94,-1.06)|(1.00,-.07)|7084.938917932417|24.586499776486363|7084|0|0|(7095.94,.00)|(7184.28,.00)|(7103.97,.00)|0.31|1.00|0.00|(7105.94,.00)|(1.00,.00)|7104.938917932417|24.586499776486363|0|null|2.21099285077828|0|null|false|0|false
186.65|(7087.90,-1.19)|(1.00,-.07)|7086.903805560455|24.586499776486363|7086|0|0|(7097.90,.00)|(7186.25,.00)|(7105.94,.00)|0.31|1.00|0.00|(7107.90,.00)|(1.00,.00)|7106.903805560455|24.586499776486363|0|null|2.176007827121426|0|null|false|0|false
186.70|(7089.87,-1.31)|(1.00,-.07)|7088.869139491523|24.586499776486363|7088|0|0|(7099.87,.00)|(7188.22,.00)|(7107.90,.00)|0.31|1.00|0.00|(7109.87,.00)|(1.00,.00)|7108.869139491523|24.586499776486363|0|null|2.142745797885323|0|null|false|0|false
186.75|(7091.84,-1.39)|(1.00,-.06)|7090.835188389705|24.586499776486363|7090|0|0|(7101.84,.00)|(7190.18,.00)|(7109.87,.00)|0.82|1.00|0.00|(7111.84,.00)|(1.00,.00)|7110.835188389705|24.586499776486363|0|null|2.120037297370426|0|null|false|0|false
186.80|(7093.80,-1.46)|(1.00,-.05)|7092.80201967676|24.586499776486363|7092|0|0|(7103.80,.00)|(7192.15,.00)|(7111.84,.00)|0.82|1.00|0.00|(7113.80,.00)|(1.00,.00)|7112.80201967676|24.586499776486363|0|null|2.1021421687616875|0|null|false|0|false
186.85|(7095.77,-1.50)|(1.00,-.05)|7094.769470158767|24.586499776486363|7094|0|0|(7105.77,.00)|(7194.12,.00)|(7113.80,.00)|0.82|1.00|0.00|(7115.77,.00)|(1.00,.00)|7114.769470158767|24.586499776486363|0|null|2.0891237449381217|0|null|false|0|false
186.90|(7097.74,-1.53)|(1.00,-.04)|7096.737263857696|24.586499776486363|7096|0|0|(7107.74,.00)|(7196.08,.00)|(7115.77,.00)|0.86|1.00|0.00|(7117.74,.00)|(1.00,.00)|7116.737263857696|24.586499776486363|0|null|2.081820810086322|0|null|false|0|false
186.95|(7099.71,-1.54)|(1.00,-.03)|7098.705319728572|24.586499776486363|7098|0|0|(7109.71,.00)|(7198.05,.00)|(7117.74,.00)|0.86|1.00|0.00|(7119.71,.00)|(1.00,.00)|7118.705319728572|24.586499776486363|0|null|2.0797714724862355|0|null|false|0|false
187.00|(7101.67,-1.53)|(1.00,-.02)|7100.673440081596|24.586499776486363|7100|0|0|(7111.67,.00)|(7200.02,.00)|(7119.71,.00)|0.86|1.00|0.00|(7121.67,.00)|(1.00,.00)|7120.673440081596|24.586499776486363|0|null|2.083023880327396|0|null|false|0|false
187.05|(7103.64,-1.49)|(1.00,-.01)|7102.64142321816|24.586499776486363|7102|0|0|(7113.64,.00)|(7201.99,.00)|(7121.67,.00)|0.86|1.00|0.00|(7123.64,.00)|(1.00,.00)|7122.64142321816|24.586499776486363|0|null|2.0916202214182342|0|null|false|0|false
187.10|(7105.61,-1.45)|(1.00,-.00)|7104.60961799098|24.586499776486363|7104|0|0|(7115.61,.00)|(7203.96,.00)|(7123.64,.00)|0.73|1.00|0.00|(7125.61,.00)|(1.00,.00)|7124.60961799098|24.586499776486363|0|null|2.1032856455837696|0|null|false|0|false
187.15|(7107.58,-1.39)|(1.00,.00)|7106.577422155762|24.586499776486363|7106|0|0|(7117.58,.00)|(7205.92,.00)|(7125.61,.00)|0.73|1.00|0.00|(7127.58,.00)|(1.00,.00)|7126.577422155762|24.586499776486363|0|null|2.1195683840563664|0|null|false|0|false
187.20|(7109.54,-1.32)|(1.00,.01)|7108.5446833678125|24.586499776486363|7108|0|0|(7119.54,.00)|(7207.89,.00)|(7127.58,.00)|0.73|1.00|0.00|(7129.54,.00)|(1.00,.00)|7128.5446833678125|24.586499776486363|0|null|2.140486819526056|0|null|false|0|false
187.25|(7111.51,-1.23)|(1.00,.02)|7110.512083128259|24.586499776486363|7110|0|0|(7121.51,.00)|(7209.86,.00)|(7129.54,.00)|0.55|1.00|0.00|(7131.51,.00)|(1.00,.00)|7130.512083128259|24.586499776486363|0|null|2.162904699611892|0|null|false|0|false
187.30|(7113.48,-1.14)|(1.00,.03)|7112.478918094221|24.586499776486363|7112|0|0|(7123.48,.00)|(7211.82,.00)|(7131.51,.00)|0.55|1.00|0.00|(7133.48,.00)|(1.00,.00)|7132.478918094221|24.586499776486363|0|null|2.188900264934369|0|null|false|0|false
187.35|(7115.45,-1.03)|(1.00,.03)|7114.445099302808|24.586499776486363|7114|0|0|(7125.45,.00)|(7213.79,.00)|(7133.48,.00)|0.55|1.00|0.00|(7135.45,.00)|(1.00,.00)|7134.445099302808|24.586499776486363|0|null|2.2184699317507524|0|null|false|0|false
187.40|(7117.41,-.92)|(1.00,.04)|7116.411529454323|24.586499776486363|7116|0|0|(7127.41,.00)|(7215.76,.00)|(7135.45,.00)|0.32|1.00|0.00|(7137.41,.00)|(1.00,.00)|7136.411529454323|24.586499776486363|0|null|2.2477827160930994|0|null|false|0|false
187.45|(7119.38,-.81)|(1.00,.04)|7118.377511068286|24.586499776486363|7118|0|0|(7129.38,.00)|(7217.72,.00)|(7137.41,.00)|0.32|1.00|0.00|(7139.38,.00)|(1.00,.00)|7138.377511068286|24.586499776486363|0|null|2.279341326783035|0|null|false|0|false
187.50|(7121.34,-.68)|(1.00,.05)|7120.343013282365|24.586499776486363|7120|0|0|(7131.34,.00)|(7219.69,.00)|(7139.38,.00)|0.32|1.00|0.00|(7141.34,.00)|(1.00,.00)|7140.343013282365|24.586499776486363|0|null|2.313122723029371|0|null|false|0|false
187.55|(7123.31,-.55)|(1.00,.05)|7122.3080067661895|24.586499776486363|7122|0|0|(7133.31,.00)|(7221.65,.00)|(7141.34,.00)|0.32|1.00|0.00|(7143.31,.00)|(1.00,.00)|7142.3080067661895|24.586499776486363|0|null|2.349102722292547|0|null|false|0|false
187.60|(7125.27,-.41)|(1.00,.06)|7124.272463725292|24.586499776486363|7124|0|0|(7135.27,.00)|(7223.62,.00)|(7143.31,.00)|0.32|1.00|0.00|(7145.27,.00)|(1.00,.00)|7144.272463725292|24.586499776486363|0|null|2.387256052172748|0|null|false|0|false
187.65|(7127.24,-.29)|(1.00,.06)|7126.237817270634|24.586499776486363|7126|0|0|(7137.24,.00)|(7225.58,.00)|(7145.27,.00)|-0.05|1.00|0.00|(7147.24,.00)|(1.00,.00)|7146.237817270634|24.586499776486363|0|null|2.4211075682803225|0|null|false|0|false
187.70|(7129.20,-.17)|(1.00,.06)|7128.203224837066|24.586499776486363|7128|0|0|(7139.20,.00)|(7227.55,.00)|(7147.24,.00)|-0.05|1.00|0.00|(7149.20,.00)|(1.00,.00)|7148.203224837066|24.586499776486363|0|null|2.454866805527712|0|null|false|0|false
187.75|(7131.17,-.04)|(1.00,.06)|7130.168694003898|24.586499776486363|7130|0|0|(7141.17,.00)|(7229.51,.00)|(7149.20,.00)|-0.05|1.00|0.00|(7151.17,.00)|(1.00,.00)|7150.168694003898|24.586499776486363|0|null|2.4884858691279104|0|null|false|0|false
187.80|(7133.13,.07)|(1.00,.06)|7132.13469418658|24.586499776486363|7132|0|0|(7143.13,.00)|(7231.48,.00)|(7151.17,.00)|-0.25|1.00|0.00|(7153.13,.00)|(1.00,.00)|7152.13469418658|24.586499776486363|0|null|2.5184391552158836|0|null|false|0|false
187.85|(7135.10,.17)|(1.00,.06)|7134.101022663427|24.586499776486363|7134|0|0|(7145.10,.00)|(7233.45,.00)|(7153.13,.00)|-0.25|1.00|0.00|(7155.10,.00)|(1.00,.00)|7154.101022663427|24.586499776486363|0|null|2.5469680156205063|0|null|false|0|false
187.90|(7137.07,.27)|(1.00,.06)|7136.067671116957|24.586499776486363|7136|0|0|(7147.07,.00)|(7235.41,.00)|(7155.10,.00)|-0.25|1.00|0.00|(7157.07,.00)|(1.00,.00)|7156.067671116957|24.586499776486363|0|null|2.5740183610873224|0|null|false|0|false
187.95|(7139.03,.36)|(1.00,.05)|7138.034629488092|24.586499776486363|7138|0|0|(7149.03,.00)|(7237.38,.00)|(7157.07,.00)|-0.25|1.00|0.00|(7159.03,.00)|(1.00,.00)|7158.034629488092|24.586499776486363|0|null|2.599539209472399|0|null|false|0|false
188.00|(7141.00,.44)|(1.00,.05)|7140.002001710647|24.586499776486363|7140|0|0|(7151.00,.00)|(7239.35,.00)|(7159.03,.00)|-0.39|1.00|0.00|(7161.00,.00)|(1.00,.00)|7160.002001710647|24.586499776486363|0|null|2.621034161590734|0|null|false|0|false
188.05|(7142.97,.51)|(1.00,.05)|7141.969759035725|24.586499776486363|7141|0|0|(7152.97,.00)|(7241.32,.00)|(7161.00,.00)|-0.39|1.00|0.00|(7162.97,.00)|(1.00,.00)|7161.969759035725|24.586499776486363|0|null|2.6400668867318213|0|null|false|0|false
188.10|(7144.94,.57)|(1.00,.04)|7143.937861367666|24.586499776486363|7143|0|0|(7154.94,.00)|(7243.28,.00)|(7162.97,.00)|-0.39|1.00|0.00|(7164.94,.00)|(1.00,.00)|7163.937861367666|24.586499776486363|0|null|2.6565879529463983|0|null|false|0|false
188.15|(7146.91,.62)|(1.00,.04)|7145.906217801694|24.586499776486363|7145|0|0|(7156.91,.00)|(7245.25,.00)|(7164.94,.00)|-0.49|1.00|0.00|(7166.91,.00)|(1.00,.00)|7165.906217801694|24.586499776486363|0|null|2.6689365913822347|0|null|false|0|false
188.20|(7148.87,.65)|(1.00,.03)|7147.8748497111255|24.586499776486363|7147|0|0|(7158.87,.00)|(7247.22,.00)|(7166.91,.00)|-0.49|1.00|0.00|(7168.87,.00)|(1.00,.00)|7167.8748497111255|24.586499776486363|0|null|2.6781328507474593|0|null|false|0|false
188.25|(7150.84,.67)|(1.00,.03)|7149.843687162236|24.586499776486363|7149|0|0|(7160.84,.00)|(7249.19,.00)|(7168.87,.00)|-0.49|1.00|0.00|(7170.84,.00)|(1.00,.00)|7169.843687162236|24.586499776486363|0|null|2.684134829640483|0|null|false|0|false
188.30|(7152.81,.68)|(1.00,.02)|7151.812657828753|24.586499776486363|7151|0|0|(7162.81,.00)|(7251.16,.00)|(7170.84,.00)|-0.49|1.00|0.00|(7172.81,.00)|(1.00,.00)|7171.812657828753|24.586499776486363|0|null|2.68690552695339|0|null|false|0|false
188.35|(7154.78,.68)|(1.00,.02)|7153.781729665456|24.586499776486363|7153|0|0|(7164.78,.00)|(7253.13,.00)|(7172.81,.00)|-0.46|1.00|0.00|(7174.78,.00)|(1.00,.00)|7173.781729665456|24.586499776486363|0|null|2.6867979889674305|0|null|false|0|false
188.40|(7156.75,.67)|(1.00,.01)|7155.750793915895|24.586499776486363|7155|0|0|(7166.75,.00)|(7255.10,.00)|(7174.78,.00)|-0.46|1.00|0.00|(7176.75,.00)|(1.00,.00)|7175.750793915895|24.586499776486363|0|null|2.683531948392798|0|null|false|0|false
188.45|(7158.72,.65)|(1.00,.01)|7157.7197793486575|24.586499776486363|7157|0|0|(7168.72,.00)|(7257.07,.00)|(7176.75,.00)|-0.46|1.00|0.00|(7178.72,.00)|(1.00,.00)|7177.7197793486575|24.586499776486363|0|null|2.6770859679999104|0|null|false|0|false
188.50|(7160.69,.61)|(1.00,.00)|7159.68861388692|24.586499776486363|7159|0|0|(7170.69,.00)|(7259.03,.00)|(7178.72,.00)|-0.46|1.00|0.00|(7180.69,.00)|(1.00,.00)|7179.68861388692|24.586499776486363|0|null|2.6674430575261554|0|null|false|0|false
188.55|(7162.66,.57)|(1.00,-.00)|7161.6572249391|24.586499776486363|7161|0|0|(7172.66,.00)|(7261.00,.00)|(7180.69,.00)|-0.46|1.00|0.00|(7182.66,.00)|(1.00,.00)|7181.6572249391|24.586499776486363|0|null|2.6545905420606317|0|null|false|0|false
188.60|(7164.63,.51)|(1.00,-.01)|7163.625539718028|24.586499776486363|7163|0|0|(7174.63,.00)|(7262.97,.00)|(7182.66,.00)|-0.46|1.00|0.00|(7184.63,.00)|(1.00,.00)|7183.625539718028|24.586499776486363|0|null|2.638519899183348|0|null|false|0|false
188.65|(7166.59,.44)|(1.00,-.02)|7165.593485543373|24.586499776486363|7165|0|0|(7176.59,.00)|(7264.94,.00)|(7184.63,.00)|-0.46|1.00|0.00|(7186.59,.00)|(1.00,.00)|7185.593485543373|24.586499776486363|0|null|2.6192265638613703|0|null|false|0|false
188.70|(7168.56,.35)|(1.00,-.02)|7167.560990122084|24.586499776486363|7167|0|0|(7178.56,.00)|(7266.91,.00)|(7186.59,.00)|-0.46|1.00|0.00|(7188.56,.00)|(1.00,.00)|7187.560990122084|24.586499776486363|0|null|2.596709701059277|0|null|false|0|false
188.75|(7170.53,.26)|(1.00,-.03)|7169.527981801879|24.586499776486363|7169|0|0|(7180.53,.00)|(7268.87,.00)|(7188.56,.00)|-0.46|1.00|0.00|(7190.53,.00)|(1.00,.00)|7189.527981801879|24.586499776486363|0|null|2.570971946977768|0|null|false|0|false
188.80|(7172.49,.15)|(1.00,-.03)|7171.494389793216|24.586499776486363|7171|0|0|(7182.49,.00)|(7270.84,.00)|(7190.53,.00)|-0.46|1.00|0.00|(7192.49,.00)|(1.00,.00)|7191.494389793216|24.586499776486363|0|null|2.5420191207683276|0|null|false|0|false
188.85|(7174.46,.04)|(1.00,-.04)|7173.460144355814|24.586499776486363|7173|0|0|(7184.46,.00)|(7272.81,.00)|(7192.49,.00)|-0.46|1.00|0.00|(7194.46,.00)|(1.00,.00)|7193.460144355814|24.586499776486363|0|null|2.509859909460221|0|null|false|0|false
188.90|(7176.43,-.09)|(1.00,-.05)|7175.425176946525|24.586499776486363|7175|0|0|(7186.43,.00)|(7274.77,.00)|(7194.46,.00)|-0.46|1.00|0.00|(7196.43,.00)|(1.00,.00)|7195.425176946525|24.586499776486363|0|null|2.4745055296571774|0|null|false|0|false
188.95|(7178.39,-.23)|(1.00,-.05)|7177.389420326296|24.586499776486363|7177|0|0|(7188.39,.00)|(7276.74,.00)|(7196.43,.00)|-0.46|1.00|0.00|(7198.39,.00)|(1.00,.00)|7197.389420326296|24.586499776486363|0|null|2.4359693702951803|0|null|false|0|false
189.00|(7180.35,-.39)|(1.00,-.06)|7179.3528086249125|24.586499776486363|7179|0|0|(7190.35,.00)|(7278.70,.00)|(7198.39,.00)|-0.46|1.00|0.00|(7200.35,.00)|(1.00,.00)|7199.3528086249125|24.586499776486363|0|null|2.394266621382498|0|null|false|0|false
189.05|(7182.32,-.55)|(1.00,-.07)|7181.315277363298|24.586499776486363|7181|0|0|(7192.32,.00)|(7280.66,.00)|(7200.35,.00)|-0.46|1.00|0.00|(7202.32,.00)|(1.00,.00)|7201.315277363298|24.586499776486363|0|null|2.3494138941538507|0|null|false|0|false
189.10|(7184.28,-.73)|(1.00,-.07)|7183.2767634342235|24.586499776486363|7183|0|0|(7194.28,.00)|(7282.62,.00)|(7202.32,.00)|-0.46|1.00|0.00|(7204.28,.00)|(1.00,.00)|7203.2767634342235|24.586499776486363|0|null|2.3014288384508075|0|null|false|0|false
189.15|(7186.24,-.91)|(1.00,-.08)|7185.237205043332|24.586499776486363|7185|0|0|(7196.24,.00)|(7284.58,.00)|(7204.28,.00)|-0.46|1.00|0.00|(7206.24,.00)|(1.00,.00)|7205.237205043332|24.586499776486363|0|null|2.250329763381757|0|null|false|0|false
189.20|(7188.20,-1.11)|(1.00,-.08)|7187.19654161344|24.586499776486363|7187|0|0|(7198.20,.00)|(7286.54,.00)|(7206.24,.00)|-0.46|1.00|0.00|(7208.20,.00)|(1.00,.00)|7207.19654161344|24.586499776486363|0|null|2.1961352674119774|0|null|false|0|false
189.25|(7190.16,-1.26)|(1.00,-.08)|7189.159159440384|24.586499776486363|7189|0|0|(7200.16,.00)|(7288.51,.00)|(7208.20,.00)|0.44|1.00|0.00|(7210.16,.00)|(1.00,.00)|7209.159159440384|24.586499776486363|0|null|2.154468296639709|0|null|false|0|false
189.30|(7192.12,-1.41)|(1.00,-.08)|7191.1224947242|24.586499776486363|7191|0|0|(7202.12,.00)|(7290.47,.00)|(7210.16,.00)|0.44|1.00|0.00|(7212.12,.00)|(1.00,.00)|7211.1224947242|24.586499776486363|0|null|2.1150915037935443|0|null|false|0|false
189.35|(7194.09,-1.54)|(1.00,-.08)|7193.08652091255|24.586499776486363|7193|0|0|(7204.09,.00)|(7292.43,.00)|(7212.12,.00)|0.44|1.00|0.00|(7214.09,.00)|(1.00,.00)|7213.08652091255|24.586499776486363|0|null|2.078071360217173|0|null|false|0|false
189.40|(7196.05,-1.67)|(1.00,-.07)|7195.051207456091|24.586499776486363|7195|0|0|(7206.05,.00)|(7294.40,.00)|(7214.09,.00)|0.44|1.00|0.00|(7216.05,.00)|(1.00,.00)|7215.051207456091|24.586499776486363|0|null|2.0434679213082125|0|null|false|0|false
189.45|(7198.02,-1.75)|(1.00,-.07)|7197.016504398917|24.586499776486363|7197|0|0|(7208.02,.00)|(7296.36,.00)|(7216.05,.00)|0.99|1.00|0.00|(7218.02,.00)|(1.00,.00)|7217.016504398917|24.586499776486363|0|null|2.020855727904418|0|null|false|0|false
189.50|(7199.98,-1.82)|(1.00,-.06)|7198.982741626601|24.586499776486363|7198|0|0|(7209.98,.00)|(7298.33,.00)|(7218.02,.00)|0.99|1.00|0.00|(7219.98,.00)|(1.00,.00)|7218.982741626601|24.586499776486363|0|null|2.004025942753899|0|null|false|0|false
189.55|(7201.95,-1.86)|(1.00,-.05)|7200.949683189329|24.586499776486363|7200|0|0|(7211.95,.00)|(7300.30,.00)|(7219.98,.00)|0.99|1.00|0.00|(7221.95,.00)|(1.00,.00)|7220.949683189329|24.586499776486363|0|null|1.9930529701205213|0|null|false|0|false
189.60|(7203.92,-1.87)|(1.00,-.04)|7202.917015213724|24.586499776486363|7202|0|0|(7213.92,.00)|(7302.26,.00)|(7221.95,.00)|1.02|1.00|0.00|(7223.92,.00)|(1.00,.00)|7222.917015213724|24.586499776486363|0|null|1.988368733686836|0|null|false|0|false
189.65|(7205.88,-1.87)|(1.00,-.03)|7204.884545420059|24.586499776486363|7204|0|0|(7215.88,.00)|(7304.23,.00)|(7223.92,.00)|1.02|1.00|0.00|(7225.88,.00)|(1.00,.00)|7224.884545420059|24.586499776486363|0|null|1.9897875594202468|0|null|false|0|false
189.70|(7207.85,-1.84)|(1.00,-.02)|7206.852006887221|24.586499776486363|7206|0|0|(7217.85,.00)|(7306.20,.00)|(7225.88,.00)|1.02|1.00|0.00|(7227.85,.00)|(1.00,.00)|7226.852006887221|24.586499776486363|0|null|1.9973573859257578|0|null|false|0|false
189.75|(7209.82,-1.80)|(1.00,-.01)|7208.819728429929|24.586499776486363|7208|0|0|(7219.82,.00)|(7308.17,.00)|(7227.85,.00)|0.89|1.00|0.00|(7229.82,.00)|(1.00,.00)|7228.819728429929|24.586499776486363|0|null|2.0089269924679334|0|null|false|0|false
189.80|(7211.79,-1.73)|(1.00,.00)|7210.786997227346|24.586499776486363|7210|0|0|(7221.79,.00)|(7310.13,.00)|(7229.82,.00)|0.89|1.00|0.00|(7231.79,.00)|(1.00,.00)|7230.786997227346|24.586499776486363|0|null|2.02596662168488|0|null|false|0|false
189.85|(7213.75,-1.65)|(1.00,.01)|7212.75359957426|24.586499776486363|7212|0|0|(7223.75,.00)|(7312.10,.00)|(7231.79,.00)|0.89|1.00|0.00|(7233.75,.00)|(1.00,.00)|7232.75359957426|24.586499776486363|0|null|2.0484945603604303|0|null|false|0|false
189.90|(7215.72,-1.55)|(1.00,.02)|7214.719321154524|24.586499776486363|7214|0|0|(7225.72,.00)|(7314.07,.00)|(7233.75,.00)|0.89|1.00|0.00|(7235.72,.00)|(1.00,.00)|7234.719321154524|24.586499776486363|0|null|2.0765235145646734|0|null|false|0|false
189.95|(7217.69,-1.45)|(1.00,.03)|7216.68555103901|24.586499776486363|7216|0|0|(7227.69,.00)|(7316.03,.00)|(7235.72,.00)|0.60|1.00|0.00|(7237.69,.00)|(1.00,.00)|7236.68555103901|24.586499776486363|0|null|2.1051541439428787|0|null|false|0|false
190.00|(7219.65,-1.33)|(1.00,.04)|7218.651017962853|24.586499776486363|7218|0|0|(7229.65,.00)|(7318.00,.00)|(7237.69,.00)|0.60|1.00|0.00|(7239.65,.00)|(1.00,.00)|7238.651017962853|24.586499776486363|0|null|2.1376120269314107|0|null|false|0|false
190.05|(7221.62,-1.19)|(1.00,.04)|7220.6156218350425|24.586499776486363|7220|0|0|(7231.62,.00)|(7319.96,.00)|(7239.65,.00)|0.60|1.00|0.00|(7241.62,.00)|(1.00,.00)|7240.6156218350425|24.586499776486363|0|null|2.1738831920984976|0|null|false|0|false
190.10|(7223.58,-1.06)|(1.00,.05)|7222.580587270009|24.586499776486363|7222|0|0|(7233.58,.00)|(7321.93,.00)|(7241.62,.00)|0.35|1.00|0.00|(7243.58,.00)|(1.00,.00)|7242.580587270009|24.586499776486363|0|null|2.2095672820271153|0|null|false|0|false
190.15|(7225.55,-.92)|(1.00,.05)|7224.54500449662|24.586499776486363|7224|0|0|(7235.55,.00)|(7323.89,.00)|(7243.58,.00)|0.35|1.00|0.00|(7245.55,.00)|(1.00,.00)|7244.54500449662|24.586499776486363|0|null|2.2475287841539666|0|null|false|0|false
190.20|(7227.51,-.78)|(1.00,.06)|7226.508843466942|24.586499776486363|7226|0|0|(7237.51,.00)|(7325.85,.00)|(7245.55,.00)|0.35|1.00|0.00|(7247.51,.00)|(1.00,.00)|7246.508843466942|24.586499776486363|0|null|2.287738789145201|0|null|false|0|false
190.25|(7229.47,-.62)|(1.00,.06)|7228.472075282661|24.586499776486363|7228|0|0|(7239.47,.00)|(7327.82,.00)|(7247.51,.00)|0.35|1.00|0.00|(7249.47,.00)|(1.00,.00)|7248.472075282661|24.586499776486363|0|null|2.330170053836099|0|null|false|0|false
190.30|(7231.43,-.46)|(1.00,.07)|7230.434671938731|24.586499776486363|7230|0|0|(7241.43,.00)|(7329.78,.00)|(7249.47,.00)|0.35|1.00|0.00|(7251.43,.00)|(1.00,.00)|7250.434671938731|24.586499776486363|0|null|2.3747972696978366|0|null|false|0|false
190.35|(7233.40,-.31)|(1.00,.07)|7232.39822537369|24.586499776486363|7232|0|0|(7243.40,.00)|(7331.74,.00)|(7251.43,.00)|-0.00|1.00|0.00|(7253.40,.00)|(1.00,.00)|7252.39822537369|24.586499776486363|0|null|2.4155531720093295|0|null|false|0|false
190.40|(7235.36,-.16)|(1.00,.07)|7234.3617957343085|24.586499776486363|7234|0|0|(7245.36,.00)|(7333.71,.00)|(7253.40,.00)|-0.00|1.00|0.00|(7255.36,.00)|(1.00,.00)|7254.3617957343085|24.586499776486363|0|null|2.456388709628688|0|null|false|0|false
190.45|(7237.33,-.01)|(1.00,.07)|7236.325389779497|24.586499776486363|7236|0|0|(7247.33,.00)|(7335.67,.00)|(7255.36,.00)|-0.00|1.00|0.00|(7257.33,.00)|(1.00,.00)|7256.325389779497|24.586499776486363|0|null|2.4972671591882554|0|null|false|0|false
190.50|(7239.29,.12)|(1.00,.07)|7238.2899261627535|24.586499776486363|7238|0|0|(7249.29,.00)|(7337.64,.00)|(7257.33,.00)|-0.33|1.00|0.00|(7259.29,.00)|(1.00,.00)|7258.2899261627535|24.586499776486363|0|null|2.5325494675817506|0|null|false|0|false
190.55|(7241.25,.24)|(1.00,.07)|7240.254987320673|24.586499776486363|7240|0|0|(7251.25,.00)|(7339.60,.00)|(7259.29,.00)|-0.33|1.00|0.00|(7261.25,.00)|(1.00,.00)|7260.254987320673|24.586499776486363|0|null|2.5658932514051846|0|null|false|0|false
190.60|(7243.22,.36)|(1.00,.07)|7242.220550312345|24.586499776486363|7242|0|0|(7253.22,.00)|(7341.57,.00)|(7261.25,.00)|-0.33|1.00|0.00|(7263.22,.00)|(1.00,.00)|7262.220550312345|24.586499776486363|0|null|2.5972576242626113|0|null|false|0|false
190.65|(7245.19,.45)|(1.00,.06)|7244.18674447038|24.586499776486363|7244|0|0|(7255.19,.00)|(7343.53,.00)|(7263.22,.00)|-0.49|1.00|0.00|(7265.19,.00)|(1.00,.00)|7264.18674447038|24.586499776486363|0|null|2.6238345075150318|0|null|false|0|false
190.70|(7247.15,.54)|(1.00,.06)|7246.15352974268|24.586499776486363|7246|0|0|(7257.15,.00)|(7345.50,.00)|(7265.19,.00)|-0.49|1.00|0.00|(7267.15,.00)|(1.00,.00)|7266.15352974268|24.586499776486363|0|null|2.647418272648124|0|null|false|0|false
190.75|(7249.12,.61)|(1.00,.05)|7248.120842683177|24.586499776486363|7248|0|0|(7259.12,.00)|(7347.47,.00)|(7267.15,.00)|-0.49|1.00|0.00|(7269.12,.00)|(1.00,.00)|7268.120842683177|24.586499776486363|0|null|2.667977588553374|0|null|false|0|false
190.80|(7251.09,.67)|(1.00,.05)|7250.088581547024|24.586499776486363|7250|0|0|(7261.09,.00)|(7349.43,.00)|(7269.12,.00)|-0.57|1.00|0.00|(7271.09,.00)|(1.00,.00)|7270.088581547024|24.586499776486363|0|null|2.6841652033320518|0|null|false|0|false
190.85|(7253.06,.72)|(1.00,.04)|7252.056739081399|24.586499776486363|7252|0|0|(7263.06,.00)|(7351.40,.00)|(7271.09,.00)|-0.57|1.00|0.00|(7273.06,.00)|(1.00,.00)|7272.056739081399|24.586499776486363|0|null|2.6968314019032706|0|null|false|0|false
190.90|(7255.03,.75)|(1.00,.04)|7254.02522559484|24.586499776486363|7254|0|0|(7265.03,.00)|(7353.37,.00)|(7273.06,.00)|-0.57|1.00|0.00|(7275.03,.00)|(1.00,.00)|7274.02522559484|24.586499776486363|0|null|2.7059591954643554|0|null|false|0|false
190.95|(7256.99,.77)|(1.00,.03)|7255.993950425255|24.586499776486363|7255|0|0|(7266.99,.00)|(7355.34,.00)|(7275.03,.00)|-0.57|1.00|0.00|(7276.99,.00)|(1.00,.00)|7275.993950425255|24.586499776486363|0|null|2.711537390617368|0|null|false|0|false
191.00|(7258.96,.78)|(1.00,.02)|7257.96286839473|24.586499776486363|7257|0|0|(7268.96,.00)|(7357.31,.00)|(7276.99,.00)|-0.54|1.00|0.00|(7278.96,.00)|(1.00,.00)|7277.96286839473|24.586499776486363|0|null|2.713992663594182|0|null|false|0|false
191.05|(7260.93,.78)|(1.00,.02)|7259.931850954915|24.586499776486363|7259|0|0|(7270.93,.00)|(7359.28,.00)|(7278.96,.00)|-0.54|1.00|0.00|(7280.93,.00)|(1.00,.00)|7279.931850954915|24.586499776486363|0|null|2.713039692895749|0|null|false|0|false
191.10|(7262.90,.76)|(1.00,.01)|7261.900814767128|24.586499776486363|7261|0|0|(7272.90,.00)|(7361.25,.00)|(7280.93,.00)|-0.54|1.00|0.00|(7282.90,.00)|(1.00,.00)|7281.900814767128|24.586499776486363|0|null|2.7086826990288184|0|null|false|0|false
191.15|(7264.87,.74)|(1.00,.01)|7263.869677307257|24.586499776486363|7263|0|0|(7274.87,.00)|(7363.22,.00)|(7282.90,.00)|-0.54|1.00|0.00|(7284.87,.00)|(1.00,.00)|7283.869677307257|24.586499776486363|0|null|2.7009292708974892|0|null|false|0|false
191.20|(7266.84,.69)|(1.00,.00)|7265.838357107856|24.586499776486363|7265|0|0|(7276.84,.00)|(7365.18,.00)|(7284.87,.00)|-0.54|1.00|0.00|(7286.84,.00)|(1.00,.00)|7285.838357107856|24.586499776486363|0|null|2.6897898029545115|0|null|false|0|false
191.25|(7268.81,.64)|(1.00,-.01)|7267.806773934964|24.586499776486363|7267|0|0|(7278.81,.00)|(7367.15,.00)|(7286.84,.00)|-0.54|1.00|0.00|(7288.81,.00)|(1.00,.00)|7287.806773934964|24.586499776486363|0|null|2.6752769403960617|0|null|false|0|false
191.30|(7270.77,.58)|(1.00,-.01)|7269.774848901428|24.586499776486363|7269|0|0|(7280.77,.00)|(7369.12,.00)|(7288.81,.00)|-0.54|1.00|0.00|(7290.77,.00)|(1.00,.00)|7289.774848901428|24.586499776486363|0|null|2.6574050387410604|0|null|false|0|false
191.35|(7272.74,.50)|(1.00,-.02)|7271.742504519863|24.586499776486363|7271|0|0|(7282.74,.00)|(7371.09,.00)|(7290.77,.00)|-0.54|1.00|0.00|(7292.74,.00)|(1.00,.00)|7291.742504519863|24.586499776486363|0|null|2.63618964409841|0|null|false|0|false
191.40|(7274.71,.41)|(1.00,-.03)|7273.7096646995815|24.586499776486363|7273|0|0|(7284.71,.00)|(7373.06,.00)|(7292.74,.00)|-0.54|1.00|0.00|(7294.71,.00)|(1.00,.00)|7293.7096646995815|24.586499776486363|0|null|2.6116470002509438|0|null|false|0|false
191.45|(7276.68,.31)|(1.00,-.03)|7275.676254692862|24.586499776486363|7275|0|0|(7286.68,.00)|(7375.02,.00)|(7294.71,.00)|-0.54|1.00|0.00|(7296.68,.00)|(1.00,.00)|7295.676254692862|24.586499776486363|0|null|2.5837935883751997|0|null|false|0|false
191.50|(7278.64,.19)|(1.00,-.04)|7277.642200996809|24.586499776486363|7277|0|0|(7288.64,.00)|(7376.99,.00)|(7296.68,.00)|-0.54|1.00|0.00|(7298.64,.00)|(1.00,.00)|7297.642200996809|24.586499776486363|0|null|2.5526457047764746|0|null|false|0|false
191.55|(7280.61,.07)|(1.00,-.04)|7279.607431217758|24.586499776486363|7279|0|0|(7290.61,.00)|(7378.95,.00)|(7298.64,.00)|-0.54|1.00|0.00|(7300.61,.00)|(1.00,.00)|7299.607431217758|24.586499776486363|0|null|2.518219081457313|0|null|false|0|false
191.60|(7282.57,-.07)|(1.00,-.05)|7281.571873905705|24.586499776486363|7281|0|0|(7292.57,.00)|(7380.92,.00)|(7300.61,.00)|-0.54|1.00|0.00|(7302.57,.00)|(1.00,.00)|7301.571873905705|24.586499776486363|0|null|2.4805285536658688|0|null|false|0|false
191.65|(7284.54,-.22)|(1.00,-.06)|7283.5354583665585|24.586499776486363|7283|0|0|(7294.54,.00)|(7382.88,.00)|(7302.57,.00)|-0.54|1.00|0.00|(7304.54,.00)|(1.00,.00)|7303.5354583665585|24.586499776486363|0|null|2.4395877778022346|0|null|false|0|false
191.70|(7286.50,-.38)|(1.00,-.06)|7285.498114460173|24.586499776486363|7285|0|0|(7296.50,.00)|(7384.84,.00)|(7304.54,.00)|-0.54|1.00|0.00|(7306.50,.00)|(1.00,.00)|7305.498114460173|24.586499776486363|0|null|2.3954090022118892|0|null|false|0|false
191.75|(7288.46,-.56)|(1.00,-.07)|7287.45977239206|24.586499776486363|7287|0|0|(7298.46,.00)|(7386.81,.00)|(7306.50,.00)|-0.54|1.00|0.00|(7308.46,.00)|(1.00,.00)|7307.45977239206|24.586499776486363|0|null|2.348002892483793|0|null|false|0|false
191.80|(7290.42,-.74)|(1.00,-.08)|7289.420362506471|24.586499776486363|7289|0|0|(7300.42,.00)|(7388.77,.00)|(7308.46,.00)|-0.54|1.00|0.00|(7310.42,.00)|(1.00,.00)|7309.420362506471|24.586499776486363|0|null|2.2973784119156884|0|null|false|0|false
191.85|(7292.38,-.94)|(1.00,-.08)|7291.379815088179|24.586499776486363|7291|0|0|(7302.38,.00)|(7390.73,.00)|(7310.42,.00)|-0.54|1.00|0.00|(7312.38,.00)|(1.00,.00)|7311.379815088179|24.586499776486363|0|null|2.2435427568312027|0|null|false|0|false
191.90|(7294.34,-1.15)|(1.00,-.09)|7293.338060179706|24.586499776486363|7293|0|0|(7304.34,.00)|(7392.68,.00)|(7312.38,.00)|-0.54|1.00|0.00|(7314.34,.00)|(1.00,.00)|7313.338060179706|24.586499776486363|0|null|2.1865013454533866|0|null|false|0|false
191.95|(7296.30,-1.37)|(1.00,-.09)|7295.295027420116|24.586499776486363|7295|0|0|(7306.30,.00)|(7394.64,.00)|(7314.34,.00)|-0.54|1.00|0.00|(7316.30,.00)|(1.00,.00)|7315.295027420116|24.586499776486363|0|null|2.1262578580784925|0|null|false|0|false
192.00|(7298.25,-1.60)|(.99,-.10)|7297.250645910663|24.586499776486363|7297|0|0|(7308.25,.00)|(7396.60,.00)|(7316.30,.00)|-0.54|1.00|0.00|(7318.25,.00)|(1.00,.00)|7317.250645910663|24.586499776486363|0|null|2.0628143253728837|0|null|false|0|false
192.05|(7300.20,-1.84)|(.99,-.11)|7299.204844111682|24.586499776486363|7299|0|0|(7310.20,.00)|(7398.55,.00)|(7318.25,.00)|-0.54|1.00|0.00|(7320.20,.00)|(1.00,.00)|7319.204844111682|24.586499776486363|0|null|1.9961712607551125|0|null|false|0|false
192.10|(7302.16,-2.10)|(.99,-.11)|7301.157549774127|24.586499776486363|7301|0|0|(7312.16,.00)|(7400.50,.00)|(7320.20,.00)|-0.54|1.00|0.00|(7322.16,.00)|(1.00,.00)|7321.157549774127|24.586499776486363|0|null|1.9263278320433168|0|null|false|0|false
192.15|(7304.11,-2.37)|(.99,-.12)|7303.108689908057|24.586499776486363|7303|0|0|(7314.11,.00)|(7402.45,.00)|(7322.16,.00)|-0.54|1.00|0.00|(7324.11,.00)|(1.00,.00)|7323.108689908057|24.586499776486363|0|null|1.8532820668624521|0|null|false|0|false
192.20|(7306.07,-2.56)|(.99,-.11)|7305.066151757316|24.586499776486363|7305|0|0|(7316.07,.00)|(7404.41,.00)|(7324.11,.00)|0.89|1.00|0.00|(7326.07,.00)|(1.00,.00)|7325.066151757316|24.586499776486363|0|null|1.8015845880504446|0|null|false|0|false
192.25|(7308.03,-2.73)|(.99,-.11)|7307.025586802238|24.586499776486363|7307|0|0|(7318.03,.00)|(7406.37,.00)|(7326.07,.00)|0.89|1.00|0.00|(7328.03,.00)|(1.00,.00)|7327.025586802238|24.586499776486363|0|null|1.7550805813400618|0|null|false|0|false
192.30|(7309.99,-2.88)|(1.00,-.10)|7308.9868114170595|24.586499776486363|7308|0|0|(7319.99,.00)|(7408.33,.00)|(7328.03,.00)|0.89|1.00|0.00|(7329.99,.00)|(1.00,.00)|7328.9868114170595|24.586499776486363|0|null|1.713847927268632|0|null|false|0|false
192.35|(7311.95,-3.01)|(1.00,-.09)|7310.9496330542825|24.586499776486363|7310|0|0|(7321.95,.00)|(7410.30,.00)|(7329.99,.00)|0.89|1.00|0.00|(7331.95,.00)|(1.00,.00)|7330.9496330542825|24.586499776486363|0|null|1.6779552715179853|0|null|false|0|false
192.40|(7313.91,-3.07)|(1.00,-.08)|7312.912022078511|24.586499776486363|7312|0|0|(7323.91,.00)|(7412.26,.00)|(7331.95,.00)|1.64|1.00|0.00|(7333.91,.00)|(1.00,.00)|7332.912022078511|24.586499776486363|0|null|1.66043750591594|0|null|false|0|false
192.45|(7315.88,-3.10)|(1.00,-.06)|7314.875641232492|24.586499776486363|7314|0|0|(7325.88,.00)|(7414.22,.00)|(7333.91,.00)|1.64|1.00|0.00|(7335.88,.00)|(1.00,.00)|7334.875641232492|24.586499776486363|0|null|1.6528168464715893|0|null|false|0|false
192.50|(7317.84,-3.09)|(1.00,-.04)|7316.839787281561|24.586499776486363|7316|0|0|(7327.84,.00)|(7416.19,.00)|(7335.88,.00)|1.64|1.00|0.00|(7337.84,.00)|(1.00,.00)|7336.839787281561|24.586499776486363|0|null|1.65518375559044|0|null|false|0|false
192.55|(7319.80,-3.05)|(1.00,-.03)|7318.804566981825|24.586499776486363|7318|0|0|(7329.80,.00)|(7418.15,.00)|(7337.84,.00)|1.52|1.00|0.00|(7339.80,.00)|(1.00,.00)|7338.804566981825|24.586499776486363|0|null|1.6656010702766229|0|null|false|0|false
192.60|(7321.77,-2.98)|(1.00,-.01)|7320.768626910498|24.586499776486363|7320|0|0|(7331.77,.00)|(7420.11,.00)|(7339.80,.00)|1.52|1.00|0.00|(7341.77,.00)|(1.00,.00)|7340.768626910498|24.586499776486363|0|null|1.6854554094058827|0|null|false|0|false
192.65|(7323.73,-2.87)|(1.00,.00)|7322.731325810015|24.586499776486363|7322|0|0|(7333.73,.00)|(7422.08,.00)|(7341.77,.00)|1.52|1.00|0.00|(7343.73,.00)|(1.00,.00)|7342.731325810015|24.586499776486363|0|null|1.714793729009826|0|null|false|0|false
192.70|(7325.69,-2.73)|(1.00,.02)|7324.6920163753475|24.586499776486363|7324|0|0|(7335.69,.00)|(7424.04,.00)|(7343.73,.00)|1.52|1.00|0.00|(7345.69,.00)|(1.00,.00)|7344.6920163753475|24.586499776486363|0|null|1.7536534984220173|0|null|false|0|false
192.75|(7327.65,-2.58)|(1.00,.03)|7326.654102655019|24.586499776486363|7326|0|0|(7337.65,.00)|(7426.00,.00)|(7345.69,.00)|1.07|1.00|0.00|(7347.65,.00)|(1.00,.00)|7346.654102655019|24.586499776486363|0|null|1.7943844664999185|0|null|false|0|false
192.80|(7329.61,-2.41)|(1.00,.05)|7328.614194337897|24.586499776486363|7328|0|0|(7339.61,.00)|(7427.96,.00)|(7347.65,.00)|1.07|1.00|0.00|(7349.61,.00)|(1.00,.00)|7348.614194337897|24.586499776486363|0|null|1.842051050357853|0|null|false|0|false
192.85|(7331.57,-2.21)|(1.00,.06)|7330.571949875717|24.586499776486363|7330|0|0|(7341.57,.00)|(7429.92,.00)|(7349.61,.00)|1.07|1.00|0.00|(7351.57,.00)|(1.00,.00)|7350.571949875717|24.586499776486363|0|null|1.8966521794155295|0|null|false|0|false
192.90|(7333.53,-2.01)|(1.00,.07)|7332.530600799068|24.586499776486363|7332|0|0|(7343.53,.00)|(7431.88,.00)|(7351.57,.00)|0.66|1.00|0.00|(7353.53,.00)|(1.00,.00)|7352.530600799068|24.586499776486363|0|null|1.9510869622222142|0|null|false|0|false
192.95|(7335.49,-1.79)|(1.00,.08)|7334.487565250733|24.586499776486363|7334|0|0|(7345.49,.00)|(7433.83,.00)|(7353.53,.00)|0.66|1.00|0.00|(7355.49,.00)|(1.00,.00)|7354.487565250733|24.586499776486363|0|null|2.0100157261445117|0|null|false|0|false
193.00|(7337.44,-1.56)|(1.00,.09)|7336.4427066116905|24.586499776486363|7336|0|0|(7347.44,.00)|(7435.79,.00)|(7355.49,.00)|0.66|1.00|0.00|(7357.44,.00)|(1.00,.00)|7356.4427066116905|24.586499776486363|0|null|2.0734168095897862|0|null|false|0|false
193.05|(7339.40,-1.34)|(1.00,.09)|7338.399061812697|24.586499776486363|7338|0|0|(7349.40,.00)|(7437.75,.00)|(7357.44,.00)|0.24|1.00|0.00|(7359.40,.00)|(1.00,.00)|7358.399061812697|24.586499776486363|0|null|2.134144979723797|0|null|false|0|false
193.10|(7341.35,-1.11)|(1.00,.10)|7340.354641953839|24.586499776486363|7340|0|0|(7351.35,.00)|(7439.70,.00)|(7359.40,.00)|0.24|1.00|0.00|(7361.35,.00)|(1.00,.00)|7360.354641953839|24.586499776486363|0|null|2.1968690209337223|0|null|false|0|false
193.15|(7343.31,-.87)|(.99,.10)|7342.3094283168075|24.586499776486363|7342|0|0|(7353.31,.00)|(7441.66,.00)|(7361.35,.00)|0.24|1.00|0.00|(7363.31,.00)|(1.00,.00)|7362.3094283168075|24.586499776486363|0|null|2.261554113327919|0|null|false|0|false
193.20|(7345.26,-.63)|(.99,.11)|7344.2634023020955|24.586499776486363|7344|0|0|(7355.26,.00)|(7443.61,.00)|(7363.31,.00)|0.24|1.00|0.00|(7365.26,.00)|(1.00,.00)|7364.2634023020955|24.586499776486363|0|null|2.3281696652344683|0|null|false|0|false
193.25|(7347.22,-.38)|(.99,.11)|7346.2165452546105|24.586499776486363|7346|0|0|(7357.22,.00)|(7445.56,.00)|(7365.26,.00)|0.24|1.00|0.00|(7367.22,.00)|(1.00,.00)|7366.2165452546105|24.586499776486363|0|null|2.3966888901258177|0|null|false|0|false
193.30|(7349.17,-.15)|(.99,.11)|7348.172013131144|24.586499776486363|7348|0|0|(7359.17,.00)|(7447.52,.00)|(7367.22,.00)|-0.27|1.00|0.00|(7369.17,.00)|(1.00,.00)|7368.172013131144|24.586499776486363|0|null|2.4582448953403664|0|null|false|0|false
193.35|(7351.13,.07)|(.99,.11)|7350.1280916616915|24.586499776486363|7350|0|0|(7361.13,.00)|(7449.47,.00)|(7369.17,.00)|-0.27|1.00|0.00|(7371.13,.00)|(1.00,.00)|7370.1280916616915|24.586499776486363|0|null|2.5186361689752226|0|null|false|0|false
193.40|(7353.08,.28)|(.99,.11)|7352.084778482795|24.586499776486363|7352|0|0|(7363.08,.00)|(7451.43,.00)|(7371.13,.00)|-0.27|1.00|0.00|(7373.08,.00)|(1.00,.00)|7372.084778482795|24.586499776486363|0|null|2.5778164789622364|0|null|false|0|false
193.45|(7355.04,.47)|(.99,.11)|7354.043542150672|24.586499776486363|7354|0|0|(7365.04,.00)|(7453.39,.00)|(7373.08,.00)|-0.72|1.00|0.00|(7375.04,.00)|(1.00,.00)|7374.043542150672|24.586499776486363|0|null|2.6280640722398174|0|null|false|0|false
193.50|(7357.00,.64)|(.99,.10)|7356.003790227288|24.586499776486363|7356|0|0|(7367.00,.00)|(7455.35,.00)|(7375.04,.00)|-0.72|1.00|0.00|(7377.00,.00)|(1.00,.00)|7376.003790227288|24.586499776486363|0|null|2.674394920299165|0|null|false|0|false
193.55|(7358.97,.79)|(1.00,.10)|7357.965416191137|24.586499776486363|7357|0|0|(7368.97,.00)|(7457.31,.00)|(7377.00,.00)|-0.72|1.00|0.00|(7378.97,.00)|(1.00,.00)|7377.965416191137|24.586499776486363|0|null|2.716748344586114|0|null|false|0|false
193.60|(7360.93,.93)|(1.00,.09)|7359.92830849859|24.586499776486363|7359|0|0|(7370.93,.00)|(7459.27,.00)|(7378.97,.00)|-0.72|1.00|0.00|(7380.93,.00)|(1.00,.00)|7379.92830849859|24.586499776486363|0|null|2.755069666891689|0|null|false|0|false
193.65|(7362.89,1.04)|(1.00,.08)|7361.89237446321|24.586499776486363|7361|0|0|(7372.89,.00)|(7461.24,.00)|(7380.93,.00)|-0.94|1.00|0.00|(7382.89,.00)|(1.00,.00)|7381.89237446321|24.586499776486363|0|null|2.785406616407985|0|null|false|0|false
193.70|(7364.86,1.14)|(1.00,.07)|7363.85764668085|24.586499776486363|7363|0|0|(7374.86,.00)|(7463.20,.00)|(7382.89,.00)|-0.94|1.00|0.00|(7384.86,.00)|(1.00,.00)|7383.85764668085|24.586499776486363|0|null|2.810279586607842|0|null|false|0|false
193.75|(7366.82,1.21)|(1.00,.07)|7365.823910261652|24.586499776486363|7365|0|0|(7376.82,.00)|(7465.17,.00)|(7384.86,.00)|-0.94|1.00|0.00|(7386.82,.00)|(1.00,.00)|7385.823910261652|24.586499776486363|0|null|2.8296338370424468|0|null|false|0|false
193.80|(7368.79,1.26)|(1.00,.06)|7367.790901016781|24.586499776486363|7367|0|0|(7378.79,.00)|(7467.14,.00)|(7386.82,.00)|-0.97|1.00|0.00|(7388.79,.00)|(1.00,.00)|7387.790901016781|24.586499776486363|0|null|2.843043872028438|0|null|false|0|false
193.85|(7370.76,1.28)|(1.00,.05)|7369.758436218222|24.586499776486363|7369|0|0|(7380.76,.00)|(7469.10,.00)|(7388.79,.00)|-0.97|1.00|0.00|(7390.76,.00)|(1.00,.00)|7389.758436218222|24.586499776486363|0|null|2.850711257195485|0|null|false|0|false
193.90|(7372.73,1.29)|(1.00,.04)|7371.726277601|24.586499776486363|7371|0|0|(7382.73,.00)|(7471.07,.00)|(7390.76,.00)|-0.97|1.00|0.00|(7392.73,.00)|(1.00,.00)|7391.726277601|24.586499776486363|0|null|2.8525933605128975|0|null|false|0|false
193.95|(7374.69,1.28)|(1.00,.03)|7373.694183397729|24.586499776486363|7373|0|0|(7384.69,.00)|(7473.04,.00)|(7392.73,.00)|-0.97|1.00|0.00|(7394.69,.00)|(1.00,.00)|7393.694183397729|24.586499776486363|0|null|2.8486511345485694|0|null|false|0|false
194.00|(7376.66,1.25)|(1.00,.02)|7375.662402950878|24.586499776486363|7375|0|0|(7386.66,.00)|(7475.01,.00)|(7394.69,.00)|-0.84|1.00|0.00|(7396.66,.00)|(1.00,.00)|7395.662402950878|24.586499776486363|0|null|2.8410695292079176|0|null|false|0|false
194.05|(7378.63,1.20)|(1.00,.01)|7377.630334739096|24.586499776486363|7377|0|0|(7388.63,.00)|(7476.98,.00)|(7396.66,.00)|-0.84|1.00|0.00|(7398.63,.00)|(1.00,.00)|7397.630334739096|24.586499776486363|0|null|2.828357173448199|0|null|false|0|false
194.10|(7380.60,1.14)|(1.00,-.00)|7379.5977888101825|24.586499776486363|7379|0|0|(7390.60,.00)|(7478.94,.00)|(7398.63,.00)|-0.84|1.00|0.00|(7400.60,.00)|(1.00,.00)|7399.5977888101825|24.586499776486363|0|null|2.810490066602325|0|null|false|0|false
194.15|(7382.57,1.06)|(1.00,-.01)|7381.5653692321375|24.586499776486363|7381|0|0|(7392.57,.00)|(7480.91,.00)|(7400.60,.00)|-0.66|1.00|0.00|(7402.57,.00)|(1.00,.00)|7401.5653692321375|24.586499776486363|0|null|2.790550753446792|0|null|false|0|false
194.20|(7384.53,.98)|(1.00,-.02)|7383.53236534957|24.586499776486363|7383|0|0|(7394.53,.00)|(7482.88,.00)|(7402.57,.00)|-0.66|1.00|0.00|(7404.53,.00)|(1.00,.00)|7403.53236534957|24.586499776486363|0|null|2.7664785680803234|0|null|false|0|false
194.25|(7386.50,.87)|(1.00,-.03)|7385.498654213526|24.586499776486363|7385|0|0|(7396.50,.00)|(7484.84,.00)|(7404.53,.00)|-0.66|1.00|0.00|(7406.50,.00)|(1.00,.00)|7405.498654213526|24.586499776486363|0|null|2.738262056931681|0|null|false|0|false
194.30|(7388.46,.75)|(1.00,-.03)|7387.4641123541205|24.586499776486363|7387|0|0|(7398.46,.00)|(7486.81,.00)|(7406.50,.00)|-0.66|1.00|0.00|(7408.46,.00)|(1.00,.00)|7407.4641123541205|24.586499776486363|0|null|2.705889682474746|0|null|false|0|false
194.35|(7390.43,.63)|(1.00,-.04)|7389.429741766301|24.586499776486363|7389|0|0|(7400.43,.00)|(7488.78,.00)|(7408.46,.00)|-0.43|1.00|0.00|(7410.43,.00)|(1.00,.00)|7409.429741766301|24.586499776486363|0|null|2.673315198043034|0|null|false|0|false
194.40|(7392.39,.50)|(1.00,-.05)|7391.394742836219|24.586499776486363|7391|0|0|(7402.39,.00)|(7490.74,.00)|(7410.43,.00)|-0.43|1.00|0.00|(7412.39,.00)|(1.00,.00)|7411.394742836219|24.586499776486363|0|null|2.637922413229738|0|null|false|0|false
194.45|(7394.36,.36)|(1.00,-.05)|7393.359058659419|24.586499776486363|7393|0|0|(7404.36,.00)|(7492.71,.00)|(7412.39,.00)|-0.43|1.00|0.00|(7414.36,.00)|(1.00,.00)|7413.359058659419|24.586499776486363|0|null|2.599711644763929|0|null|false|0|false
194.50|(7396.32,.21)|(1.00,-.06)|7395.322632359892|24.586499776486363|7395|0|0|(7406.32,.00)|(7494.67,.00)|(7414.36,.00)|-0.43|1.00|0.00|(7416.32,.00)|(1.00,.00)|7415.322632359892|24.586499776486363|0|null|2.558682289991037|0|null|false|0|false
194.55|(7398.29,.08)|(1.00,-.06)|7397.287269858166|24.586499776486363|7397|0|0|(7408.29,.00)|(7496.63,.00)|(7416.32,.00)|0.02|1.00|0.00|(7418.29,.00)|(1.00,.00)|7417.287269858166|24.586499776486363|0|null|2.5224351433859376|0|null|false|0|false
194.60|(7400.25,-.05)|(1.00,-.06)|7399.251908976023|24.586499776486363|7399|0|0|(7410.25,.00)|(7498.60,.00)|(7418.29,.00)|0.02|1.00|0.00|(7420.25,.00)|(1.00,.00)|7419.251908976023|24.586499776486363|0|null|2.4859730522868437|0|null|false|0|false
194.65|(7402.22,-.19)|(1.00,-.06)|7401.216549442658|24.586499776486363|7401|0|0|(7412.22,.00)|(7500.56,.00)|(7420.25,.00)|0.02|1.00|0.00|(7422.22,.00)|(1.00,.00)|7421.216549442658|24.586499776486363|0|null|2.4493176036651882|0|null|false|0|false
194.70|(7404.18,-.31)|(1.00,-.06)|7403.181777159131|24.586499776486363|7403|0|0|(7414.18,.00)|(7502.53,.00)|(7422.22,.00)|0.25|1.00|0.00|(7424.18,.00)|(1.00,.00)|7423.181777159131|24.586499776486363|0|null|2.41651962124709|0|null|false|0|false
194.75|(7406.15,-.42)|(1.00,-.06)|7405.147346529801|24.586499776486363|7405|0|0|(7416.15,.00)|(7504.49,.00)|(7424.18,.00)|0.25|1.00|0.00|(7426.15,.00)|(1.00,.00)|7425.147346529801|24.586499776486363|0|null|2.3849470603559197|0|null|false|0|false
194.80|(7408.11,-.53)|(1.00,-.06)|7407.113245936329|24.586499776486363|7407|0|0|(7418.11,.00)|(7506.46,.00)|(7426.15,.00)|0.25|1.00|0.00|(7428.11,.00)|(1.00,.00)|7427.113245936329|24.586499776486363|0|null|2.3546288302675764|0|null|false|0|false
194.85|(7410.08,-.64)|(1.00,-.06)|7409.079463053913|24.586499776486363|7409|0|0|(7420.08,.00)|(7508.43,.00)|(7428.11,.00)|0.25|1.00|0.00|(7430.08,.00)|(1.00,.00)|7429.079463053913|24.586499776486363|0|null|2.3255912914367354|0|null|false|0|false
194.90|(7412.05,-.73)|(1.00,-.06)|7411.046164685456|24.586499776486363|7411|0|0|(7422.05,.00)|(7510.39,.00)|(7430.08,.00)|0.42|1.00|0.00|(7432.05,.00)|(1.00,.00)|7431.046164685456|24.586499776486363|0|null|2.300732169403109|0|null|false|0|false
194.95|(7414.01,-.81)|(1.00,-.05)|7413.013311281237|24.586499776486363|7413|0|0|(7424.01,.00)|(7512.36,.00)|(7432.05,.00)|0.42|1.00|0.00|(7434.01,.00)|(1.00,.00)|7433.013311281237|24.586499776486363|0|null|2.2781862468901393|0|null|false|0|false
195.00|(7415.98,-.89)|(1.00,-.05)|7414.980862904191|24.586499776486363|7414|0|0|(7425.98,.00)|(7514.33,.00)|(7434.01,.00)|0.42|1.00|0.00|(7435.98,.00)|(1.00,.00)|7434.980862904191|24.586499776486363|0|null|2.2579841345349587|0|null|false|0|false
195.05|(7417.95,-.95)|(1.00,-.05)|7416.948778550722|24.586499776486363|7416|0|0|(7427.95,.00)|(7516.29,.00)|(7435.98,.00)|0.42|1.00|0.00|(7437.95,.00)|(1.00,.00)|7436.948778550722|24.586499776486363|0|null|2.240154241513597|0|null|false|0|false
195.10|(7419.92,-1.00)|(1.00,-.04)|7418.916948614964|24.586499776486363|7418|0|0|(7429.92,.00)|(7518.26,.00)|(7437.95,.00)|0.55|1.00|0.00|(7439.92,.00)|(1.00,.00)|7438.916948614964|24.586499776486363|0|null|2.2270664311010746|0|null|false|0|false
195.15|(7421.89,-1.04)|(1.00,-.04)|7420.885434244186|24.586499776486363|7420|0|0|(7431.89,.00)|(7520.23,.00)|(7439.92,.00)|0.55|1.00|0.00|(7441.89,.00)|(1.00,.00)|7440.885434244186|24.586499776486363|0|null|2.217206508232494|0|null|false|0|false
195.20|(7423.85,-1.06)|(1.00,-.03)|7422.854158952111|24.586499776486363|7422|0|0|(7433.85,.00)|(7522.20,.00)|(7441.89,.00)|0.55|1.00|0.00|(7443.85,.00)|(1.00,.00)|7442.854158952111|24.586499776486363|0|null|2.210605361951342|0|null|false|0|false
195.25|(7425.82,-1.07)|(1.00,-.03)|7424.823030348794|24.586499776486363|7424|0|0|(7435.82,.00)|(7524.17,.00)|(7443.85,.00)|0.56|1.00|0.00|(7445.82,.00)|(1.00,.00)|7444.823030348794|24.586499776486363|0|null|2.2074354945138412|0|null|false|0|false
195.30|(7427.79,-1.07)|(1.00,-.02)|7426.791981492189|24.586499776486363|7426|0|0|(7437.79,.00)|(7526.14,.00)|(7445.82,.00)|0.56|1.00|0.00|(7447.79,.00)|(1.00,.00)|7446.791981492189|24.586499776486363|0|null|2.20762875177917|0|null|false|0|false
195.35|(7429.76,-1.06)|(1.00,-.01)|7428.760929745154|24.586499776486363|7428|0|0|(7439.76,.00)|(7528.11,.00)|(7447.79,.00)|0.56|1.00|0.00|(7449.76,.00)|(1.00,.00)|7448.760929745154|24.586499776486363|0|null|2.21120980968227|0|null|false|0|false
195.40|(7431.73,-1.04)|(1.00,-.01)|7430.729964694882|24.586499776486363|7430|0|0|(7441.73,.00)|(7530.08,.00)|(7449.76,.00)|0.49|1.00|0.00|(7451.73,.00)|(1.00,.00)|7450.729964694882|24.586499776486363|0|null|2.2169918328001597|0|null|false|0|false
195.45|(7433.70,-1.00)|(1.00,-.00)|7432.698876384177|24.586499776486363|7432|0|0|(7443.70,.00)|(7532.04,.00)|(7451.73,.00)|0.49|1.00|0.00|(7453.70,.00)|(1.00,.00)|7452.698876384177|24.586499776486363|0|null|2.225789185923989|0|null|false|0|false
195.50|(7435.67,-.96)|(1.00,.00)|7434.667598806758|24.586499776486363|7434|0|0|(7445.67,.00)|(7534.01,.00)|(7453.70,.00)|0.49|1.00|0.00|(7455.67,.00)|(1.00,.00)|7454.667598806758|24.586499776486363|0|null|2.2376162923911163|0|null|false|0|false
195.55|(7437.64,-.91)|(1.00,.01)|7436.6360656249435|24.586499776486363|7436|0|0|(7447.64,.00)|(7535.98,.00)|(7455.67,.00)|0.49|1.00|0.00|(7457.64,.00)|(1.00,.00)|7456.6360656249435|24.586499776486363|0|null|2.2524857966154084|0|null|false|0|false
195.60|(7439.60,-.84)|(1.00,.01)|7438.604210274166|24.586499776486363|7438|0|0|(7449.60,.00)|(7537.95,.00)|(7457.64,.00)|0.49|1.00|0.00|(7459.60,.00)|(1.00,.00)|7458.604210274166|24.586499776486363|0|null|2.27040847007055|0|null|false|0|false
195.65|(7441.57,-.77)|(1.00,.02)|7440.57245420233|24.586499776486363|7440|0|0|(7451.57,.00)|(7539.92,.00)|(7459.60,.00)|0.34|1.00|0.00|(7461.57,.00)|(1.00,.00)|7460.57245420233|24.586499776486363|0|null|2.2888185926967983|0|null|false|0|false
195.70|(7443.54,-.70)|(1.00,.02)|7442.54041930248|24.586499776486363|7442|0|0|(7453.54,.00)|(7541.89,.00)|(7461.57,.00)|0.34|1.00|0.00|(7463.54,.00)|(1.00,.00)|7462.54041930248|24.586499776486363|0|null|2.309413402713169|0|null|false|0|false
195.75|(7445.51,-.61)|(1.00,.03)|7444.508072370424|24.586499776486363|7444|0|0|(7455.51,.00)|(7543.85,.00)|(7463.54,.00)|0.34|1.00|0.00|(7465.51,.00)|(1.00,.00)|7464.508072370424|24.586499776486363|0|null|2.3321896922983156|0|null|false|0|false
195.80|(7447.48,-.54)|(1.00,.03)|7446.4760088393|24.586499776486363|7446|0|0|(7457.48,.00)|(7545.82,.00)|(7465.51,.00)|0.12|1.00|0.00|(7467.48,.00)|(1.00,.00)|7466.4760088393|24.586499776486363|0|null|2.3533822193888194|0|null|false|0|false
195.85|(7449.44,-.46)|(1.00,.03)|7448.443828082914|24.586499776486363|7448|0|0|(7459.44,.00)|(7547.79,.00)|(7467.48,.00)|0.12|1.00|0.00|(7469.44,.00)|(1.00,.00)|7468.443828082914|24.586499776486363|0|null|2.375454779252788|0|null|false|0|false
195.90|(7451.41,-.37)|(1.00,.03)|7450.411526501645|24.586499776486363|7450|0|0|(7461.41,.00)|(7549.76,.00)|(7469.44,.00)|0.12|1.00|0.00|(7471.41,.00)|(1.00,.00)|7470.411526501645|24.586499776486363|0|null|2.398388348280717|0|null|false|0|false
195.95|(7453.38,-.29)|(1.00,.04)|7452.379414634756|24.586499776486363|7452|0|0|(7463.38,.00)|(7551.73,.00)|(7471.41,.00)|-0.02|1.00|0.00|(7473.38,.00)|(1.00,.00)|7472.379414634756|24.586499776486363|0|null|2.4196227396910013|0|null|false|0|false
196.00|(7455.35,-.22)|(1.00,.04)|7454.347326827116|24.586499776486363|7454|0|0|(7465.35,.00)|(7553.69,.00)|(7473.38,.00)|-0.02|1.00|0.00|(7475.35,.00)|(1.00,.00)|7474.347326827116|24.586499776486363|0|null|2.440807027734926|0|null|false|0|false
196.05|(7457.32,-.14)|(1.00,.04)|7456.315265337718|24.586499776486363|7456|0|0|(7467.32,.00)|(7555.66,.00)|(7475.35,.00)|-0.02|1.00|0.00|(7477.32,.00)|(1.00,.00)|7476.315265337718|24.586499776486363|0|null|2.461913050705692|0|null|false|0|false
196.10|(7459.28,-.06)|(1.00,.04)|7458.283232487816|24.586499776486363|7458|0|0|(7469.28,.00)|(7557.63,.00)|(7477.32,.00)|-0.02|1.00|0.00|(7479.28,.00)|(1.00,.00)|7478.283232487816|24.586499776486363|0|null|2.482913020436244|0|null|false|0|false
196.15|(7461.25,.00)|(1.00,.04)|7460.251431601704|24.586499776486363|7460|0|0|(7471.25,.00)|(7559.60,.00)|(7479.28,.00)|-0.18|1.00|0.00|(7481.25,.00)|(1.00,.00)|7480.251431601704|24.586499776486363|0|null|2.5011084435089295|0|null|false|0|false
196.20|(7463.22,.07)|(1.00,.04)|7462.219782142705|24.586499776486363|7462|0|0|(7473.22,.00)|(7561.57,.00)|(7481.25,.00)|-0.18|1.00|0.00|(7483.22,.00)|(1.00,.00)|7482.219782142705|24.586499776486363|0|null|2.5182262388443735|0|null|false|0|false
196.25|(7465.19,.13)|(1.00,.03)|7464.188277729351|24.586499776486363|7464|0|0|(7475.19,.00)|(7563.53,.00)|(7483.22,.00)|-0.18|1.00|0.00|(7485.19,.00)|(1.00,.00)|7484.188277729351|24.586499776486363|0|null|2.5342309153178957|0|null|false|0|false
196.30|(7467.16,.17)|(1.00,.03)|7466.156940649517|24.586499776486363|7466|0|0|(7477.16,.00)|(7565.50,.00)|(7485.19,.00)|-0.26|1.00|0.00|(7487.16,.00)|(1.00,.00)|7486.156940649517|24.586499776486363|0|null|2.5476285668126564|0|null|false|0|false
196.35|(7469.13,.22)|(1.00,.03)|7468.125769678414|24.586499776486363|7468|0|0|(7479.13,.00)|(7567.47,.00)|(7487.16,.00)|-0.26|1.00|0.00|(7489.13,.00)|(1.00,.00)|7488.125769678414|24.586499776486363|0|null|2.559344883981465|0|null|false|0|false
196.40|(7471.09,.25)|(1.00,.03)|7470.094745674937|24.586499776486363|7470|0|0|(7481.09,.00)|(7569.44,.00)|(7489.13,.00)|-0.26|1.00|0.00|(7491.09,.00)|(1.00,.00)|7490.094745674937|24.586499776486363|0|null|2.5693436843211632|0|null|false|0|false
196.45|(7473.06,.28)|(1.00,.02)|7472.063848366935|24.586499776486363|7472|0|0|(7483.06,.00)|(7571.41,.00)|(7491.09,.00)|-0.26|1.00|0.00|(7493.06,.00)|(1.00,.00)|7492.063848366935|24.586499776486363|0|null|2.5775908030756507|0|null|false|0|false
196.50|(7475.03,.31)|(1.00,.02)|7474.033039667535|24.586499776486363|7474|0|0|(7485.03,.00)|(7573.38,.00)|(7493.06,.00)|-0.29|1.00|0.00|(7495.03,.00)|(1.00,.00)|7494.033039667535|24.586499776486363|0|null|2.58356502164383|0|null|false|0|false
196.55|(7477.00,.32)|(1.00,.02)|7476.002314582636|24.586499776486363|7476|0|0|(7487.00,.00)|(7575.35,.00)|(7495.03,.00)|-0.29|1.00|0.00|(7497.00,.00)|(1.00,.00)|7496.002314582636|24.586499776486363|0|null|2.587557683638436|0|null|false|0|false
196.60|(7478.97,.33)|(1.00,.01)|7477.971645151818|24.586499776486363|7477|0|0|(7488.97,.00)|(7577.32,.00)|(7497.00,.00)|-0.29|1.00|0.00|(7498.97,.00)|(1.00,.00)|7497.971645151818|24.586499776486363|0|null|2.589539727277075|0|null|false|0|false
196.65|(7480.94,.33)|(1.00,.01)|7479.941002426322|24.586499776486363|7479|0|0|(7490.94,.00)|(7579.29,.00)|(7498.97,.00)|-0.29|1.00|0.00|(7500.94,.00)|(1.00,.00)|7499.941002426322|24.586499776486363|0|null|2.589484741595905|0|null|false|0|false
196.70|(7482.91,.32)|(1.00,.01)|7481.910372518279|24.586499776486363|7481|0|0|(7492.91,.00)|(7581.26,.00)|(7500.94,.00)|-0.28|1.00|0.00|(7502.91,.00)|(1.00,.00)|7501.910372518279|24.586499776486363|0|null|2.587567738822106|0|null|false|0|false
196.75|(7484.88,.31)|(1.00,.00)|7483.879712970441|24.586499776486363|7483|0|0|(7494.88,.00)|(7583.23,.00)|(7502.91,.00)|-0.28|1.00|0.00|(7504.88,.00)|(1.00,.00)|7503.879712970441|24.586499776486363|0|null|2.58363754360958|0|null|false|0|false
196.80|(7486.85,.28)|(1.00,.00)|7485.848994619136|24.586499776486363|7485|0|0|(7496.85,.00)|(7585.19,.00)|(7504.88,.00)|-0.28|1.00|0.00|(7506.85,.00)|(1.00,.00)|7505.848994619136|24.586499776486363|0|null|2.5776770276671943|0|null|false|0|false
196.85|(7488.82,.25)|(1.00,-.00)|7487.818187879063|24.586499776486363|7487|0|0|(7498.82,.00)|(7587.16,.00)|(7506.85,.00)|-0.28|1.00|0.00|(7508.82,.00)|(1.00,.00)|7507.818187879063|24.586499776486363|0|null|2.56967207400188|0|null|false|0|false
196.90|(7490.79,.23)|(1.00,-.01)|7489.787464016003|24.586499776486363|7489|0|0|(7500.79,.00)|(7589.13,.00)|(7508.82,.00)|-0.17|1.00|0.00|(7510.79,.00)|(1.00,.00)|7509.787464016003|24.586499776486363|0|null|2.5615265820222373|0|null|false|0|false
196.95|(7492.76,.19)|(1.00,-.01)|7491.756660144587|24.586499776486363|7491|0|0|(7502.76,.00)|(7591.10,.00)|(7510.79,.00)|-0.17|1.00|0.00|(7512.76,.00)|(1.00,.00)|7511.756660144587|24.586499776486363|0|null|2.5519753743106595|0|null|false|0|false
197.00|(7494.73,.15)|(1.00,-.01)|7493.725762535235|24.586499776486363|7493|0|0|(7504.73,.00)|(7593.07,.00)|(7512.76,.00)|-0.17|1.00|0.00|(7514.73,.00)|(1.00,.00)|7513.725762535235|24.586499776486363|0|null|2.541019680962181|0|null|false|0|false
197.05|(7496.69,.10)|(1.00,-.01)|7495.694757755542|24.586499776486363|7495|0|0|(7506.69,.00)|(7595.04,.00)|(7514.73,.00)|-0.17|1.00|0.00|(7516.69,.00)|(1.00,.00)|7515.694757755542|24.586499776486363|0|null|2.528663173377659|0|null|false|0|false
197.10|(7498.66,.06)|(1.00,-.02)|7497.6638413708015|24.586499776486363|7497|0|0|(7508.66,.00)|(7597.01,.00)|(7516.69,.00)|-0.05|1.00|0.00|(7518.66,.00)|(1.00,.00)|7517.6638413708015|24.586499776486363|0|null|2.517039518118569|0|null|false|0|false
197.15|(7500.63,.02)|(1.00,-.02)|7499.632875455638|24.586499776486363|7499|0|0|(7510.63,.00)|(7598.98,.00)|(7518.66,.00)|-0.05|1.00|0.00|(7520.63,.00)|(1.00,.00)|7519.632875455638|24.586499776486363|0|null|2.5047602756403053|0|null|false|0|false
197.20|(7502.60,-.03)|(1.00,-.02)|7501.601858214036|24.586499776486363|7501|0|0|(7512.60,.00)|(7600.95,.00)|(7520.63,.00)|-0.05|1.00|0.00|(7522.60,.00)|(1.00,.00)|7521.601858214036|24.586499776486363|0|null|2.491842936906135|0|null|false|0|false
197.25|(7504.57,-.08)|(1.00,-.02)|7503.570788258985|24.586499776486363|7503|0|0|(7514.57,.00)|(7602.92,.00)|(7522.60,.00)|-0.05|1.00|0.00|(7524.57,.00)|(1.00,.00)|7523.570788258985|24.586499776486363|0|null|2.47830642877917|0|null|false|0|false
197.30|(7506.54,-.13)|(1.00,-.02)|7505.539784846248|24.586499776486363|7505|0|0|(7516.54,.00)|(7604.89,.00)|(7524.57,.00)|0.04|1.00|0.00|(7526.54,.00)|(1.00,.00)|7525.539784846248|24.586499776486363|0|null|2.4657229846872193|0|null|false|0|false
197.35|(7508.51,-.17)|(1.00,-.02)|7507.508782062507|24.586499776486363|7507|0|0|(7518.51,.00)|(7606.85,.00)|(7526.54,.00)|0.04|1.00|0.00|(7528.51,.00)|(1.00,.00)|7527.508782062507|24.586499776486363|0|null|2.4530950025066445|0|null|false|0|false
197.40|(7510.48,-.22)|(1.00,-.02)|7509.477781712391|24.586499776486363|7509|0|0|(7520.48,.00)|(7608.82,.00)|(7528.51,.00)|0.04|1.00|0.00|(7530.48,.00)|(1.00,.00)|7529.477781712391|24.586499776486363|0|null|2.4404498486578077|0|null|false|0|false
197.45|(7512.45,-.26)|(1.00,-.02)|7511.446865599363|24.586499776486363|7511|0|0|(7522.45,.00)|(7610.79,.00)|(7530.48,.00)|0.14|1.00|0.00|(7532.45,.00)|(1.00,.00)|7531.446865599363|24.586499776486363|0|null|2.4294965702009867|0|null|false|0|false
197.50|(7514.42,-.30)|(1.00,-.02)|7513.416000599058|24.586499776486363|7513|0|0|(7524.42,.00)|(7612.76,.00)|(7532.45,.00)|0.14|1.00|0.00|(7534.42,.00)|(1.00,.00)|7533.416000599058|24.586499776486363|0|null|2.419158826769401|0|null|false|0|false
197.55|(7516.39,-.33)|(1.00,-.02)|7515.385185556573|24.586499776486363|7515|0|0|(7526.39,.00)|(7614.73,.00)|(7534.42,.00)|0.14|1.00|0.00|(7536.39,.00)|(1.00,.00)|7535.385185556573|24.586499776486363|0|null|2.4094695320117108|0|null|false|0|false
197.60|(7518.35,-.36)|(1.00,-.02)|7517.354430236533|24.586499776486363|7517|0|0|(7528.35,.00)|(7616.70,.00)|(7536.39,.00)|0.20|1.00|0.00|(7538.35,.00)|(1.00,.00)|7537.354430236533|24.586499776486363|0|null|2.4014063306502655|0|null|false|0|false
197.65|(7520.32,-.39)|(1.00,-.02)|7519.323735034296|24.586499776486363|7519|0|0|(7530.32,.00)|(7618.67,.00)|(7538.35,.00)|0.20|1.00|0.00|(7540.32,.00)|(1.00,.00)|7539.323735034296|24.586499776486363|0|null|2.3943790769502744|0|null|false|0|false
197.70|(7522.29,-.41)|(1.00,-.02)|7521.293093254838|24.586499776486363|7521|0|0|(7532.29,.00)|(7620.64,.00)|(7540.32,.00)|0.20|1.00|0.00|(7542.29,.00)|(1.00,.00)|7541.293093254838|24.586499776486363|0|null|2.388420220796534|0|null|false|0|false
197.75|(7524.26,-.43)|(1.00,-.01)|7523.26249753068|24.586499776486363|7523|0|0|(7534.26,.00)|(7622.61,.00)|(7542.29,.00)|0.20|1.00|0.00|(7544.26,.00)|(1.00,.00)|7543.26249753068|24.586499776486363|0|null|2.3835603130113765|0|null|false|0|false
197.80|(7526.23,-.44)|(1.00,-.01)|7525.231939844467|24.586499776486363|7525|0|0|(7536.23,.00)|(7624.58,.00)|(7544.26,.00)|0.20|1.00|0.00|(7546.23,.00)|(1.00,.00)|7545.231939844467|24.586499776486363|0|null|2.37982783269445|0|null|false|0|false
197.85|(7528.20,-.45)|(1.00,-.01)|7527.201390102452|24.586499776486363|7527|0|0|(7538.20,.00)|(7626.55,.00)|(7546.23,.00)|0.23|1.00|0.00|(7548.20,.00)|(1.00,.00)|7547.201390102452|24.586499776486363|0|null|2.377887942310351|0|null|false|0|false
197.90|(7530.17,-.45)|(1.00,-.01)|7529.170857884947|24.586499776486363|7529|0|0|(7540.17,.00)|(7628.52,.00)|(7548.20,.00)|0.23|1.00|0.00|(7550.17,.00)|(1.00,.00)|7549.170857884947|24.586499776486363|0|null|2.3773450320028147|0|null|false|0|false
197.95|(7532.14,-.45)|(1.00,-.01)|7531.140329350628|24.586499776486363|7531|0|0|(7542.14,.00)|(7630.49,.00)|(7550.17,.00)|0.23|1.00|0.00|(7552.14,.00)|(1.00,.00)|7551.140329350628|24.586499776486363|0|null|2.3782225230353307|0|null|false|0|false
198.00|(7534.11,-.44)|(1.00,-.00)|7533.109790085589|24.586499776486363|7533|0|0|(7544.11,.00)|(7632.46,.00)|(7552.14,.00)|0.23|1.00|0.00|(7554.11,.00)|(1.00,.00)|7553.109790085589|24.586499776486363|0|null|2.380541033801183|0|null|false|0|false
198.05|(7536.08,-.42)|(1.00,-.00)|7535.079225194747|24.586499776486363|7535|0|0|(7546.08,.00)|(7634.43,.00)|(7554.11,.00)|0.23|1.00|0.00|(7556.08,.00)|(1.00,.00)|7555.079225194747|24.586499776486363|0|null|2.3843183382935704|0|null|false|0|false
198.10|(7538.05,-.40)|(1.00,.00)|7537.048619398359|24.586499776486363|7537|0|0|(7548.05,.00)|(7636.39,.00)|(7556.08,.00)|0.23|1.00|0.00|(7558.05,.00)|(1.00,.00)|7557.048619398359|24.586499776486363|0|null|2.3895693591914515|0|null|false|0|false
198.15|(7540.02,-.38)|(1.00,.00)|7539.017957131064|24.586499776486363|7539|0|0|(7550.02,.00)|(7638.36,.00)|(7558.05,.00)|0.23|1.00|0.00|(7560.02,.00)|(1.00,.00)|7559.017957131064|24.586499776486363|0|null|2.3963061977654254|0|null|false|0|false
198.20|(7541.99,-.35)|(1.00,.01)|7540.987222640664|24.586499776486363|7540|0|0|(7551.99,.00)|(7640.33,.00)|(7560.02,.00)|0.23|1.00|0.00|(7561.99,.00)|(1.00,.00)|7560.987222640664|24.586499776486363|0|null|2.4045382019027413|0|null|false|0|false
198.25|(7543.96,-.31)|(1.00,.01)|7542.956400083821|24.586499776486363|7542|0|0|(7553.96,.00)|(7642.30,.00)|(7561.99,.00)|0.23|1.00|0.00|(7563.96,.00)|(1.00,.00)|7562.956400083821|24.586499776486363|0|null|2.4142720726127473|0|null|false|0|false
198.30|(7545.93,-.27)|(1.00,.01)|7544.925473615818|24.586499776486363|7544|0|0|(7555.93,.00)|(7644.27,.00)|(7563.96,.00)|0.23|1.00|0.00|(7565.93,.00)|(1.00,.00)|7564.925473615818|24.586499776486363|0|null|2.4255120084258976|0|null|false|0|false
198.35|(7547.89,-.23)|(1.00,.01)|7546.894427471726|24.586499776486363|7546|0|0|(7557.89,.00)|(7646.24,.00)|(7565.93,.00)|0.23|1.00|0.00|(7567.89,.00)|(1.00,.00)|7566.894427471726|24.586499776486363|0|null|2.438259886162988|0|null|false|0|false
198.40|(7549.86,-.17)|(1.00,.02)|7548.863246036486|24.586499776486363|7548|0|0|(7559.86,.00)|(7648.21,.00)|(7567.89,.00)|0.23|1.00|0.00|(7569.86,.00)|(1.00,.00)|7568.863246036486|24.586499776486363|0|null|2.4525154756482714|0|null|false|0|false
198.45|(7551.83,-.12)|(1.00,.02)|7550.831913901796|24.586499776486363|7550|0|0|(7561.83,.00)|(7650.18,.00)|(7569.86,.00)|0.23|1.00|0.00|(7571.83,.00)|(1.00,.00)|7570.831913901796|24.586499776486363|0|null|2.4682766850914093|0|null|false|0|false
198.50|(7553.80,-.05)|(1.00,.02)|7552.800415908051|24.586499776486363|7552|0|0|(7563.80,.00)|(7652.15,.00)|(7571.83,.00)|0.23|1.00|0.00|(7573.80,.00)|(1.00,.00)|7572.800415908051|24.586499776486363|0|null|2.4855398330881484|0|null|false|0|false
198.55|(7555.77,.02)|(1.00,.03)|7554.768737170081|24.586499776486363|7554|0|0|(7565.77,.00)|(7654.11,.00)|(7573.80,.00)|0.23|1.00|0.00|(7575.77,.00)|(1.00,.00)|7574.768737170081|24.586499776486363|0|null|2.504299942505982|0|null|false|0|false
198.60|(7557.74,.09)|(1.00,.03)|7556.736863085908|24.586499776486363|7556|0|0|(7567.74,.00)|(7656.08,.00)|(7575.77,.00)|0.23|1.00|0.00|(7577.74,.00)|(1.00,.00)|7576.736863085908|24.586499776486363|0|null|2.524551050944177|0|null|false|0|false
198.65|(7559.70,.17)|(1.00,.03)|7558.704779328288|24.586499776486363|7558|0|0|(7569.70,.00)|(7658.05,.00)|(7577.74,.00)|0.23|1.00|0.00|(7579.70,.00)|(1.00,.00)|7578.704779328288|24.586499776486363|0|null|2.5462865320005066|0|null|false|0|false
198.70|(7561.67,.25)|(1.00,.03)|7560.672471819333|24.586499776486363|7560|0|0|(7571.67,.00)|(7660.02,.00)|(7579.70,.00)|0.23|1.00|0.00|(7581.67,.00)|(1.00,.00)|7580.672471819333|24.586499776486363|0|null|2.569499421250026|0|null|false|0|false
198.75|(7563.64,.34)|(1.00,.04)|7562.639926689014|24.586499776486363|7562|0|0|(7573.64,.00)|(7661.99,.00)|(7581.67,.00)|0.23|1.00|0.00|(7583.64,.00)|(1.00,.00)|7582.639926689014|24.586499776486363|0|null|2.5941827406514943|0|null|false|0|false
198.80|(7565.61,.44)|(1.00,.04)|7564.607130218837|24.586499776486363|7564|0|0|(7575.61,.00)|(7663.95,.00)|(7583.64,.00)|0.23|1.00|0.00|(7585.61,.00)|(1.00,.00)|7584.607130218837|24.586499776486363|0|null|2.620329815048815|0|null|false|0|false
198.85|(7567.57,.54)|(1.00,.04)|7566.574068772414|24.586499776486363|7566|0|0|(7577.57,.00)|(7665.92,.00)|(7585.61,.00)|0.23|1.00|0.00|(7587.57,.00)|(1.00,.00)|7586.574068772414|24.586499776486363|0|null|2.647934574529149|0|null|false|0|false
198.90|(7569.54,.65)|(1.00,.05)|7568.540728715044|24.586499776486363|7568|0|0|(7579.54,.00)|(7667.89,.00)|(7587.57,.00)|0.23|1.00|0.00|(7589.54,.00)|(1.00,.00)|7588.540728715044|24.586499776486363|0|null|2.6769918366339915|0|null|false|0|false
198.95|(7571.51,.76)|(1.00,.05)|7570.507096324709|24.586499776486363|7570|0|0|(7581.51,.00)|(7669.85,.00)|(7589.54,.00)|0.23|1.00|0.00|(7591.51,.00)|(1.00,.00)|7590.507096324709|24.586499776486363|0|null|2.707497562789386|0|null|false|0|false
199.00|(7573.47,.88)|(1.00,.05)|7572.4731576971635|24.586499776486363|7572|0|0|(7583.47,.00)|(7671.82,.00)|(7591.51,.00)|0.23|1.00|0.00|(7593.47,.00)|(1.00,.00)|7592.4731576971635|24.586499776486363|0|null|2.7394490838183176|0|null|false|0|false
199.05|(7575.44,1.00)|(1.00,.05)|7574.438898647935|24.586499776486363|7574|0|0|(7585.44,.00)|(7673.78,.00)|(7593.47,.00)|0.23|1.00|0.00|(7595.44,.00)|(1.00,.00)|7594.438898647935|24.586499776486363|0|null|2.772845290011381|0|null|false|0|false
199.10|(7577.41,1.09)|(1.00,.05)|7576.4059447759455|24.586499776486363|7576|0|0|(7587.41,.00)|(7675.75,.00)|(7595.44,.00)|-0.38|1.00|0.00|(7597.41,.00)|(1.00,.00)|7596.4059447759455|24.586499776486363|0|null|2.797040594155349|0|null|false|0|false
199.15|(7579.37,1.17)|(1.00,.05)|7578.37337863421|24.586499776486363|7578|0|0|(7589.37,.00)|(7677.72,.00)|(7597.41,.00)|-0.38|1.00|0.00|(7599.37,.00)|(1.00,.00)|7598.37337863421|24.586499776486363|0|null|2.8190296712334746|0|null|false|0|false
199.20|(7581.34,1.24)|(1.00,.05)|7580.341167989467|24.586499776486363|7580|0|0|(7591.34,.00)|(7679.69,.00)|(7599.37,.00)|-0.38|1.00|0.00|(7601.34,.00)|(1.00,.00)|7600.341167989467|24.586499776486363|0|null|2.8387826148243533|0|null|false|0|false
199.25|(7583.31,1.28)|(1.00,.04)|7582.309061367618|24.586499776486363|7582|0|0|(7593.31,.00)|(7681.66,.00)|(7601.34,.00)|-0.73|1.00|0.00|(7603.31,.00)|(1.00,.00)|7602.309061367618|24.586499776486363|0|null|2.8503511900722165|0|null|false|0|false
199.30|(7585.28,1.31)|(1.00,.03)|7584.27730978865|24.586499776486363|7584|0|0|(7595.28,.00)|(7683.62,.00)|(7603.31,.00)|-0.73|1.00|0.00|(7605.28,.00)|(1.00,.00)|7604.27730978865|24.586499776486363|0|null|2.857607086149219|0|null|false|0|false
199.35|(7587.25,1.32)|(1.00,.03)|7586.245781368626|24.586499776486363|7586|0|0|(7597.25,.00)|(7685.59,.00)|(7605.28,.00)|-0.73|1.00|0.00|(7607.25,.00)|(1.00,.00)|7606.245781368626|24.586499776486363|0|null|2.860516895825274|0|null|false|0|false
199.40|(7589.21,1.31)|(1.00,.02)|7588.2143417387515|24.586499776486363|7588|0|0|(7599.21,.00)|(7687.56,.00)|(7607.25,.00)|-0.73|1.00|0.00|(7609.21,.00)|(1.00,.00)|7608.2143417387515|24.586499776486363|0|null|2.8590541420886018|0|null|false|0|false
199.45|(7591.18,1.29)|(1.00,.01)|7590.182965882083|24.586499776486363|7590|0|0|(7601.18,.00)|(7689.53,.00)|(7609.21,.00)|-0.69|1.00|0.00|(7611.18,.00)|(1.00,.00)|7610.182965882083|24.586499776486363|0|null|2.8538112385007017|0|null|false|0|false
199.50|(7593.15,1.26)|(1.00,.00)|7592.151432876445|24.586499776486363|7592|0|0|(7603.15,.00)|(7691.50,.00)|(7611.18,.00)|-0.69|1.00|0.00|(7613.15,.00)|(1.00,.00)|7612.151432876445|24.586499776486363|0|null|2.8443717836952698|0|null|false|0|false
199.55|(7595.12,1.21)|(1.00,-.00)|7594.119617915007|24.586499776486363|7594|0|0|(7605.12,.00)|(7693.47,.00)|(7613.15,.00)|-0.69|1.00|0.00|(7615.12,.00)|(1.00,.00)|7614.119617915007|24.586499776486363|0|null|2.830728667627543|0|null|false|0|false
199.60|(7597.09,1.15)|(1.00,-.01)|7596.087875964379|24.586499776486363|7596|0|0|(7607.09,.00)|(7695.43,.00)|(7615.12,.00)|-0.57|1.00|0.00|(7617.09,.00)|(1.00,.00)|7616.087875964379|24.586499776486363|0|null|2.8150267925201597|0|null|false|0|false
199.65|(7599.06,1.08)|(1.00,-.02)|7598.055751649184|24.586499776486363|7598|0|0|(7609.06,.00)|(7697.40,.00)|(7617.09,.00)|-0.57|1.00|0.00|(7619.06,.00)|(1.00,.00)|7618.055751649184|24.586499776486363|0|null|2.7958572696070467|0|null|false|0|false
199.70|(7601.02,1.00)|(1.00,-.02)|7600.023162015788|24.586499776486363|7600|0|0|(7611.02,.00)|(7699.37,.00)|(7619.06,.00)|-0.57|1.00|0.00|(7621.02,.00)|(1.00,.00)|7620.023162015788|24.586499776486363|0|null|2.773230860880484|0|null|false|0|false
199.75|(7602.99,.92)|(1.00,-.03)|7601.990728945889|24.586499776486363|7601|0|0|(7612.99,.00)|(7701.34,.00)|(7621.02,.00)|-0.39|1.00|0.00|(7622.99,.00)|(1.00,.00)|7621.990728945889|24.586499776486363|0|null|2.7502196897889526|0|null|false|0|false
199.80|(7604.96,.82)|(1.00,-.03)|7603.957918181994|24.586499776486363|7603|0|0|(7614.96,.00)|(7703.30,.00)|(7622.99,.00)|-0.39|1.00|0.00|(7624.96,.00)|(1.00,.00)|7623.957918181994|24.586499776486363|0|null|2.724828670150805|0|null|false|0|false
199.85|(7606.92,.72)|(1.00,-.04)|7605.924694058587|24.586499776486363|7605|0|0|(7616.92,.00)|(7705.27,.00)|(7624.96,.00)|-0.39|1.00|0.00|(7626.92,.00)|(1.00,.00)|7625.924694058587|24.586499776486363|0|null|2.6970816376385476|0|null|false|0|false
199.90|(7608.89,.61)|(1.00,-.04)|7607.891022060909|24.586499776486363|7607|0|0|(7618.89,.00)|(7707.24,.00)|(7626.92,.00)|-0.39|1.00|0.00|(7628.89,.00)|(1.00,.00)|7627.891022060909|24.586499776486363|0|null|2.6670016604011737|0|null|false|0|false
199.95|(7610.86,.49)|(1.00,-.05)|7609.856868662837|24.586499776486363|7609|0|0|(7620.86,.00)|(7709.20,.00)|(7628.89,.00)|-0.39|1.00|0.00|(7630.86,.00)|(1.00,.00)|7629.856868662837|24.586499776486363|0|null|2.6346106845536634|0|null|false|0|false
200.00|(7612.82,.39)|(1.00,-.05)|7611.823382674853|24.586499776486363|7611|0|0|(7622.82,.00)|(7711.17,.00)|(7630.86,.00)|-0.07|1.00|0.00|(7632.82,.00)|(1.00,.00)|7631.823382674853|24.586499776486363|0|null|2.6054707190507314|0|null|false|0|false
200.05|(7614.79,.28)|(1.00,-.05)|7613.789840718089|24.586499776486363|7613|0|0|(7624.79,.00)|(7713.14,.00)|(7632.82,.00)|-0.07|1.00|0.00|(7634.79,.00)|(1.00,.00)|7633.789840718089|24.586499776486363|0|null|2.5759608213374516|0|null|false|0|false
200.10|(7616.76,.17)|(1.00,-.05)|7615.756247214648|24.586499776486363|7615|0|0|(7626.76,.00)|(7715.10,.00)|(7634.79,.00)|-0.07|1.00|0.00|(7636.76,.00)|(1.00,.00)|7635.756247214648|24.586499776486363|0|null|2.5461148508129616|0|null|false|0|false
200.15|(7618.72,.07)|(1.00,-.05)|7617.723065021225|24.586499776486363|7617|0|0|(7628.72,.00)|(7717.07,.00)|(7636.76,.00)|0.13|1.00|0.00|(7638.72,.00)|(1.00,.00)|7637.723065021225|24.586499776486363|0|null|2.5193331629401263|0|null|false|0|false
200.20|(7620.69,-.02)|(1.00,-.05)|7619.690069151745|24.586499776486363|7619|0|0|(7630.69,.00)|(7719.04,.00)|(7638.72,.00)|0.13|1.00|0.00|(7640.69,.00)|(1.00,.00)|7639.690069151745|24.586499776486363|0|null|2.493427412005949|0|null|false|0|false
200.25|(7622.66,-.12)|(1.00,-.05)|7621.657257649034|24.586499776486363|7621|0|0|(7632.66,.00)|(7721.00,.00)|(7640.69,.00)|0.13|1.00|0.00|(7642.66,.00)|(1.00,.00)|7641.657257649034|24.586499776486363|0|null|2.4684300077464516|0|null|false|0|false
200.30|(7624.62,-.20)|(1.00,-.05)|7623.6247804349|24.586499776486363|7623|0|0|(7634.62,.00)|(7722.97,.00)|(7642.66,.00)|0.25|1.00|0.00|(7644.62,.00)|(1.00,.00)|7643.6247804349|24.586499776486363|0|null|2.446501763360206|0|null|false|0|false
200.35|(7626.59,-.27)|(1.00,-.04)|7625.592581313971|24.586499776486363|7625|0|0|(7636.59,.00)|(7724.94,.00)|(7644.62,.00)|0.25|1.00|0.00|(7646.59,.00)|(1.00,.00)|7645.592581313971|24.586499776486363|0|null|2.426263590977724|0|null|false|0|false
200.40|(7628.56,-.34)|(1.00,-.04)|7627.5606411686|24.586499776486363|7627|0|0|(7638.56,.00)|(7726.91,.00)|(7646.59,.00)|0.25|1.00|0.00|(7648.56,.00)|(1.00,.00)|7647.5606411686|24.586499776486363|0|null|2.4077399803744113|0|null|false|0|false
200.45|(7630.53,-.39)|(1.00,-.04)|7629.528958905196|24.586499776486363|7629|0|0|(7640.53,.00)|(7728.87,.00)|(7648.56,.00)|0.33|1.00|0.00|(7650.53,.00)|(1.00,.00)|7649.528958905196|24.586499776486363|0|null|2.3923112827550335|0|null|false|0|false
200.50|(7632.50,-.44)|(1.00,-.04)|7631.497528830649|24.586499776486363|7631|0|0|(7642.50,.00)|(7730.84,.00)|(7650.53,.00)|0.33|1.00|0.00|(7652.50,.00)|(1.00,.00)|7651.497528830649|24.586499776486363|0|null|2.3790980690375383|0|null|false|0|false
200.55|(7634.47,-.48)|(1.00,-.03)|7633.466315666899|24.586499776486363|7633|0|0|(7644.47,.00)|(7732.81,.00)|(7652.50,.00)|0.33|1.00|0.00|(7654.47,.00)|(1.00,.00)|7653.466315666899|24.586499776486363|0|null|2.3681147213994835|0|null|false|0|false
200.60|(7636.44,-.51)|(1.00,-.03)|7635.435283381021|24.586499776486363|7635|0|0|(7646.44,.00)|(7734.78,.00)|(7654.47,.00)|0.33|1.00|0.00|(7656.44,.00)|(1.00,.00)|7655.435283381021|24.586499776486363|0|null|2.359371078709447|0|null|false|0|false
200.65|(7638.40,-.54)|(1.00,-.02)|7637.4043707015235|24.586499776486363|7637|0|0|(7648.40,.00)|(7736.75,.00)|(7656.44,.00)|0.36|1.00|0.00|(7658.40,.00)|(1.00,.00)|7657.4043707015235|24.586499776486363|0|null|2.353399126848261|0|null|false|0|false
200.70|(7640.37,-.55)|(1.00,-.02)|7639.373564987377|24.586499776486363|7639|0|0|(7650.37,.00)|(7738.72,.00)|(7658.40,.00)|0.36|1.00|0.00|(7660.37,.00)|(1.00,.00)|7659.373564987377|24.586499776486363|0|null|2.349855524151115|0|null|false|0|false
200.75|(7642.34,-.55)|(1.00,-.02)|7641.34282358173|24.586499776486363|7641|0|0|(7652.34,.00)|(7740.69,.00)|(7660.37,.00)|0.36|1.00|0.00|(7662.34,.00)|(1.00,.00)|7661.34282358173|24.586499776486363|0|null|2.3487410358248866|0|null|false|0|false
200.80|(7644.31,-.55)|(1.00,-.01)|7643.3121039736025|24.586499776486363|7643|0|0|(7654.31,.00)|(7742.66,.00)|(7662.34,.00)|0.36|1.00|0.00|(7664.31,.00)|(1.00,.00)|7663.3121039736025|24.586499776486363|0|null|2.350053631589213|0|null|false|0|false
200.85|(7646.28,-.54)|(1.00,-.01)|7645.28143672555|24.586499776486363|7645|0|0|(7656.28,.00)|(7744.63,.00)|(7664.31,.00)|0.31|1.00|0.00|(7666.28,.00)|(1.00,.00)|7665.28143672555|24.586499776486363|0|null|2.3530048108668495|0|null|false|0|false
200.90|(7648.25,-.52)|(1.00,-.00)|7647.250726760705|24.586499776486363|7647|0|0|(7658.25,.00)|(7746.60,.00)|(7666.28,.00)|0.31|1.00|0.00|(7668.25,.00)|(1.00,.00)|7667.250726760705|24.586499776486363|0|null|2.358103302005441|0|null|false|0|false
200.95|(7650.22,-.49)|(1.00,-.00)|7649.219941520411|24.586499776486363|7649|0|0|(7660.22,.00)|(7748.57,.00)|(7668.25,.00)|0.31|1.00|0.00|(7670.22,.00)|(1.00,.00)|7669.219941520411|24.586499776486363|0|null|2.3653391826843193|0|null|false|0|false
201.00|(7652.19,-.46)|(1.00,.00)|7651.189049057287|24.586499776486363|7651|0|0|(7662.19,.00)|(7750.54,.00)|(7670.22,.00)|0.31|1.00|0.00|(7672.19,.00)|(1.00,.00)|7671.189049057287|24.586499776486363|0|null|2.374701932814343|0|null|false|0|false
201.05|(7654.16,-.42)|(1.00,.01)|7653.158018030314|24.586499776486363|7653|0|0|(7664.16,.00)|(7752.50,.00)|(7672.19,.00)|0.31|1.00|0.00|(7674.16,.00)|(1.00,.00)|7673.158018030314|24.586499776486363|0|null|2.3861808322093214|0|null|false|0|false
201.10|(7656.13,-.37)|(1.00,.01)|7655.126817673352|24.586499776486363|7655|0|0|(7666.13,.00)|(7754.47,.00)|(7674.16,.00)|0.31|1.00|0.00|(7676.13,.00)|(1.00,.00)|7675.126817673352|24.586499776486363|0|null|2.3997653232525273|0|null|false|0|false
201.15|(7658.10,-.31)|(1.00,.02)|7657.095417741|24.586499776486363|7657|0|0|(7668.10,.00)|(7756.44,.00)|(7676.13,.00)|0.31|1.00|0.00|(7678.10,.00)|(1.00,.00)|7677.095417741|24.586499776486363|0|null|2.415445333811685|0|null|false|0|false
201.20|(7660.06,-.24)|(1.00,.02)|7659.063788436132|24.586499776486363|7659|0|0|(7670.06,.00)|(7758.41,.00)|(7678.10,.00)|0.31|1.00|0.00|(7680.06,.00)|(1.00,.00)|7679.063788436132|24.586499776486363|0|null|2.4332115563472714|0|null|false|0|false
201.25|(7662.03,-.17)|(1.00,.02)|7661.031900323673|24.586499776486363|7661|0|0|(7672.03,.00)|(7760.38,.00)|(7680.06,.00)|0.31|1.00|0.00|(7682.03,.00)|(1.00,.00)|7681.031900323673|24.586499776486363|0|null|2.4530556799421195|0|null|false|0|false
201.30|(7664.00,-.09)|(1.00,.03)|7662.999724235343|24.586499776486363|7662|0|0|(7674.00,.00)|(7762.35,.00)|(7682.03,.00)|0.31|1.00|0.00|(7684.00,.00)|(1.00,.00)|7682.999724235343|24.586499776486363|0|null|2.4749705728389446|0|null|false|0|false
201.35|(7665.97,-.00)|(1.00,.03)|7664.967231170103|24.586499776486363|7664|0|0|(7675.97,.00)|(7764.31,.00)|(7684.00,.00)|0.31|1.00|0.00|(7685.97,.00)|(1.00,.00)|7684.967231170103|24.586499776486363|0|null|2.4989504139883705|0|null|false|0|false
201.40|(7667.93,.09)|(1.00,.04)|7666.93439219494|24.586499776486363|7666|0|0|(7677.93,.00)|(7766.28,.00)|(7685.97,.00)|0.31|1.00|0.00|(7687.93,.00)|(1.00,.00)|7686.93439219494|24.586499776486363|0|null|2.524990773064001|0|null|false|0|false
201.45|(7669.90,.19)|(1.00,.04)|7668.901178350424|24.586499776486363|7668|0|0|(7679.90,.00)|(7768.25,.00)|(7687.93,.00)|0.31|1.00|0.00|(7689.90,.00)|(1.00,.00)|7688.901178350424|24.586499776486363|0|null|2.5530886393727|0|null|false|0|false
201.50|(7671.87,.30)|(1.00,.04)|7670.867560565176|24.586499776486363|7670|0|0|(7681.87,.00)|(7770.21,.00)|(7689.90,.00)|0.31|1.00|0.00|(7691.87,.00)|(1.00,.00)|7690.867560565176|24.586499776486363|0|null|2.583242401056751|0|null|false|0|false
201.55|(7673.83,.42)|(1.00,.05)|7672.833509582976|24.586499776486363|7672|0|0|(7683.83,.00)|(7772.18,.00)|(7691.87,.00)|0.31|1.00|0.00|(7693.83,.00)|(1.00,.00)|7692.833509582976|24.586499776486363|0|null|2.615451776929159|0|null|false|0|false
201.60|(7675.80,.55)|(1.00,.05)|7674.798995905778|24.586499776486363|7674|0|0|(7685.80,.00)|(7774.14,.00)|(7693.83,.00)|0.31|1.00|0.00|(7695.80,.00)|(1.00,.00)|7694.798995905778|24.586499776486363|0|null|2.6497177041835616|0|null|false|0|false
201.65|(7677.76,.68)|(1.00,.06)|7676.763989755344|24.586499776486363|7676|0|0|(7687.76,.00)|(7776.11,.00)|(7695.80,.00)|0.31|1.00|0.00|(7697.76,.00)|(1.00,.00)|7696.763989755344|24.586499776486363|0|null|2.686042186056624|0|null|false|0|false
201.70|(7679.73,.82)|(1.00,.06)|7678.728461055614|24.586499776486363|7678|0|0|(7689.73,.00)|(7778.07,.00)|(7697.76,.00)|0.31|1.00|0.00|(7699.73,.00)|(1.00,.00)|7698.728461055614|24.586499776486363|0|null|2.724428104274963|0|null|false|0|false
201.75|(7681.69,.97)|(1.00,.06)|7680.6923794372615|24.586499776486363|7680|0|0|(7691.69,.00)|(7780.04,.00)|(7699.73,.00)|0.31|1.00|0.00|(7701.69,.00)|(1.00,.00)|7700.6923794372615|24.586499776486363|0|null|2.764879001774177|0|null|false|0|false
201.80|(7683.66,1.08)|(1.00,.06)|7682.658154448661|24.586499776486363|7682|0|0|(7693.66,.00)|(7782.00,.00)|(7701.69,.00)|-0.41|1.00|0.00|(7703.66,.00)|(1.00,.00)|7702.658154448661|24.586499776486363|0|null|2.794945831955503|0|null|false|0|false
201.85|(7685.62,1.18)|(1.00,.06)|7684.6244246929|24.586499776486363|7684|0|0|(7695.62,.00)|(7783.97,.00)|(7703.66,.00)|-0.41|1.00|0.00|(7705.62,.00)|(1.00,.00)|7704.6244246929|24.586499776486363|0|null|2.822813582922881|0|null|false|0|false
201.90|(7687.59,1.28)|(1.00,.06)|7686.5911580170505|24.586499776486363|7686|0|0|(7697.59,.00)|(7785.94,.00)|(7705.62,.00)|-0.41|1.00|0.00|(7707.59,.00)|(1.00,.00)|7706.5911580170505|24.586499776486363|0|null|2.8484465028507935|0|null|false|0|false
201.95|(7689.56,1.36)|(1.00,.05)|7688.55832034307|24.586499776486363|7688|0|0|(7699.56,.00)|(7787.90,.00)|(7707.59,.00)|-0.41|1.00|0.00|(7709.56,.00)|(1.00,.00)|7708.55832034307|24.586499776486363|0|null|2.8718127963513016|0|null|false|0|false
202.00|(7691.53,1.41)|(1.00,.05)|7690.525656588076|24.586499776486363|7690|0|0|(7701.53,.00)|(7789.87,.00)|(7709.56,.00)|-0.81|1.00|0.00|(7711.53,.00)|(1.00,.00)|7710.525656588076|24.586499776486363|0|null|2.8859192342410775|0|null|false|0|false
202.05|(7693.49,1.45)|(1.00,.04)|7692.493474256994|24.586499776486363|7692|0|0|(7703.49,.00)|(7791.84,.00)|(7711.53,.00)|-0.81|1.00|0.00|(7713.49,.00)|(1.00,.00)|7712.493474256994|24.586499776486363|0|null|2.8953150500420923|0|null|false|0|false
202.10|(7695.46,1.46)|(1.00,.03)|7694.46161411796|24.586499776486363|7694|0|0|(7705.46,.00)|(7793.81,.00)|(7713.49,.00)|-0.81|1.00|0.00|(7715.46,.00)|(1.00,.00)|7714.46161411796|24.586499776486363|0|null|2.8999539026666468|0|null|false|0|false
202.15|(7697.43,1.46)|(1.00,.02)|7696.429911875206|24.586499776486363|7696|0|0|(7707.43,.00)|(7795.78,.00)|(7715.46,.00)|-0.81|1.00|0.00|(7717.43,.00)|(1.00,.00)|7716.429911875206|24.586499776486363|0|null|2.8997867701580065|0|null|false|0|false
202.20|(7699.40,1.44)|(1.00,.02)|7698.398202179001|24.586499776486363|7698|0|0|(7709.40,.00)|(7797.74,.00)|(7717.43,.00)|-0.81|1.00|0.00|(7719.40,.00)|(1.00,.00)|7718.398202179001|24.586499776486363|0|null|2.8947805691626094|0|null|false|0|false
202.25|(7701.37,1.41)|(1.00,.01)|7700.36631559147|24.586499776486363|7700|0|0|(7711.37,.00)|(7799.71,.00)|(7719.40,.00)|-0.81|1.00|0.00|(7721.37,.00)|(1.00,.00)|7720.36631559147|24.586499776486363|0|null|2.8849008062256862|0|null|false|0|false
202.30|(7703.33,1.36)|(1.00,.00)|7702.334561116983|24.586499776486363|7702|0|0|(7713.33,.00)|(7801.68,.00)|(7721.37,.00)|-0.69|1.00|0.00|(7723.33,.00)|(1.00,.00)|7722.334561116983|24.586499776486363|0|null|2.8721719986901504|0|null|false|0|false
202.35|(7705.30,1.30)|(1.00,-.01)|7704.302422195988|24.586499776486363|7704|0|0|(7715.30,.00)|(7803.65,.00)|(7723.33,.00)|-0.69|1.00|0.00|(7725.30,.00)|(1.00,.00)|7724.302422195988|24.586499776486363|0|null|2.8552148781854036|0|null|false|0|false
202.40|(7707.27,1.22)|(1.00,-.01)|7706.269769181775|24.586499776486363|7706|0|0|(7717.27,.00)|(7805.62,.00)|(7725.30,.00)|-0.69|1.00|0.00|(7727.27,.00)|(1.00,.00)|7726.269769181775|24.586499776486363|0|null|2.8340082276557395|0|null|false|0|false
202.45|(7709.24,1.14)|(1.00,-.02)|7708.237238418168|24.586499776486363|7708|0|0|(7719.24,.00)|(7807.58,.00)|(7727.27,.00)|-0.52|1.00|0.00|(7729.24,.00)|(1.00,.00)|7728.237238418168|24.586499776486363|0|null|2.81152263540755|0|null|false|0|false
202.50|(7711.20,1.05)|(1.00,-.03)|7710.204191833008|24.586499776486363|7710|0|0|(7721.20,.00)|(7809.55,.00)|(7729.24,.00)|-0.52|1.00|0.00|(7731.20,.00)|(1.00,.00)|7730.204191833008|24.586499776486363|0|null|2.7857742476315637|0|null|false|0|false
202.55|(7713.17,.94)|(1.00,-.03)|7712.170552146429|24.586499776486363|7712|0|0|(7723.17,.00)|(7811.52,.00)|(7731.20,.00)|-0.52|1.00|0.00|(7733.17,.00)|(1.00,.00)|7732.170552146429|24.586499776486363|0|null|2.756752268197486|0|null|false|0|false
202.60|(7715.14,.83)|(1.00,-.04)|7714.137097047898|24.586499776486363|7714|0|0|(7725.14,.00)|(7813.48,.00)|(7733.17,.00)|-0.32|1.00|0.00|(7735.14,.00)|(1.00,.00)|7734.137097047898|24.586499776486363|0|null|2.7278404668669998|0|null|false|0|false
202.65|(7717.10,.72)|(1.00,-.04)|7716.1032199031615|24.586499776486363|7716|0|0|(7727.10,.00)|(7815.45,.00)|(7735.14,.00)|-0.32|1.00|0.00|(7737.10,.00)|(1.00,.00)|7736.1032199031615|24.586499776486363|0|null|2.6967963725136803|0|null|false|0|false
202.70|(7719.07,.60)|(1.00,-.05)|7718.068887372564|24.586499776486363|7718|0|0|(7729.07,.00)|(7817.41,.00)|(7737.10,.00)|-0.32|1.00|0.00|(7739.07,.00)|(1.00,.00)|7738.068887372564|24.586499776486363|0|null|2.6636167442316414|0|null|false|0|false
202.75|(7721.03,.47)|(1.00,-.05)|7720.034065701789|24.586499776486363|7720|0|0|(7731.03,.00)|(7819.38,.00)|(7739.07,.00)|-0.32|1.00|0.00|(7741.03,.00)|(1.00,.00)|7740.034065701789|24.586499776486363|0|null|2.6282964760232446|0|null|false|0|false
202.80|(7723.00,.35)|(1.00,-.05)|7721.999864708079|24.586499776486363|7721|0|0|(7733.00,.00)|(7821.35,.00)|(7741.03,.00)|-0.03|1.00|0.00|(7743.00,.00)|(1.00,.00)|7741.999864708079|24.586499776486363|0|null|2.5959311351604195|0|null|false|0|false
202.85|(7724.97,.23)|(1.00,-.06)|7723.9655999154675|24.586499776486363|7723|0|0|(7734.97,.00)|(7823.31,.00)|(7743.00,.00)|-0.03|1.00|0.00|(7744.97,.00)|(1.00,.00)|7743.9655999154675|24.586499776486363|0|null|2.5631609324385467|0|null|false|0|false
202.90|(7726.93,.11)|(1.00,-.06)|7725.931269269571|24.586499776486363|7725|0|0|(7736.93,.00)|(7825.28,.00)|(7744.97,.00)|-0.03|1.00|0.00|(7746.93,.00)|(1.00,.00)|7745.931269269571|24.586499776486363|0|null|2.5299924899361486|0|null|false|0|false
202.95|(7728.90,-.01)|(1.00,-.06)|7727.896870368298|24.586499776486363|7727|0|0|(7738.90,.00)|(7827.24,.00)|(7746.93,.00)|-0.03|1.00|0.00|(7748.90,.00)|(1.00,.00)|7747.896870368298|24.586499776486363|0|null|2.4964299450171974|0|null|false|0|false
203.00|(7730.86,-.12)|(1.00,-.06)|7729.863055885935|24.586499776486363|7729|0|0|(7740.86,.00)|(7829.21,.00)|(7748.90,.00)|0.22|1.00|0.00|(7750.86,.00)|(1.00,.00)|7749.863055885935|24.586499776486363|0|null|2.4667954003774697|0|null|false|0|false
203.05|(7732.83,-.23)|(1.00,-.06)|7731.829500836468|24.586499776486363|7731|0|0|(7742.83,.00)|(7831.18,.00)|(7750.86,.00)|0.22|1.00|0.00|(7752.83,.00)|(1.00,.00)|7751.829500836468|24.586499776486363|0|null|2.438251454950969|0|null|false|0|false
203.10|(7734.80,-.33)|(1.00,-.06)|7733.796195376327|24.586499776486363|7733|0|0|(7744.80,.00)|(7833.14,.00)|(7752.83,.00)|0.22|1.00|0.00|(7754.80,.00)|(1.00,.00)|7753.796195376327|24.586499776486363|0|null|2.410811466241695|0|null|false|0|false
203.15|(7736.76,-.41)|(1.00,-.05)|7735.763325472774|24.586499776486363|7735|0|0|(7746.76,.00)|(7835.11,.00)|(7754.80,.00)|0.38|1.00|0.00|(7756.76,.00)|(1.00,.00)|7755.763325472774|24.586499776486363|0|null|2.387133684636769|0|null|false|0|false
203.20|(7738.73,-.49)|(1.00,-.05)|7737.73081973882|24.586499776486363|7737|0|0|(7748.73,.00)|(7837.08,.00)|(7756.76,.00)|0.38|1.00|0.00|(7758.73,.00)|(1.00,.00)|7757.73081973882|24.586499776486363|0|null|2.3654887939920464|0|null|false|0|false
203.25|(7740.70,-.56)|(1.00,-.05)|7739.698647058221|24.586499776486363|7739|0|0|(7750.70,.00)|(7839.04,.00)|(7758.73,.00)|0.38|1.00|0.00|(7760.70,.00)|(1.00,.00)|7759.698647058221|24.586499776486363|0|null|2.3458937162533973|0|null|false|0|false
203.30|(7742.67,-.63)|(1.00,-.04)|7741.666775776476|24.586499776486363|7741|0|0|(7752.67,.00)|(7841.01,.00)|(7760.70,.00)|0.38|1.00|0.00|(7762.67,.00)|(1.00,.00)|7761.666775776476|24.586499776486363|0|null|2.328363615731136|0|null|false|0|false
203.35|(7744.64,-.68)|(1.00,-.04)|7743.6351678091705|24.586499776486363|7743|0|0|(7754.64,.00)|(7842.98,.00)|(7762.67,.00)|0.47|1.00|0.00|(7764.64,.00)|(1.00,.00)|7763.6351678091705|24.586499776486363|0|null|2.31455327760736|0|null|false|0|false
203.40|(7746.60,-.72)|(1.00,-.04)|7745.6038282713|24.586499776486363|7745|0|0|(7756.60,.00)|(7844.95,.00)|(7764.64,.00)|0.47|1.00|0.00|(7766.60,.00)|(1.00,.00)|7765.6038282713|24.586499776486363|0|null|2.3033980320861187|0|null|false|0|false
203.45|(7748.57,-.75)|(1.00,-.03)|7747.57270542118|24.586499776486363|7747|0|0|(7758.57,.00)|(7846.92,.00)|(7766.60,.00)|0.47|1.00|0.00|(7768.57,.00)|(1.00,.00)|7767.57270542118|24.586499776486363|0|null|2.294915573389952|0|null|false|0|false
203.50|(7750.54,-.77)|(1.00,-.03)|7749.5417427264865|24.586499776486363|7749|0|0|(7760.54,.00)|(7848.89,.00)|(7768.57,.00)|0.48|1.00|0.00|(7770.54,.00)|(1.00,.00)|7769.5417427264865|24.586499776486363|0|null|2.28919395040685|0|null|false|0|false
203.55|(7752.51,-.78)|(1.00,-.02)|7751.510891181733|24.586499776486363|7751|0|0|(7762.51,.00)|(7850.86,.00)|(7770.54,.00)|0.48|1.00|0.00|(7772.51,.00)|(1.00,.00)|7771.510891181733|24.586499776486363|0|null|2.2862025085046636|0|null|false|0|false
203.60|(7754.48,-.78)|(1.00,-.02)|7753.480096521678|24.586499776486363|7753|0|0|(7764.48,.00)|(7852.83,.00)|(7772.51,.00)|0.48|1.00|0.00|(7774.48,.00)|(1.00,.00)|7773.480096521678|24.586499776486363|0|null|2.2859571670996033|0|null|false|0|false
203.65|(7756.45,-.77)|(1.00,-.01)|7755.449303978289|24.586499776486363|7755|0|0|(7766.45,.00)|(7854.80,.00)|(7774.48,.00)|0.48|1.00|0.00|(7776.45,.00)|(1.00,.00)|7775.449303978289|24.586499776486363|0|null|2.2884735160432106|0|null|false|0|false
203.70|(7758.42,-.75)|(1.00,-.01)|7757.418458271828|24.586499776486363|7757|0|0|(7768.42,.00)|(7856.76,.00)|(7776.45,.00)|0.48|1.00|0.00|(7778.42,.00)|(1.00,.00)|7777.418458271828|24.586499776486363|0|null|2.293766904485632|0|null|false|0|false
203.75|(7760.39,-.73)|(1.00,-.00)|7759.387687085369|24.586499776486363|7759|0|0|(7770.39,.00)|(7858.73,.00)|(7778.42,.00)|0.39|1.00|0.00|(7780.39,.00)|(1.00,.00)|7779.387687085369|24.586499776486363|0|null|2.300288727778614|0|null|false|0|false
203.80|(7762.36,-.70)|(1.00,.00)|7761.356809245673|24.586499776486363|7761|0|0|(7772.36,.00)|(7860.70,.00)|(7780.39,.00)|0.39|1.00|0.00|(7782.36,.00)|(1.00,.00)|7781.356809245673|24.586499776486363|0|null|2.309080629929107|0|null|false|0|false
203.85|(7764.33,-.66)|(1.00,.01)|7763.325787459776|24.586499776486363|7763|0|0|(7774.33,.00)|(7862.67,.00)|(7782.36,.00)|0.39|1.00|0.00|(7784.33,.00)|(1.00,.00)|7783.325787459776|24.586499776486363|0|null|2.320152410008633|0|null|false|0|false
203.90|(7766.29,-.61)|(1.00,.01)|7765.294584169275|24.586499776486363|7765|0|0|(7776.29,.00)|(7864.64,.00)|(7784.33,.00)|0.39|1.00|0.00|(7786.29,.00)|(1.00,.00)|7785.294584169275|24.586499776486363|0|null|2.3335140769578526|0|null|false|0|false
203.95|(7768.26,-.56)|(1.00,.01)|7767.263470943485|24.586499776486363|7767|0|0|(7778.26,.00)|(7866.61,.00)|(7786.29,.00)|0.25|1.00|0.00|(7788.26,.00)|(1.00,.00)|7787.263470943485|24.586499776486363|0|null|2.3468176700886034|0|null|false|0|false
204.00|(7770.23,-.51)|(1.00,.02)|7769.232220567312|24.586499776486363|7769|0|0|(7780.23,.00)|(7868.58,.00)|(7788.26,.00)|0.25|1.00|0.00|(7790.23,.00)|(1.00,.00)|7789.232220567312|24.586499776486363|0|null|2.361621418207237|0|null|false|0|false
204.05|(7772.20,-.45)|(1.00,.02)|7771.200816748392|24.586499776486363|7771|0|0|(7782.20,.00)|(7870.55,.00)|(7790.23,.00)|0.25|1.00|0.00|(7792.20,.00)|(1.00,.00)|7791.200816748392|24.586499776486363|0|null|2.37792759340529|0|null|false|0|false
204.10|(7774.17,-.39)|(1.00,.02)|7773.169487961031|24.586499776486363|7773|0|0|(7784.17,.00)|(7872.52,.00)|(7792.20,.00)|0.13|1.00|0.00|(7794.17,.00)|(1.00,.00)|7793.169487961031|24.586499776486363|0|null|2.3936294626964116|0|null|false|0|false
204.15|(7776.14,-.33)|(1.00,.02)|7775.138081221033|24.586499776486363|7775|0|0|(7786.14,.00)|(7874.48,.00)|(7794.17,.00)|0.13|1.00|0.00|(7796.14,.00)|(1.00,.00)|7795.138081221033|24.586499776486363|0|null|2.4101146775267805|0|null|false|0|false
204.20|(7778.11,-.27)|(1.00,.03)|7777.106592058115|24.586499776486363|7777|0|0|(7788.11,.00)|(7876.45,.00)|(7796.14,.00)|0.13|1.00|0.00|(7798.11,.00)|(1.00,.00)|7797.106592058115|24.586499776486363|0|null|2.4273789634034983|0|null|false|0|false
204.25|(7780.08,-.21)|(1.00,.03)|7779.075182615708|24.586499776486363|7779|0|0|(7790.08,.00)|(7878.42,.00)|(7798.11,.00)|0.03|1.00|0.00|(7800.08,.00)|(1.00,.00)|7799.075182615708|24.586499776486363|0|null|2.4436784699691527|0|null|false|0|false
204.30|(7782.04,-.15)|(1.00,.03)|7781.043764389957|24.586499776486363|7781|0|0|(7792.04,.00)|(7880.39,.00)|(7800.08,.00)|0.03|1.00|0.00|(7802.04,.00)|(1.00,.00)|7801.043764389957|24.586499776486363|0|null|2.460151605342677|0|null|false|0|false
204.35|(7784.01,-.08)|(1.00,.03)|7783.012337187786|24.586499776486363|7783|0|0|(7794.01,.00)|(7882.36,.00)|(7802.04,.00)|0.03|1.00|0.00|(7804.01,.00)|(1.00,.00)|7803.012337187786|24.586499776486363|0|null|2.476788490265739|0|null|false|0|false
204.40|(7785.98,-.02)|(1.00,.03)|7784.980900919445|24.586499776486363|7784|0|0|(7795.98,.00)|(7884.33,.00)|(7804.01,.00)|0.03|1.00|0.00|(7805.98,.00)|(1.00,.00)|7804.980900919445|24.586499776486363|0|null|2.493579335817123|0|null|false|0|false
204.45|(7787.95,.03)|(1.00,.03)|7786.949584008953|24.586499776486363|7786|0|0|(7797.95,.00)|(7886.30,.00)|(7805.98,.00)|-0.08|1.00|0.00|(7807.95,.00)|(1.00,.00)|7806.949584008953|24.586499776486363|0|null|2.5086955727122078|0|null|false|0|false
204.50|(7789.92,.09)|(1.00,.03)|7788.918329677818|24.586499776486363|7788|0|0|(7799.92,.00)|(7888.26,.00)|(7807.95,.00)|-0.08|1.00|0.00|(7809.92,.00)|(1.00,.00)|7808.918329677818|24.586499776486363|0|null|2.5233211927049255|0|null|false|0|false
204.55|(7791.89,.14)|(1.00,.03)|7790.887136415948|24.586499776486363|7790|0|0|(7801.89,.00)|(7890.23,.00)|(7809.92,.00)|-0.08|1.00|0.00|(7811.89,.00)|(1.00,.00)|7810.887136415948|24.586499776486363|0|null|2.537439690955961|0|null|false|0|false
204.60|(7793.86,.19)|(1.00,.03)|7792.856002656804|24.586499776486363|7792|0|0|(7803.86,.00)|(7892.20,.00)|(7811.89,.00)|-0.08|1.00|0.00|(7813.86,.00)|(1.00,.00)|7812.856002656804|24.586499776486363|0|null|2.551034649388134|0|null|false|0|false
204.65|(7795.82,.23)|(1.00,.03)|7794.824983412096|24.586499776486363|7794|0|0|(7805.82,.00)|(7894.17,.00)|(7813.86,.00)|-0.20|1.00|0.00|(7815.82,.00)|(1.00,.00)|7814.824983412096|24.586499776486363|0|null|2.562032875557789|0|null|false|0|false
204.70|(7797.79,.26)|(1.00,.02)|7796.794068795999|24.586499776486363|7796|0|0|(7807.79,.00)|(7896.14,.00)|(7815.82,.00)|-0.20|1.00|0.00|(7817.79,.00)|(1.00,.00)|7816.794068795999|24.586499776486363|0|null|2.5717684339897553|0|null|false|0|false
204.75|(7799.76,.29)|(1.00,.02)|7798.763247518028|24.586499776486363|7798|0|0|(7809.76,.00)|(7898.11,.00)|(7817.79,.00)|-0.20|1.00|0.00|(7819.76,.00)|(1.00,.00)|7818.763247518028|24.586499776486363|0|null|2.5802182153685917|0|null|false|0|false
204.80|(7801.73,.32)|(1.00,.02)|7800.732499739142|24.586499776486363|7800|0|0|(7811.73,.00)|(7900.08,.00)|(7819.76,.00)|-0.23|1.00|0.00|(7821.73,.00)|(1.00,.00)|7820.732499739142|24.586499776486363|0|null|2.5868358471574604|0|null|false|0|false
204.85|(7803.70,.34)|(1.00,.02)|7802.701824884252|24.586499776486363|7802|0|0|(7813.70,.00)|(7902.05,.00)|(7821.73,.00)|-0.23|1.00|0.00|(7823.70,.00)|(1.00,.00)|7822.701824884252|24.586499776486363|0|null|2.591943763827444|0|null|false|0|false
204.90|(7805.67,.35)|(1.00,.02)|7804.67120654528|24.586499776486363|7804|0|0|(7815.67,.00)|(7904.02,.00)|(7823.70,.00)|-0.23|1.00|0.00|(7825.67,.00)|(1.00,.00)|7824.67120654528|24.586499776486363|0|null|2.595519518696559|0|null|false|0|false
204.95|(7807.64,.36)|(1.00,.01)|7806.640626107336|24.586499776486363|7806|0|0|(7817.64,.00)|(7905.99,.00)|(7825.67,.00)|-0.23|1.00|0.00|(7827.64,.00)|(1.00,.00)|7826.640626107336|24.586499776486363|0|null|2.5975043566744214|0|null|false|0|false
205.00|(7809.61,.36)|(1.00,.01)|7808.610067501598|24.586499776486363|7808|0|0|(7819.61,.00)|(7907.96,.00)|(7827.64,.00)|-0.23|1.00|0.00|(7829.61,.00)|(1.00,.00)|7828.610067501598|24.586499776486363|0|null|2.5979028206859947|0|null|false|0|false
205.05|(7811.58,.35)|(1.00,.01)|7810.579512471161|24.586499776486363|7810|0|0|(7821.58,.00)|(7909.93,.00)|(7829.61,.00)|-0.23|1.00|0.00|(7831.58,.00)|(1.00,.00)|7830.579512471161|24.586499776486363|0|null|2.596696156858968|0|null|false|0|false
205.10|(7813.55,.34)|(1.00,.00)|7812.548942310766|24.586499776486363|7812|0|0|(7823.55,.00)|(7911.89,.00)|(7831.58,.00)|-0.23|1.00|0.00|(7833.55,.00)|(1.00,.00)|7832.548942310766|24.586499776486363|0|null|2.5938671944546114|0|null|false|0|false
205.15|(7815.52,.33)|(1.00,.00)|7814.518337922366|24.586499776486363|7814|0|0|(7825.52,.00)|(7913.86,.00)|(7833.55,.00)|-0.23|1.00|0.00|(7835.52,.00)|(1.00,.00)|7834.518337922366|24.586499776486363|0|null|2.58940051406782|0|null|false|0|false
205.20|(7817.49,.30)|(1.00,-.00)|7816.4876798818705|24.586499776486363|7816|0|0|(7827.49,.00)|(7915.83,.00)|(7835.52,.00)|-0.23|1.00|0.00|(7837.49,.00)|(1.00,.00)|7836.4876798818705|24.586499776486363|0|null|2.5832826175006036|0|null|false|0|false
205.25|(7819.46,.28)|(1.00,-.00)|7818.456948517063|24.586499776486363|7818|0|0|(7829.46,.00)|(7917.80,.00)|(7837.49,.00)|-0.23|1.00|0.00|(7839.46,.00)|(1.00,.00)|7838.456948517063|24.586499776486363|0|null|2.5755020926521137|0|null|false|0|false
205.30|(7821.43,.24)|(1.00,-.01)|7820.4261239961215|24.586499776486363|7820|0|0|(7831.43,.00)|(7919.77,.00)|(7839.46,.00)|-0.23|1.00|0.00|(7841.43,.00)|(1.00,.00)|7840.4261239961215|24.586499776486363|0|null|2.5660497670070175|0|null|false|0|false
205.35|(7823.40,.20)|(1.00,-.01)|7822.395186425519|24.586499776486363|7822|0|0|(7833.40,.00)|(7921.74,.00)|(7841.43,.00)|-0.23|1.00|0.00|(7843.40,.00)|(1.00,.00)|7842.395186425519|24.586499776486363|0|null|2.5549188436860213|0|null|false|0|false
205.40|(7825.36,.15)|(1.00,-.01)|7824.364115955556|24.586499776486363|7824|0|0|(7835.36,.00)|(7923.71,.00)|(7843.40,.00)|-0.23|1.00|0.00|(7845.36,.00)|(1.00,.00)|7844.364115955556|24.586499776486363|0|null|2.54210501453769|0|null|false|0|false
205.45|(7827.33,.10)|(1.00,-.02)|7826.332892891266|24.586499776486363|7826|0|0|(7837.33,.00)|(7925.68,.00)|(7845.36,.00)|-0.23|1.00|0.00|(7847.33,.00)|(1.00,.00)|7846.332892891266|24.586499776486363|0|null|2.527606545387001|0|null|false|0|false
205.50|(7829.30,.04)|(1.00,-.02)|7828.30149780601|24.586499776486363|7828|0|0|(7839.30,.00)|(7927.65,.00)|(7847.33,.00)|-0.23|1.00|0.00|(7849.30,.00)|(1.00,.00)|7848.30149780601|24.586499776486363|0|null|2.5114243292980687|0|null|false|0|false
205.55|(7831.27,-.02)|(1.00,-.02)|7830.2699116548165|24.586499776486363|7830|0|0|(7841.27,.00)|(7929.62,.00)|(7849.30,.00)|-0.23|1.00|0.00|(7851.27,.00)|(1.00,.00)|7850.2699116548165|24.586499776486363|0|null|2.4935619045390367|0|null|false|0|false
205.60|(7833.24,-.10)|(1.00,-.03)|7832.238115884295|24.586499776486363|7832|0|0|(7843.24,.00)|(7931.58,.00)|(7851.27,.00)|-0.23|1.00|0.00|(7853.24,.00)|(1.00,.00)|7852.238115884295|24.586499776486363|0|null|2.4740254348370154|0|null|false|0|false
205.65|(7835.21,-.17)|(1.00,-.03)|7834.206092535925|24.586499776486363|7834|0|0|(7845.21,.00)|(7933.55,.00)|(7853.24,.00)|-0.23|1.00|0.00|(7855.21,.00)|(1.00,.00)|7854.206092535925|24.586499776486363|0|null|2.4528236504597256|0|null|false|0|false
205.70|(7837.17,-.26)|(1.00,-.03)|7836.173824339558|24.586499776486363|7836|0|0|(7847.17,.00)|(7935.52,.00)|(7855.21,.00)|-0.23|1.00|0.00|(7857.17,.00)|(1.00,.00)|7856.173824339558|24.586499776486363|0|null|2.4299677496366243|0|null|false|0|false
205.75|(7839.14,-.35)|(1.00,-.04)|7838.1412947942235|24.586499776486363|7838|0|0|(7849.14,.00)|(7937.49,.00)|(7857.17,.00)|-0.23|1.00|0.00|(7859.14,.00)|(1.00,.00)|7858.1412947942235|24.586499776486363|0|null|2.4054712608138478|0|null|false|0|false
205.80|(7841.11,-.44)|(1.00,-.04)|7840.108488233564|24.586499776486363|7840|0|0|(7851.11,.00)|(7939.45,.00)|(7859.14,.00)|-0.23|1.00|0.00|(7861.11,.00)|(1.00,.00)|7860.108488233564|24.586499776486363|0|null|2.3793498672023743|0|null|false|0|false
205.85|(7843.08,-.54)|(1.00,-.04)|7842.0753898737175|24.586499776486363|7842|0|0|(7853.08,.00)|(7941.42,.00)|(7861.11,.00)|-0.23|1.00|0.00|(7863.08,.00)|(1.00,.00)|7862.0753898737175|24.586499776486363|0|null|2.3516211960059263|0|null|false|0|false
205.90|(7845.04,-.65)|(1.00,-.05)|7844.041985841929|24.586499776486363|7844|0|0|(7855.04,.00)|(7943.39,.00)|(7863.08,.00)|-0.23|1.00|0.00|(7865.04,.00)|(1.00,.00)|7864.041985841929|24.586499776486363|0|null|2.3223045755839107|0|null|false|0|false
205.95|(7847.01,-.76)|(1.00,-.05)|7846.008263184734|24.586499776486363|7846|0|0|(7857.01,.00)|(7945.35,.00)|(7865.04,.00)|-0.23|1.00|0.00|(7867.01,.00)|(1.00,.00)|7866.008263184734|24.586499776486363|0|null|2.2914207645960927|0|null|false|0|false
206.00|(7848.97,-.88)|(1.00,-.05)|7847.974209855201|24.586499776486363|7847|0|0|(7858.97,.00)|(7947.32,.00)|(7867.01,.00)|-0.23|1.00|0.00|(7868.97,.00)|(1.00,.00)|7867.974209855201|24.586499776486363|0|null|2.258991657872532|0|null|false|0|false
206.05|(7850.94,-1.01)|(1.00,-.05)|7849.939814679342|24.586499776486363|7849|0|0|(7860.94,.00)|(7949.29,.00)|(7868.97,.00)|-0.23|1.00|0.00|(7870.94,.00)|(1.00,.00)|7869.939814679342|24.586499776486363|0|null|2.2250399743396145|0|null|false|0|false
206.10|(7852.91,-1.14)|(1.00,-.06)|7851.905067302402|24.586499776486363|7851|0|0|(7862.91,.00)|(7951.25,.00)|(7870.94,.00)|-0.23|1.00|0.00|(7872.91,.00)|(1.00,.00)|7871.905067302402|24.586499776486363|0|null|2.1895889327982596|0|null|false|0|false
206.15|(7854.87,-1.27)|(1.00,-.06)|7853.869958116378|24.586499776486363|7853|0|0|(7864.87,.00)|(7953.22,.00)|(7872.91,.00)|-0.23|1.00|0.00|(7874.87,.00)|(1.00,.00)|7873.869958116378|24.586499776486363|0|null|2.1526619216838827|0|null|false|0|false
206.20|(7856.83,-1.41)|(1.00,-.06)|7855.834478170634|24.586499776486363|7855|0|0|(7866.83,.00)|(7955.18,.00)|(7874.87,.00)|-0.23|1.00|0.00|(7876.83,.00)|(1.00,.00)|7875.834478170634|24.586499776486363|0|null|2.114282169132564|0|null|false|0|false
206.25|(7858.80,-1.56)|(1.00,-.07)|7857.79861906799|24.586499776486363|7857|0|0|(7868.80,.00)|(7957.14,.00)|(7876.83,.00)|-0.23|1.00|0.00|(7878.80,.00)|(1.00,.00)|7877.79861906799|24.586499776486363|0|null|2.074472419730383|0|null|false|0|false
206.30|(7860.76,-1.66)|(1.00,-.06)|7859.764633840425|24.586499776486363|7859|0|0|(7870.76,.00)|(7959.11,.00)|(7878.80,.00)|0.59|1.00|0.00|(7880.76,.00)|(1.00,.00)|7879.764633840425|24.586499776486363|0|null|2.047377968584012|0|null|false|0|false
206.35|(7862.73,-1.74)|(1.00,-.06)|7861.731312431114|24.586499776486363|7861|0|0|(7872.73,.00)|(7961.08,.00)|(7880.76,.00)|0.59|1.00|0.00|(7882.73,.00)|(1.00,.00)|7881.731312431114|24.586499776486363|0|null|2.0237421169673198|0|null|false|0|false
206.40|(7864.70,-1.82)|(1.00,-.05)|7863.698576812726|24.586499776486363|7863|0|0|(7874.70,.00)|(7963.04,.00)|(7882.73,.00)|0.59|1.00|0.00|(7884.70,.00)|(1.00,.00)|7883.698576812726|24.586499776486363|0|null|2.003630527246841|0|null|false|0|false
206.45|(7866.67,-1.88)|(1.00,-.05)|7865.666344072114|24.586499776486363|7865|0|0|(7876.67,.00)|(7965.01,.00)|(7884.70,.00)|0.59|1.00|0.00|(7886.67,.00)|(1.00,.00)|7885.666344072114|24.586499776486363|0|null|1.9871023029752273|0|null|false|0|false
206.50|(7868.63,-1.90)|(1.00,-.04)|7867.633673215997|24.586499776486363|7867|0|0|(7878.63,.00)|(7966.98,.00)|(7886.67,.00)|1.00|1.00|0.00|(7888.63,.00)|(1.00,.00)|7887.633673215997|24.586499776486363|0|null|1.981374029766594|0|null|false|0|false
206.55|(7870.60,-1.90)|(1.00,-.03)|7869.601227468305|24.586499776486363|7869|0|0|(7880.60,.00)|(7968.95,.00)|(7888.63,.00)|1.00|1.00|0.00|(7890.60,.00)|(1.00,.00)|7889.601227468305|24.586499776486363|0|null|1.9817867206864617|0|null|false|0|false
206.60|(7872.57,-1.87)|(1.00,-.02)|7871.568738538274|24.586499776486363|7871|0|0|(7882.57,.00)|(7970.91,.00)|(7890.60,.00)|1.00|1.00|0.00|(7892.57,.00)|(1.00,.00)|7891.568738538274|24.586499776486363|0|null|1.9884036303342423|0|null|false|0|false
206.65|(7874.54,-1.83)|(1.00,-.01)|7873.535931569556|24.586499776486363|7873|0|0|(7884.54,.00)|(7972.88,.00)|(7892.57,.00)|1.00|1.00|0.00|(7894.54,.00)|(1.00,.00)|7893.535931569556|24.586499776486363|0|null|2.001278965489601|0|null|false|0|false
206.70|(7876.50,-1.76)|(1.00,.00)|7875.503263964351|24.586499776486363|7875|0|0|(7886.50,.00)|(7974.85,.00)|(7894.54,.00)|0.86|1.00|0.00|(7896.50,.00)|(1.00,.00)|7895.503263964351|24.586499776486363|0|null|2.018034596240535|0|null|false|0|false
206.75|(7878.47,-1.68)|(1.00,.01)|7877.469927496412|24.586499776486363|7877|0|0|(7888.47,.00)|(7976.82,.00)|(7896.50,.00)|0.86|1.00|0.00|(7898.47,.00)|(1.00,.00)|7897.469927496412|24.586499776486363|0|null|2.0402993736276533|0|null|false|0|false
206.80|(7880.44,-1.58)|(1.00,.02)|7879.4357058613|24.586499776486363|7879|0|0|(7890.44,.00)|(7978.78,.00)|(7898.47,.00)|0.86|1.00|0.00|(7900.44,.00)|(1.00,.00)|7899.4357058613|24.586499776486363|0|null|2.0680963144196824|0|null|false|0|false
206.85|(7882.40,-1.47)|(1.00,.03)|7881.40174869663|24.586499776486363|7881|0|0|(7892.40,.00)|(7980.75,.00)|(7900.44,.00)|0.63|1.00|0.00|(7902.40,.00)|(1.00,.00)|7901.40174869663|24.586499776486363|0|null|2.0973771958854126|0|null|false|0|false
206.90|(7884.37,-1.35)|(1.00,.04)|7883.366932263866|24.586499776486363|7883|0|0|(7894.37,.00)|(7982.71,.00)|(7902.40,.00)|0.63|1.00|0.00|(7904.37,.00)|(1.00,.00)|7903.366932263866|24.586499776486363|0|null|2.130822993524863|0|null|false|0|false
206.95|(7886.33,-1.21)|(1.00,.04)|7885.331136412292|24.586499776486363|7885|0|0|(7896.33,.00)|(7984.68,.00)|(7904.37,.00)|0.63|1.00|0.00|(7906.33,.00)|(1.00,.00)|7905.331136412292|24.586499776486363|0|null|2.1684291493218737|0|null|false|0|false
207.00|(7888.30,-1.08)|(1.00,.05)|7887.295672946531|24.586499776486363|7887|0|0|(7898.30,.00)|(7986.64,.00)|(7906.33,.00)|0.37|1.00|0.00|(7908.30,.00)|(1.00,.00)|7907.295672946531|24.586499776486363|0|null|2.205810847974334|0|null|false|0|false
207.05|(7890.26,-.93)|(1.00,.06)|7889.25953277727|24.586499776486363|7889|0|0|(7900.26,.00)|(7988.61,.00)|(7908.30,.00)|0.37|1.00|0.00|(7910.26,.00)|(1.00,.00)|7909.25953277727|24.586499776486363|0|null|2.245833701684094|0|null|false|0|false
207.10|(7892.22,-.77)|(1.00,.06)|7891.222673053283|24.586499776486363|7891|0|0|(7902.22,.00)|(7990.57,.00)|(7910.26,.00)|0.37|1.00|0.00|(7912.22,.00)|(1.00,.00)|7911.222673053283|24.586499776486363|0|null|2.288473717892817|0|null|false|0|false
207.15|(7894.19,-.61)|(1.00,.07)|7893.185052380357|24.586499776486363|7893|0|0|(7904.19,.00)|(7992.53,.00)|(7912.22,.00)|0.37|1.00|0.00|(7914.19,.00)|(1.00,.00)|7913.185052380357|24.586499776486363|0|null|2.333707011100513|0|null|false|0|false
207.20|(7896.15,-.43)|(1.00,.07)|7895.146630663169|24.586499776486363|7895|0|0|(7906.15,.00)|(7994.49,.00)|(7914.19,.00)|0.37|1.00|0.00|(7916.15,.00)|(1.00,.00)|7915.146630663169|24.586499776486363|0|null|2.3815100997396588|0|null|false|0|false
207.25|(7898.11,-.27)|(1.00,.07)|7897.109278039338|24.586499776486363|7897|0|0|(7908.11,.00)|(7996.46,.00)|(7916.15,.00)|0.00|1.00|0.00|(7918.11,.00)|(1.00,.00)|7917.109278039338|24.586499776486363|0|null|2.42553936989657|0|null|false|0|false
207.30|(7900.07,-.11)|(1.00,.08)|7899.071852648177|24.586499776486363|7899|0|0|(7910.07,.00)|(7998.42,.00)|(7918.11,.00)|0.00|1.00|0.00|(7920.07,.00)|(1.00,.00)|7919.071852648177|24.586499776486363|0|null|2.4699266504125843|0|null|false|0|false
207.35|(7902.03,.05)|(1.00,.08)|7901.034362427233|24.586499776486363|7901|0|0|(7912.03,.00)|(8000.38,.00)|(7920.07,.00)|0.00|1.00|0.00|(7922.03,.00)|(1.00,.00)|7921.034362427233|24.586499776486363|0|null|2.514632274049953|0|null|false|0|false
207.40|(7904.00,.20)|(1.00,.08)|7902.998028676115|24.586499776486363|7902|0|0|(7914.00,.00)|(8002.34,.00)|(7922.03,.00)|-0.36|1.00|0.00|(7924.00,.00)|(1.00,.00)|7922.998028676115|24.586499776486363|0|null|2.5532954833464574|0|null|false|0|false
207.45|(7905.96,.33)|(1.00,.07)|7904.962259715891|24.586499776486363|7904|0|0|(7915.96,.00)|(8004.31,.00)|(7924.00,.00)|-0.36|1.00|0.00|(7925.96,.00)|(1.00,.00)|7924.962259715891|24.586499776486363|0|null|2.5900407055964974|0|null|false|0|false
207.50|(7907.93,.46)|(1.00,.07)|7906.927035762521|24.586499776486363|7906|0|0|(7917.93,.00)|(8006.27,.00)|(7925.96,.00)|-0.36|1.00|0.00|(7927.93,.00)|(1.00,.00)|7926.927035762521|24.586499776486363|0|null|2.6248186296502336|0|null|false|0|false
207.55|(7909.89,.57)|(1.00,.07)|7908.892564503501|24.586499776486363|7908|0|0|(7919.89,.00)|(8008.24,.00)|(7927.93,.00)|-0.54|1.00|0.00|(7929.89,.00)|(1.00,.00)|7928.892564503501|24.586499776486363|0|null|2.6545082445478965|0|null|false|0|false
207.60|(7911.86,.66)|(1.00,.06)|7910.858770322955|24.586499776486363|7910|0|0|(7921.86,.00)|(8010.20,.00)|(7929.89,.00)|-0.54|1.00|0.00|(7931.86,.00)|(1.00,.00)|7930.858770322955|24.586499776486363|0|null|2.681094309870948|0|null|false|0|false
207.65|(7913.83,.75)|(1.00,.06)|7912.825587118364|24.586499776486363|7912|0|0|(7923.83,.00)|(8012.17,.00)|(7931.86,.00)|-0.54|1.00|0.00|(7933.83,.00)|(1.00,.00)|7932.825587118364|24.586499776486363|0|null|2.7045345306338517|0|null|false|0|false
207.70|(7915.79,.82)|(1.00,.05)|7914.79294578378|24.586499776486363|7914|0|0|(7925.79,.00)|(8014.14,.00)|(7933.83,.00)|-0.54|1.00|0.00|(7935.79,.00)|(1.00,.00)|7934.79294578378|24.586499776486363|0|null|2.7247931602178626|0|null|false|0|false
207.75|(7917.76,.88)|(1.00,.05)|7916.760725418077|24.586499776486363|7916|0|0|(7927.76,.00)|(8016.11,.00)|(7935.79,.00)|-0.63|1.00|0.00|(7937.76,.00)|(1.00,.00)|7936.760725418077|24.586499776486363|0|null|2.7403042842653758|0|null|false|0|false
207.80|(7919.73,.92)|(1.00,.04)|7918.7289241676235|24.586499776486363|7918|0|0|(7929.73,.00)|(8018.07,.00)|(7937.76,.00)|-0.63|1.00|0.00|(7939.73,.00)|(1.00,.00)|7938.7289241676235|24.586499776486363|0|null|2.7520533133155807|0|null|false|0|false
207.85|(7921.70,.95)|(1.00,.04)|7920.697440799378|24.586499776486363|7920|0|0|(7931.70,.00)|(8020.04,.00)|(7939.73,.00)|-0.63|1.00|0.00|(7941.70,.00)|(1.00,.00)|7940.697440799378|24.586499776486363|0|null|2.760016992450873|0|null|false|0|false
207.90|(7923.67,.97)|(1.00,.03)|7922.66617263587|24.586499776486363|7922|0|0|(7933.67,.00)|(8022.01,.00)|(7941.70,.00)|-0.63|1.00|0.00|(7943.67,.00)|(1.00,.00)|7942.66617263587|24.586499776486363|0|null|2.7641777281488267|0|null|false|0|false
207.95|(7925.64,.97)|(1.00,.02)|7924.635046709615|24.586499776486363|7924|0|0|(7935.64,.00)|(8023.98,.00)|(7943.67,.00)|-0.62|1.00|0.00|(7945.64,.00)|(1.00,.00)|7944.635046709615|24.586499776486363|0|null|2.7647749041911496|0|null|false|0|false
208.00|(7927.60,.96)|(1.00,.02)|7926.603935106075|24.586499776486363|7926|0|0|(7937.60,.00)|(8025.95,.00)|(7945.64,.00)|-0.62|1.00|0.00|(7947.60,.00)|(1.00,.00)|7946.603935106075|24.586499776486363|0|null|2.761635469125037|0|null|false|0|false
208.05|(7929.57,.93)|(1.00,.01)|7928.572738416593|24.586499776486363|7928|0|0|(7939.57,.00)|(8027.92,.00)|(7947.60,.00)|-0.62|1.00|0.00|(7949.57,.00)|(1.00,.00)|7948.572738416593|24.586499776486363|0|null|2.754756663407833|0|null|false|0|false
208.10|(7931.54,.90)|(1.00,.00)|7930.541631260605|24.586499776486363|7930|0|0|(7941.54,.00)|(8029.89,.00)|(7949.57,.00)|-0.52|1.00|0.00|(7951.54,.00)|(1.00,.00)|7950.541631260605|24.586499776486363|0|null|2.7458339526274824|0|null|false|0|false
208.15|(7933.51,.86)|(1.00,-.00)|7932.510325978633|24.586499776486363|7932|0|0|(7943.51,.00)|(8031.86,.00)|(7951.54,.00)|-0.52|1.00|0.00|(7953.51,.00)|(1.00,.00)|7952.510325978633|24.586499776486363|0|null|2.7337584494575946|0|null|false|0|false
208.20|(7935.48,.80)|(1.00,-.01)|7934.47875337848|24.586499776486363|7934|0|0|(7945.48,.00)|(8033.82,.00)|(7953.51,.00)|-0.52|1.00|0.00|(7955.48,.00)|(1.00,.00)|7954.47875337848|24.586499776486363|0|null|2.718541620981857|0|null|false|0|false
208.25|(7937.45,.74)|(1.00,-.01)|7936.447253922507|24.586499776486363|7936|0|0|(7947.45,.00)|(8035.79,.00)|(7955.48,.00)|-0.38|1.00|0.00|(7957.45,.00)|(1.00,.00)|7956.447253922507|24.586499776486363|0|null|2.7025611333799295|0|null|false|0|false
208.30|(7939.42,.67)|(1.00,-.02)|7938.41550098088|24.586499776486363|7938|0|0|(7949.42,.00)|(8037.76,.00)|(7957.45,.00)|-0.38|1.00|0.00|(7959.42,.00)|(1.00,.00)|7958.41550098088|24.586499776486363|0|null|2.684277772528401|0|null|false|0|false
208.35|(7941.38,.60)|(1.00,-.02)|7940.383459759083|24.586499776486363|7940|0|0|(7951.38,.00)|(8039.73,.00)|(7959.42,.00)|-0.38|1.00|0.00|(7961.38,.00)|(1.00,.00)|7960.383459759083|24.586499776486363|0|null|2.6637127459314227|0|null|false|0|false
208.40|(7943.35,.52)|(1.00,-.03)|7942.351096501972|24.586499776486363|7942|0|0|(7953.35,.00)|(8041.70,.00)|(7961.38,.00)|-0.38|1.00|0.00|(7963.35,.00)|(1.00,.00)|7962.351096501972|24.586499776486363|0|null|2.6408863571890153|0|null|false|0|false
208.45|(7945.32,.44)|(1.00,-.03)|7944.318987647993|24.586499776486363|7944|0|0|(7955.32,.00)|(8043.66,.00)|(7963.35,.00)|-0.17|1.00|0.00|(7965.32,.00)|(1.00,.00)|7964.318987647993|24.586499776486363|0|null|2.6195092197484326|0|null|false|0|false
208.50|(7947.29,.36)|(1.00,-.03)|7946.286750009149|24.586499776486363|7946|0|0|(7957.29,.00)|(8045.63,.00)|(7965.32,.00)|-0.17|1.00|0.00|(7967.29,.00)|(1.00,.00)|7966.286750009149|24.586499776486363|0|null|2.5971744943497135|0|null|false|0|false
208.55|(7949.25,.27)|(1.00,-.04)|7948.254380347447|24.586499776486363|7948|0|0|(7959.25,.00)|(8047.60,.00)|(7967.29,.00)|-0.17|1.00|0.00|(7969.25,.00)|(1.00,.00)|7968.254380347447|24.586499776486363|0|null|2.5739092340284557|0|null|false|0|false
208.60|(7951.22,.18)|(1.00,-.04)|7950.221875551632|24.586499776486363|7950|0|0|(7961.22,.00)|(8049.57,.00)|(7969.25,.00)|-0.17|1.00|0.00|(7971.22,.00)|(1.00,.00)|7970.221875551632|24.586499776486363|0|null|2.549737123067886|0|null|false|0|false
208.65|(7953.19,.10)|(1.00,-.04)|7952.189643333626|24.586499776486363|7952|0|0|(7963.19,.00)|(8051.54,.00)|(7971.22,.00)|0.03|1.00|0.00|(7973.19,.00)|(1.00,.00)|7972.189643333626|24.586499776486363|0|null|2.5280842754281756|0|null|false|0|false
208.70|(7955.16,.02)|(1.00,-.04)|7954.157477103462|24.586499776486363|7954|0|0|(7965.16,.00)|(8053.50,.00)|(7973.19,.00)|0.03|1.00|0.00|(7975.16,.00)|(1.00,.00)|7974.157477103462|24.586499776486363|0|null|2.5067304704637583|0|null|false|0|false
208.75|(7957.13,-.05)|(1.00,-.04)|7956.125377943343|24.586499776486363|7956|0|0|(7967.13,.00)|(8055.47,.00)|(7975.16,.00)|0.03|1.00|0.00|(7977.13,.00)|(1.00,.00)|7976.125377943343|24.586499776486363|0|null|2.485699667621743|0|null|false|0|false
208.80|(7959.09,-.12)|(1.00,-.04)|7958.093490332693|24.586499776486363|7958|0|0|(7969.09,.00)|(8057.44,.00)|(7977.13,.00)|0.16|1.00|0.00|(7979.09,.00)|(1.00,.00)|7978.093490332693|24.586499776486363|0|null|2.4671954496350468|0|null|false|0|false
208.85|(7961.06,-.18)|(1.00,-.04)|7960.06176680645|24.586499776486363|7960|0|0|(7971.06,.00)|(8059.41,.00)|(7979.09,.00)|0.16|1.00|0.00|(7981.06,.00)|(1.00,.00)|7980.06176680645|24.586499776486363|0|null|2.449798008765892|0|null|false|0|false
208.90|(7963.03,-.24)|(1.00,-.04)|7962.030198697867|24.586499776486363|7962|0|0|(7973.03,.00)|(8061.38,.00)|(7981.06,.00)|0.16|1.00|0.00|(7983.03,.00)|(1.00,.00)|7982.030198697867|24.586499776486363|0|null|2.4335248047488487|0|null|false|0|false
208.95|(7965.00,-.30)|(1.00,-.03)|7963.998776574107|24.586499776486363|7963|0|0|(7975.00,.00)|(8063.34,.00)|(7983.03,.00)|0.16|1.00|0.00|(7985.00,.00)|(1.00,.00)|7983.998776574107|24.586499776486363|0|null|2.418388439904246|0|null|false|0|false
209.00|(7966.97,-.34)|(1.00,-.03)|7965.967509167359|24.586499776486363|7965|0|0|(7976.97,.00)|(8065.31,.00)|(7985.00,.00)|0.24|1.00|0.00|(7986.97,.00)|(1.00,.00)|7985.967509167359|24.586499776486363|0|null|2.405744773902528|0|null|false|0|false
209.05|(7968.94,-.39)|(1.00,-.03)|7967.936399653198|24.586499776486363|7967|0|0|(7978.94,.00)|(8067.28,.00)|(7986.97,.00)|0.24|1.00|0.00|(7988.94,.00)|(1.00,.00)|7987.936399653198|24.586499776486363|0|null|2.394712670696407|0|null|false|0|false
209.10|(7970.91,-.42)|(1.00,-.03)|7969.90542826146|24.586499776486363|7969|0|0|(7980.91,.00)|(8069.25,.00)|(7988.94,.00)|0.24|1.00|0.00|(7990.91,.00)|(1.00,.00)|7989.90542826146|24.586499776486363|0|null|2.385296612721504|0|null|false|0|false
209.15|(7972.87,-.45)|(1.00,-.02)|7971.874551401743|24.586499776486363|7971|0|0|(7982.87,.00)|(8071.22,.00)|(7990.91,.00)|0.29|1.00|0.00|(7992.87,.00)|(1.00,.00)|7991.874551401743|24.586499776486363|0|null|2.3783403332895316|0|null|false|0|false
209.20|(7974.84,-.46)|(1.00,-.02)|7973.843778137499|24.586499776486363|7973|0|0|(7984.84,.00)|(8073.19,.00)|(7992.87,.00)|0.29|1.00|0.00|(7994.84,.00)|(1.00,.00)|7993.843778137499|24.586499776486363|0|null|2.3732875134200375|0|null|false|0|false
209.25|(7976.81,-.48)|(1.00,-.02)|7975.813081386106|24.586499776486363|7975|0|0|(7986.81,.00)|(8075.16,.00)|(7994.84,.00)|0.29|1.00|0.00|(7996.81,.00)|(1.00,.00)|7995.813081386106|24.586499776486363|0|null|2.3701352122043744|0|null|false|0|false
209.30|(7978.78,-.48)|(1.00,-.01)|7977.782434294688|24.586499776486363|7977|0|0|(7988.78,.00)|(8077.13,.00)|(7996.81,.00)|0.29|1.00|0.00|(7998.78,.00)|(1.00,.00)|7997.782434294688|24.586499776486363|0|null|2.3688777604871434|0|null|false|0|false
209.35|(7980.75,-.48)|(1.00,-.01)|7979.751833371546|24.586499776486363|7979|0|0|(7990.75,.00)|(8079.10,.00)|(7998.78,.00)|0.27|1.00|0.00|(8000.75,.00)|(1.00,.00)|7999.751833371546|24.586499776486363|0|null|2.369167312737285|0|null|false|0|false
209.40|(7982.72,-.47)|(1.00,-.01)|7981.721234217878|24.586499776486363|7981|0|0|(7992.72,.00)|(8081.07,.00)|(8000.75,.00)|0.27|1.00|0.00|(8002.72,.00)|(1.00,.00)|8001.721234217878|24.586499776486363|0|null|2.371217421476565|0|null|false|0|false
209.45|(7984.69,-.46)|(1.00,-.00)|7983.690614362967|24.586499776486363|7983|0|0|(7994.69,.00)|(8083.04,.00)|(8002.72,.00)|0.27|1.00|0.00|(8004.69,.00)|(1.00,.00)|8003.690614362967|24.586499776486363|0|null|2.375016104297126|0|null|false|0|false
209.50|(7986.66,-.44)|(1.00,-.00)|7985.659951925821|24.586499776486363|7985|0|0|(7996.66,.00)|(8085.01,.00)|(8004.69,.00)|0.27|1.00|0.00|(8006.66,.00)|(1.00,.00)|8005.659951925821|24.586499776486363|0|null|2.3805506870404955|0|null|false|0|false
209.55|(7988.63,-.41)|(1.00,.00)|7987.629225621868|24.586499776486363|7987|0|0|(7998.63,.00)|(8086.98,.00)|(8006.66,.00)|0.27|1.00|0.00|(8008.63,.00)|(1.00,.00)|8007.629225621868|24.586499776486363|0|null|2.387808219846847|0|null|false|0|false
209.60|(7990.60,-.38)|(1.00,.01)|7989.598521316894|24.586499776486363|7989|0|0|(8000.60,.00)|(8088.94,.00)|(8008.63,.00)|0.20|1.00|0.00|(8010.60,.00)|(1.00,.00)|8009.598521316894|24.586499776486363|0|null|2.395653754282333|0|null|false|0|false
209.65|(7992.57,-.35)|(1.00,.01)|7991.567747473078|24.586499776486363|7991|0|0|(8002.57,.00)|(8090.91,.00)|(8010.60,.00)|0.20|1.00|0.00|(8012.57,.00)|(1.00,.00)|8011.567747473078|24.586499776486363|0|null|2.4048116157189683|0|null|false|0|false
209.70|(7994.54,-.31)|(1.00,.01)|7993.536892631839|24.586499776486363|7993|0|0|(8004.54,.00)|(8092.88,.00)|(8012.57,.00)|0.20|1.00|0.00|(8014.54,.00)|(1.00,.00)|8013.536892631839|24.586499776486363|0|null|2.4152666364985547|0|null|false|0|false
209.75|(7996.51,-.27)|(1.00,.01)|7995.505945730287|24.586499776486363|7995|0|0|(8006.51,.00)|(8094.85,.00)|(8014.54,.00)|0.20|1.00|0.00|(8016.51,.00)|(1.00,.00)|8015.505945730287|24.586499776486363|0|null|2.4270050517077406|0|null|false|0|false
209.80|(7998.48,-.23)|(1.00,.01)|7997.475115262399|24.586499776486363|7997|0|0|(8008.48,.00)|(8096.82,.00)|(8016.51,.00)|0.05|1.00|0.00|(8018.48,.00)|(1.00,.00)|8017.475115262399|24.586499776486363|0|null|2.437474945190621|0|null|false|0|false
209.85|(8000.44,-.19)|(1.00,.02)|7999.444260547092|24.586499776486363|7999|0|0|(8010.44,.00)|(8098.79,.00)|(8018.48,.00)|0.05|1.00|0.00|(8020.44,.00)|(1.00,.00)|8019.444260547092|24.586499776486363|0|null|2.44833338144402|0|null|false|0|false
209.90|(8002.41,-.15)|(1.00,.02)|8001.413381472191|24.586499776486363|8001|0|0|(8012.41,.00)|(8100.76,.00)|(8020.44,.00)|0.05|1.00|0.00|(8022.41,.00)|(1.00,.00)|8021.413381472191|24.586499776486363|0|null|2.4595636472981104|0|null|false|0|false
209.95|(8004.38,-.11)|(1.00,.02)|8003.382548540548|24.586499776486363|8003|0|0|(8014.38,.00)|(8102.73,.00)|(8022.41,.00)|-0.02|1.00|0.00|(8024.38,.00)|(1.00,.00)|8023.382548540548|24.586499776486363|0|null|2.4698918953081446|0|null|false|0|false
210.00|(8006.35,-.07)|(1.00,.02)|8005.351726716433|24.586499776486363|8005|0|0|(8016.35,.00)|(8104.70,.00)|(8024.38,.00)|-0.02|1.00|0.00|(8026.35,.00)|(1.00,.00)|8025.351726716433|24.586499776486363|0|null|2.480133902070661|0|null|false|0|false
210.05|(8008.32,-.04)|(1.00,.02)|8007.320916505807|24.586499776486363|8007|0|0|(8018.32,.00)|(8106.67,.00)|(8026.35,.00)|-0.02|1.00|0.00|(8028.32,.00)|(1.00,.00)|8027.320916505807|24.586499776486363|0|null|2.49027671399392|0|null|false|0|false
210.10|(8010.29,.00)|(1.00,.02)|8009.290118226233|24.586499776486363|8009|0|0|(8020.29,.00)|(8108.64,.00)|(8028.32,.00)|-0.02|1.00|0.00|(8030.29,.00)|(1.00,.00)|8029.290118226233|24.586499776486363|0|null|2.5003101147878697|0|null|false|0|false
210.15|(8012.26,.04)|(1.00,.02)|8011.259332017997|24.586499776486363|8011|0|0|(8022.26,.00)|(8110.61,.00)|(8030.29,.00)|-0.02|1.00|0.00|(8032.26,.00)|(1.00,.00)|8031.259332017997|24.586499776486363|0|null|2.5102263856800935|0|null|false|0|false
210.20|(8014.23,.07)|(1.00,.02)|8013.228599483401|24.586499776486363|8013|0|0|(8024.23,.00)|(8112.57,.00)|(8032.26,.00)|-0.10|1.00|0.00|(8034.23,.00)|(1.00,.00)|8033.228599483401|24.586499776486363|0|null|2.518633926939013|0|null|false|0|false
210.25|(8016.20,.10)|(1.00,.02)|8015.197907190356|24.586499776486363|8015|0|0|(8026.20,.00)|(8114.54,.00)|(8034.23,.00)|-0.10|1.00|0.00|(8036.20,.00)|(1.00,.00)|8035.197907190356|24.586499776486363|0|null|2.526439268591113|0|null|false|0|false
210.30|(8018.17,.12)|(1.00,.02)|8017.167252437354|24.586499776486363|8017|0|0|(8028.17,.00)|(8116.51,.00)|(8036.20,.00)|-0.10|1.00|0.00|(8038.17,.00)|(1.00,.00)|8037.167252437354|24.586499776486363|0|null|2.5336360183490263|0|null|false|0|false
210.35|(8020.14,.14)|(1.00,.01)|8019.136633159733|24.586499776486363|8019|0|0|(8030.14,.00)|(8118.48,.00)|(8038.17,.00)|-0.15|1.00|0.00|(8040.14,.00)|(1.00,.00)|8039.136633159733|24.586499776486363|0|null|2.539342155455641|0|null|false|0|false
210.40|(8022.11,.16)|(1.00,.01)|8021.106054596815|24.586499776486363|8021|0|0|(8032.11,.00)|(8120.45,.00)|(8040.14,.00)|-0.15|1.00|0.00|(8042.11,.00)|(1.00,.00)|8041.106054596815|24.586499776486363|0|null|2.5441304672610108|0|null|false|0|false
210.45|(8024.08,.18)|(1.00,.01)|8023.075510426425|24.586499776486363|8023|0|0|(8034.08,.00)|(8122.42,.00)|(8042.11,.00)|-0.15|1.00|0.00|(8044.08,.00)|(1.00,.00)|8043.075510426425|24.586499776486363|0|null|2.5479958687887256|0|null|false|0|false
210.50|(8026.04,.19)|(1.00,.01)|8025.044990785562|24.586499776486363|8025|0|0|(8036.04,.00)|(8124.39,.00)|(8044.08,.00)|-0.16|1.00|0.00|(8046.04,.00)|(1.00,.00)|8045.044990785562|24.586499776486363|0|null|2.5507759060764967|0|null|false|0|false
210.55|(8028.01,.19)|(1.00,.01)|8027.0144927508945|24.586499776486363|8027|0|0|(8038.01,.00)|(8126.36,.00)|(8046.04,.00)|-0.16|1.00|0.00|(8048.01,.00)|(1.00,.00)|8047.0144927508945|24.586499776486363|0|null|2.552570898431688|0|null|false|0|false
210.60|(8029.98,.20)|(1.00,.01)|8028.984009062353|24.586499776486363|8028|0|0|(8039.98,.00)|(8128.33,.00)|(8048.01,.00)|-0.16|1.00|0.00|(8049.98,.00)|(1.00,.00)|8048.984009062353|24.586499776486363|0|null|2.553376919637736|0|null|false|0|false
210.65|(8031.95,.19)|(1.00,.01)|8030.953532418319|24.586499776486363|8030|0|0|(8041.95,.00)|(8130.30,.00)|(8049.98,.00)|-0.16|1.00|0.00|(8051.95,.00)|(1.00,.00)|8050.953532418319|24.586499776486363|0|null|2.5531899559378077|0|null|false|0|false
210.70|(8033.92,.19)|(1.00,.00)|8032.923055474066|24.586499776486363|8032|0|0|(8043.92,.00)|(8132.27,.00)|(8051.95,.00)|-0.16|1.00|0.00|(8053.92,.00)|(1.00,.00)|8052.923055474066|24.586499776486363|0|null|2.5520056024746816|0|null|false|0|false
210.75|(8035.89,.18)|(1.00,.00)|8034.89257082942|24.586499776486363|8034|0|0|(8045.89,.00)|(8134.24,.00)|(8053.92,.00)|-0.16|1.00|0.00|(8055.89,.00)|(1.00,.00)|8054.89257082942|24.586499776486363|0|null|2.549818796932494|0|null|false|0|false
210.80|(8037.86,.17)|(1.00,.00)|8036.862093639309|24.586499776486363|8036|0|0|(8047.86,.00)|(8136.21,.00)|(8055.89,.00)|-0.13|1.00|0.00|(8057.86,.00)|(1.00,.00)|8056.862093639309|24.586499776486363|0|null|2.5470921311152486|0|null|false|0|false
210.85|(8039.83,.16)|(1.00,-.00)|8038.8316002907795|24.586499776486363|8038|0|0|(8049.83,.00)|(8138.18,.00)|(8057.86,.00)|-0.13|1.00|0.00|(8059.83,.00)|(1.00,.00)|8058.8316002907795|24.586499776486363|0|null|2.5435109840303083|0|null|false|0|false
210.90|(8041.80,.14)|(1.00,-.00)|8040.801085271116|24.586499776486363|8040|0|0|(8051.80,.00)|(8140.15,.00)|(8059.83,.00)|-0.13|1.00|0.00|(8061.80,.00)|(1.00,.00)|8060.801085271116|24.586499776486363|0|null|2.539068640536301|0|null|false|0|false
210.95|(8043.77,.12)|(1.00,-.00)|8042.770542936303|24.586499776486363|8042|0|0|(8053.77,.00)|(8142.12,.00)|(8061.80,.00)|-0.13|1.00|0.00|(8063.77,.00)|(1.00,.00)|8062.770542936303|24.586499776486363|0|null|2.533756942706526|0|null|false|0|false
211.00|(8045.74,.10)|(1.00,-.01)|8044.739967471636|24.586499776486363|8044|0|0|(8055.74,.00)|(8144.09,.00)|(8063.77,.00)|-0.13|1.00|0.00|(8065.74,.00)|(1.00,.00)|8064.739967471636|24.586499776486363|0|null|2.527566265716989|0|null|false|0|false
211.05|(8047.71,.07)|(1.00,-.01)|8046.709352852758|24.586499776486363|8046|0|0|(8057.71,.00)|(8146.06,.00)|(8065.74,.00)|-0.13|1.00|0.00|(8067.71,.00)|(1.00,.00)|8066.709352852758|24.586499776486363|0|null|2.520485541714568|0|null|false|0|false
211.10|(8049.68,.05)|(1.00,-.01)|8048.678692808857|24.586499776486363|8048|0|0|(8059.68,.00)|(8148.02,.00)|(8067.71,.00)|-0.13|1.00|0.00|(8069.68,.00)|(1.00,.00)|8068.678692808857|24.586499776486363|0|null|2.5125023301469787|0|null|false|0|false
211.15|(8051.65,.01)|(1.00,-.01)|8050.647980789687|24.586499776486363|8050|0|0|(8061.65,.00)|(8149.99,.00)|(8069.68,.00)|-0.13|1.00|0.00|(8071.65,.00)|(1.00,.00)|8070.647980789687|24.586499776486363|0|null|2.503602932098486|0|null|false|0|false
211.20|(8053.62,-.02)|(1.00,-.01)|8052.617209937983|24.586499776486363|8052|0|0|(8063.62,.00)|(8151.96,.00)|(8071.65,.00)|-0.13|1.00|0.00|(8073.62,.00)|(1.00,.00)|8072.617209937983|24.586499776486363|0|null|2.4937725452882704|0|null|false|0|false
211.25|(8055.59,-.06)|(1.00,-.01)|8054.586373068722|24.586499776486363|8054|0|0|(8065.59,.00)|(8153.93,.00)|(8073.62,.00)|-0.13|1.00|0.00|(8075.59,.00)|(1.00,.00)|8074.586373068722|24.586499776486363|0|null|2.482995455570991|0|null|false|0|false
211.30|(8057.56,-.11)|(1.00,-.02)|8056.555462656505|24.586499776486363|8056|0|0|(8067.56,.00)|(8155.90,.00)|(8075.59,.00)|-0.13|1.00|0.00|(8077.56,.00)|(1.00,.00)|8076.555462656505|24.586499776486363|0|null|2.471255260048938|0|null|false|0|false
211.35|(8059.52,-.15)|(1.00,-.02)|8058.524470832126|24.586499776486363|8058|0|0|(8069.52,.00)|(8157.87,.00)|(8077.56,.00)|-0.13|1.00|0.00|(8079.52,.00)|(1.00,.00)|8078.524470832126|24.586499776486363|0|null|2.4585351162780507|0|null|false|0|false
211.40|(8061.49,-.20)|(1.00,-.02)|8060.493389389149|24.586499776486363|8060|0|0|(8071.49,.00)|(8159.84,.00)|(8079.52,.00)|-0.13|1.00|0.00|(8081.49,.00)|(1.00,.00)|8080.493389389149|24.586499776486363|0|null|2.44481801153948|0|null|false|0|false
211.45|(8063.46,-.26)|(1.00,-.02)|8062.4622098010395|24.586499776486363|8062|0|0|(8073.46,.00)|(8161.81,.00)|(8081.49,.00)|-0.13|1.00|0.00|(8083.46,.00)|(1.00,.00)|8082.4622098010395|24.586499776486363|0|null|2.4300870457655397|0|null|false|0|false
211.50|(8065.43,-.31)|(1.00,-.02)|8064.430923249057|24.586499776486363|8064|0|0|(8075.43,.00)|(8163.78,.00)|(8083.46,.00)|-0.13|1.00|0.00|(8085.43,.00)|(1.00,.00)|8084.430923249057|24.586499776486363|0|null|2.4143257214621316|0|null|false|0|false
211.55|(8067.40,-.38)|(1.00,-.03)|8066.399520660806|24.586499776486363|8066|0|0|(8077.40,.00)|(8165.75,.00)|(8085.43,.00)|-0.13|1.00|0.00|(8087.40,.00)|(1.00,.00)|8086.399520660806|24.586499776486363|0|null|2.397518233864559|0|null|false|0|false
211.60|(8069.37,-.44)|(1.00,-.03)|8068.367992758958|24.586499776486363|8068|0|0|(8079.37,.00)|(8167.71,.00)|(8087.40,.00)|-0.13|1.00|0.00|(8089.37,.00)|(1.00,.00)|8088.367992758958|24.586499776486363|0|null|2.3796497546024993|0|null|false|0|false
211.65|(8071.34,-.51)|(1.00,-.03)|8070.336330119306|24.586499776486363|8070|0|0|(8081.34,.00)|(8169.68,.00)|(8089.37,.00)|-0.13|1.00|0.00|(8091.34,.00)|(1.00,.00)|8090.336330119306|24.586499776486363|0|null|2.360706702332036|0|null|false|0|false
211.70|(8073.30,-.58)|(1.00,-.03)|8072.304523236945|24.586499776486363|8072|0|0|(8083.30,.00)|(8171.65,.00)|(8091.34,.00)|-0.13|1.00|0.00|(8093.30,.00)|(1.00,.00)|8092.304523236945|24.586499776486363|0|null|2.340676994114265|0|null|false|0|false
211.75|(8075.27,-.66)|(1.00,-.03)|8074.272562599052|24.586499776486363|8074|0|0|(8085.27,.00)|(8173.62,.00)|(8093.30,.00)|-0.13|1.00|0.00|(8095.27,.00)|(1.00,.00)|8094.272562599052|24.586499776486363|0|null|2.319550271774185|0|null|false|0|false
211.80|(8077.24,-.74)|(1.00,-.04)|8076.240438762407|24.586499776486363|8076|0|0|(8087.24,.00)|(8175.59,.00)|(8095.27,.00)|-0.13|1.00|0.00|(8097.24,.00)|(1.00,.00)|8096.240438762407|24.586499776486363|0|null|2.2973180980505354|0|null|false|0|false
211.85|(8079.21,-.83)|(1.00,-.04)|8078.208142433566|24.586499776486363|8078|0|0|(8089.21,.00)|(8177.55,.00)|(8097.24,.00)|-0.13|1.00|0.00|(8099.21,.00)|(1.00,.00)|8098.208142433566|24.586499776486363|0|null|2.2739741180344963|0|null|false|0|false
211.90|(8081.18,-.92)|(1.00,-.04)|8080.175664549391|24.586499776486363|8080|0|0|(8091.18,.00)|(8179.52,.00)|(8099.21,.00)|-0.13|1.00|0.00|(8101.18,.00)|(1.00,.00)|8100.175664549391|24.586499776486363|0|null|2.2495141821777223|0|null|false|0|false
211.95|(8083.14,-1.01)|(1.00,-.04)|8082.142996355537|24.586499776486363|8082|0|0|(8093.14,.00)|(8181.49,.00)|(8101.18,.00)|-0.13|1.00|0.00|(8103.14,.00)|(1.00,.00)|8102.142996355537|24.586499776486363|0|null|2.2239364280110427|0|null|false|0|false
212.00|(8085.11,-1.08)|(1.00,-.04)|8084.111129495225|24.586499776486363|8084|0|0|(8095.11,.00)|(8183.46,.00)|(8103.14,.00)|0.38|1.00|0.00|(8105.11,.00)|(1.00,.00)|8104.111129495225|24.586499776486363|0|null|2.2060082497170788|0|null|false|0|false
212.05|(8087.08,-1.13)|(1.00,-.04)|8086.0795074744565|24.586499776486363|8086|0|0|(8097.08,.00)|(8185.43,.00)|(8105.11,.00)|0.38|1.00|0.00|(8107.08,.00)|(1.00,.00)|8106.0795074744565|24.586499776486363|0|null|2.1899753697979647|0|null|false|0|false
212.10|(8089.05,-1.19)|(1.00,-.03)|8088.048106236056|24.586499776486363|8088|0|0|(8099.05,.00)|(8187.39,.00)|(8107.08,.00)|0.38|1.00|0.00|(8109.05,.00)|(1.00,.00)|8108.048106236056|24.586499776486363|0|null|2.175870972160113|0|null|false|0|false
212.15|(8091.02,-1.23)|(1.00,-.03)|8090.0169005944435|24.586499776486363|8090|0|0|(8101.02,.00)|(8189.36,.00)|(8109.05,.00)|0.38|1.00|0.00|(8111.02,.00)|(1.00,.00)|8110.0169005944435|24.586499776486363|0|null|2.163727396497544|0|null|false|0|false
212.20|(8092.99,-1.25)|(1.00,-.03)|8091.985595468175|24.586499776486363|8091|0|0|(8102.99,.00)|(8191.33,.00)|(8111.02,.00)|0.66|1.00|0.00|(8112.99,.00)|(1.00,.00)|8111.985595468175|24.586499776486363|0|null|2.1584154802269966|0|null|false|0|false
212.25|(8094.95,-1.26)|(1.00,-.02)|8093.954420634141|24.586499776486363|8093|0|0|(8104.95,.00)|(8193.30,.00)|(8112.99,.00)|0.66|1.00|0.00|(8114.95,.00)|(1.00,.00)|8113.954420634141|24.586499776486363|0|null|2.1567883582865703|0|null|false|0|false
212.30|(8096.92,-1.25)|(1.00,-.01)|8095.923278678638|24.586499776486363|8095|0|0|(8106.92,.00)|(8195.27,.00)|(8114.95,.00)|0.66|1.00|0.00|(8116.92,.00)|(1.00,.00)|8115.923278678638|24.586499776486363|0|null|2.1588916903805524|0|null|false|0|false
212.35|(8098.89,-1.23)|(1.00,-.01)|8097.8921619652665|24.586499776486363|8097|0|0|(8108.89,.00)|(8197.24,.00)|(8116.92,.00)|0.62|1.00|0.00|(8118.89,.00)|(1.00,.00)|8117.8921619652665|24.586499776486363|0|null|2.1641837890986553|0|null|false|0|false
212.40|(8100.86,-1.20)|(1.00,-.00)|8099.860898915578|24.586499776486363|8099|0|0|(8110.86,.00)|(8199.21,.00)|(8118.89,.00)|0.62|1.00|0.00|(8120.86,.00)|(1.00,.00)|8119.860898915578|24.586499776486363|0|null|2.17308908929082|0|null|false|0|false
212.45|(8102.83,-1.15)|(1.00,.00)|8101.82939468595|24.586499776486363|8101|0|0|(8112.83,.00)|(8201.18,.00)|(8120.86,.00)|0.62|1.00|0.00|(8122.83,.00)|(1.00,.00)|8121.82939468595|24.586499776486363|0|null|2.1856437247436413|0|null|false|0|false
212.50|(8104.80,-1.10)|(1.00,.01)|8103.797934282945|24.586499776486363|8103|0|0|(8114.80,.00)|(8203.14,.00)|(8122.83,.00)|0.51|1.00|0.00|(8124.80,.00)|(1.00,.00)|8123.797934282945|24.586499776486363|0|null|2.1999447017420186|0|null|false|0|false
212.55|(8106.77,-1.03)|(1.00,.01)|8105.766159155227|24.586499776486363|8105|0|0|(8116.77,.00)|(8205.11,.00)|(8124.80,.00)|0.51|1.00|0.00|(8126.77,.00)|(1.00,.00)|8125.766159155227|24.586499776486363|0|null|2.2172950350120675|0|null|false|0|false
212.60|(8108.73,-.96)|(1.00,.02)|8107.734001312822|24.586499776486363|8107|0|0|(8118.73,.00)|(8207.08,.00)|(8126.77,.00)|0.51|1.00|0.00|(8128.73,.00)|(1.00,.00)|8127.734001312822|24.586499776486363|0|null|2.2377177782628106|0|null|false|0|false
212.65|(8110.70,-.87)|(1.00,.03)|8109.701391779831|24.586499776486363|8109|0|0|(8120.70,.00)|(8209.05,.00)|(8128.73,.00)|0.51|1.00|0.00|(8130.70,.00)|(1.00,.00)|8129.701391779831|24.586499776486363|0|null|2.261234155560727|0|null|false|0|false
212.70|(8112.67,-.78)|(1.00,.03)|8111.668260732478|24.586499776486363|8111|0|0|(8122.67,.00)|(8211.01,.00)|(8130.70,.00)|0.51|1.00|0.00|(8132.67,.00)|(1.00,.00)|8131.668260732478|24.586499776486363|0|null|2.2878634266818976|0|null|false|0|false
212.75|(8114.64,-.68)|(1.00,.04)|8113.635368108416|24.586499776486363|8113|0|0|(8124.64,.00)|(8212.98,.00)|(8132.67,.00)|0.31|1.00|0.00|(8134.64,.00)|(1.00,.00)|8133.635368108416|24.586499776486363|0|null|2.314104711382966|0|null|false|0|false
212.80|(8116.60,-.58)|(1.00,.04)|8115.60212387911|24.586499776486363|8115|0|0|(8126.60,.00)|(8214.95,.00)|(8134.64,.00)|0.31|1.00|0.00|(8136.60,.00)|(1.00,.00)|8135.60212387911|24.586499776486363|0|null|2.342283287006371|0|null|false|0|false
212.85|(8118.57,-.47)|(1.00,.04)|8117.568501220444|24.586499776486363|8117|0|0|(8128.57,.00)|(8216.91,.00)|(8136.60,.00)|0.31|1.00|0.00|(8138.57,.00)|(1.00,.00)|8137.568501220444|24.586499776486363|0|null|2.3724013545863847|0|null|false|0|false
212.90|(8120.54,-.37)|(1.00,.05)|8119.535338566314|24.586499776486363|8119|0|0|(8130.54,.00)|(8218.88,.00)|(8138.57,.00)|0.05|1.00|0.00|(8140.54,.00)|(1.00,.00)|8139.535338566314|24.586499776486363|0|null|2.4000813110923067|0|null|false|0|false
212.95|(8122.50,-.26)|(1.00,.05)|8121.502108797167|24.586499776486363|8121|0|0|(8132.50,.00)|(8220.85,.00)|(8140.54,.00)|0.05|1.00|0.00|(8142.50,.00)|(1.00,.00)|8141.502108797167|24.586499776486363|0|null|2.4281989746450745|0|null|false|0|false
213.00|(8124.47,-.16)|(1.00,.05)|8123.468811830747|24.586499776486363|8123|0|0|(8134.47,.00)|(8222.81,.00)|(8142.50,.00)|0.05|1.00|0.00|(8144.47,.00)|(1.00,.00)|8143.468811830747|24.586499776486363|0|null|2.4567393972449345|0|null|false|0|false
213.05|(8126.44,-.06)|(1.00,.05)|8125.435854295886|24.586499776486363|8125|0|0|(8136.44,.00)|(8224.78,.00)|(8144.47,.00)|-0.12|1.00|0.00|(8146.44,.00)|(1.00,.00)|8145.435854295886|24.586499776486363|0|null|2.4827727881623587|0|null|false|0|false
213.10|(8128.40,.03)|(1.00,.05)|8127.403027299047|24.586499776486363|8127|0|0|(8138.40,.00)|(8226.75,.00)|(8146.44,.00)|-0.12|1.00|0.00|(8148.40,.00)|(1.00,.00)|8147.403027299047|24.586499776486363|0|null|2.5081989906214894|0|null|false|0|false
213.15|(8130.37,.12)|(1.00,.05)|8129.370329850077|24.586499776486363|8129|0|0|(8140.37,.00)|(8228.72,.00)|(8148.40,.00)|-0.12|1.00|0.00|(8150.37,.00)|(1.00,.00)|8149.370329850077|24.586499776486363|0|null|2.532993831171863|0|null|false|0|false
213.20|(8132.34,.21)|(1.00,.05)|8131.337760720929|24.586499776486363|8131|0|0|(8142.34,.00)|(8230.68,.00)|(8150.37,.00)|-0.12|1.00|0.00|(8152.34,.00)|(1.00,.00)|8151.337760720929|24.586499776486363|0|null|2.5571340346902307|0|null|false|0|false
213.25|(8134.31,.28)|(1.00,.04)|8133.305535777957|24.586499776486363|8133|0|0|(8144.31,.00)|(8232.65,.00)|(8152.34,.00)|-0.28|1.00|0.00|(8154.31,.00)|(1.00,.00)|8153.305535777957|24.586499776486363|0|null|2.5777250298698826|0|null|false|0|false
213.30|(8136.27,.35)|(1.00,.04)|8135.273567415958|24.586499776486363|8135|0|0|(8146.27,.00)|(8234.62,.00)|(8154.31,.00)|-0.28|1.00|0.00|(8156.27,.00)|(1.00,.00)|8155.273567415958|24.586499776486363|0|null|2.5966314566693782|0|null|false|0|false
213.35|(8138.24,.42)|(1.00,.04)|8137.241836654838|24.586499776486363|8137|0|0|(8148.24,.00)|(8236.59,.00)|(8156.27,.00)|-0.28|1.00|0.00|(8158.24,.00)|(1.00,.00)|8157.241836654838|24.586499776486363|0|null|2.6138231251529978|0|null|false|0|false
213.40|(8140.21,.47)|(1.00,.04)|8139.210323571821|24.586499776486363|8139|0|0|(8150.21,.00)|(8238.56,.00)|(8158.24,.00)|-0.28|1.00|0.00|(8160.21,.00)|(1.00,.00)|8159.210323571821|24.586499776486363|0|null|2.6292717190122703|0|null|false|0|false
213.45|(8142.18,.52)|(1.00,.03)|8141.179007053617|24.586499776486363|8141|0|0|(8152.18,.00)|(8240.53,.00)|(8160.21,.00)|-0.38|1.00|0.00|(8162.18,.00)|(1.00,.00)|8161.179007053617|24.586499776486363|0|null|2.641372013207932|0|null|false|0|false
213.50|(8144.15,.55)|(1.00,.03)|8143.147891649753|24.586499776486363|8143|0|0|(8154.15,.00)|(8242.49,.00)|(8162.18,.00)|-0.38|1.00|0.00|(8164.15,.00)|(1.00,.00)|8163.147891649753|24.586499776486363|0|null|2.65113625596638|0|null|false|0|false
213.55|(8146.12,.58)|(1.00,.03)|8145.116938827121|24.586499776486363|8145|0|0|(8156.12,.00)|(8244.46,.00)|(8164.15,.00)|-0.38|1.00|0.00|(8166.12,.00)|(1.00,.00)|8165.116938827121|24.586499776486363|0|null|2.658536854629051|0|null|false|0|false
213.60|(8148.09,.60)|(1.00,.02)|8147.086100598217|24.586499776486363|8147|0|0|(8158.09,.00)|(8246.43,.00)|(8166.12,.00)|-0.38|1.00|0.00|(8168.09,.00)|(1.00,.00)|8167.086100598217|24.586499776486363|0|null|2.6633926334671307|0|null|false|0|false
213.65|(8150.06,.61)|(1.00,.02)|8149.055343722955|24.586499776486363|8149|0|0|(8160.06,.00)|(8248.40,.00)|(8168.09,.00)|-0.38|1.00|0.00|(8170.06,.00)|(1.00,.00)|8169.055343722955|24.586499776486363|0|null|2.6657840134296333|0|null|false|0|false
213.70|(8152.02,.61)|(1.00,.01)|8151.024624879581|24.586499776486363|8151|0|0|(8162.02,.00)|(8250.37,.00)|(8170.06,.00)|-0.38|1.00|0.00|(8172.02,.00)|(1.00,.00)|8171.024624879581|24.586499776486363|0|null|2.665691134815387|0|null|false|0|false
213.75|(8153.99,.60)|(1.00,.01)|8152.993900035638|24.586499776486363|8152|0|0|(8163.99,.00)|(8252.34,.00)|(8172.02,.00)|-0.38|1.00|0.00|(8173.99,.00)|(1.00,.00)|8172.993900035638|24.586499776486363|0|null|2.663097087881186|0|null|false|0|false
213.80|(8155.96,.58)|(1.00,.01)|8154.963124618558|24.586499776486363|8154|0|0|(8165.96,.00)|(8254.31,.00)|(8173.99,.00)|-0.38|1.00|0.00|(8175.96,.00)|(1.00,.00)|8174.963124618558|24.586499776486363|0|null|2.657987980146461|0|null|false|0|false
213.85|(8157.93,.56)|(1.00,.00)|8156.932406745583|24.586499776486363|8156|0|0|(8167.93,.00)|(8256.28,.00)|(8175.96,.00)|-0.30|1.00|0.00|(8177.93,.00)|(1.00,.00)|8176.932406745583|24.586499776486363|0|null|2.6517618003590346|0|null|false|0|false
213.90|(8159.90,.53)|(1.00,-.00)|8158.901597009183|24.586499776486363|8158|0|0|(8169.90,.00)|(8258.25,.00)|(8177.93,.00)|-0.30|1.00|0.00|(8179.90,.00)|(1.00,.00)|8178.901597009183|24.586499776486363|0|null|2.643485867004537|0|null|false|0|false
213.95|(8161.87,.49)|(1.00,-.01)|8160.870666018209|24.586499776486363|8160|0|0|(8171.87,.00)|(8260.22,.00)|(8179.90,.00)|-0.30|1.00|0.00|(8181.87,.00)|(1.00,.00)|8180.870666018209|24.586499776486363|0|null|2.6331600010453418|0|null|false|0|false
214.00|(8163.84,.45)|(1.00,-.01)|8162.839757927898|24.586499776486363|8162|0|0|(8173.84,.00)|(8262.19,.00)|(8181.87,.00)|-0.22|1.00|0.00|(8183.84,.00)|(1.00,.00)|8182.839757927898|24.586499776486363|0|null|2.6222962957079856|0|null|false|0|false
214.05|(8165.81,.40)|(1.00,-.01)|8164.80873498819|24.586499776486363|8164|0|0|(8175.81,.00)|(8264.15,.00)|(8183.84,.00)|-0.22|1.00|0.00|(8185.81,.00)|(1.00,.00)|8184.80873498819|24.586499776486363|0|null|2.60990857360454|0|null|false|0|false
214.10|(8167.78,.35)|(1.00,-.02)|8166.777582067048|24.586499776486363|8166|0|0|(8177.78,.00)|(8266.12,.00)|(8185.81,.00)|-0.22|1.00|0.00|(8187.78,.00)|(1.00,.00)|8186.777582067048|24.586499776486363|0|null|2.5960091585824023|0|null|false|0|false
214.15|(8169.75,.30)|(1.00,-.02)|8168.746485041611|24.586499776486363|8168|0|0|(8179.75,.00)|(8268.09,.00)|(8187.78,.00)|-0.11|1.00|0.00|(8189.75,.00)|(1.00,.00)|8188.746485041611|24.586499776486363|0|null|2.582463770197087|0|null|false|0|false
214.20|(8171.72,.25)|(1.00,-.02)|8170.715312821094|24.586499776486363|8170|0|0|(8181.72,.00)|(8270.06,.00)|(8189.75,.00)|-0.11|1.00|0.00|(8191.72,.00)|(1.00,.00)|8190.715312821094|24.586499776486363|0|null|2.5680729267249562|0|null|false|0|false
214.25|(8173.68,.19)|(1.00,-.02)|8172.684062470976|24.586499776486363|8172|0|0|(8183.68,.00)|(8272.03,.00)|(8191.72,.00)|-0.11|1.00|0.00|(8193.68,.00)|(1.00,.00)|8192.684062470977|24.586499776486363|0|null|2.5528604180238164|0|null|false|0|false
214.30|(8175.65,.13)|(1.00,-.02)|8174.65273162789|24.586499776486363|8174|0|0|(8185.65,.00)|(8274.00,.00)|(8193.68,.00)|-0.11|1.00|0.00|(8195.65,.00)|(1.00,.00)|8194.65273162789|24.586499776486363|0|null|2.536851035014841|0|null|false|0|false
214.35|(8177.62,.07)|(1.00,-.03)|8176.621318484521|24.586499776486363|8176|0|0|(8187.62,.00)|(8275.97,.00)|(8195.65,.00)|-0.11|1.00|0.00|(8197.62,.00)|(1.00,.00)|8196.621318484522|24.586499776486363|0|null|2.5200704351492593|0|null|false|0|false
214.40|(8179.59,.02)|(1.00,-.03)|8178.590032185643|24.586499776486363|8178|0|0|(8189.59,.00)|(8277.94,.00)|(8197.62,.00)|0.02|1.00|0.00|(8199.59,.00)|(1.00,.00)|8198.590032185642|24.586499776486363|0|null|2.5048311933762513|0|null|false|0|false
214.45|(8181.56,-.04)|(1.00,-.03)|8180.558759905946|24.586499776486363|8180|0|0|(8191.56,.00)|(8279.90,.00)|(8199.59,.00)|0.02|1.00|0.00|(8201.56,.00)|(1.00,.00)|8200.558759905947|24.586499776486363|0|null|2.4896589464342416|0|null|false|0|false
214.50|(8183.53,-.09)|(1.00,-.03)|8182.527504366491|24.586499776486363|8182|0|0|(8193.53,.00)|(8281.87,.00)|(8201.56,.00)|0.02|1.00|0.00|(8203.53,.00)|(1.00,.00)|8202.527504366491|24.586499776486363|0|null|2.474588088613425|0|null|false|0|false
214.55|(8185.50,-.14)|(1.00,-.03)|8184.496373560458|24.586499776486363|8184|0|0|(8195.50,.00)|(8283.84,.00)|(8203.53,.00)|0.15|1.00|0.00|(8205.50,.00)|(1.00,.00)|8204.496373560458|24.586499776486363|0|null|2.461780907357773|0|null|false|0|false
214.60|(8187.47,-.18)|(1.00,-.03)|8186.465329379612|24.586499776486363|8186|0|0|(8197.47,.00)|(8285.81,.00)|(8205.50,.00)|0.15|1.00|0.00|(8207.47,.00)|(1.00,.00)|8206.465329379611|24.586499776486363|0|null|2.449872335030241|0|null|false|0|false
214.65|(8189.43,-.22)|(1.00,-.02)|8188.434368081601|24.586499776486363|8188|0|0|(8199.43,.00)|(8287.78,.00)|(8207.47,.00)|0.15|1.00|0.00|(8209.43,.00)|(1.00,.00)|8208.434368081602|24.586499776486363|0|null|2.438900702340427|0|null|false|0|false
214.70|(8191.40,-.26)|(1.00,-.02)|8190.403490224666|24.586499776486363|8190|0|0|(8201.40,.00)|(8289.75,.00)|(8209.43,.00)|0.20|1.00|0.00|(8211.40,.00)|(1.00,.00)|8210.403490224666|24.586499776486363|0|null|2.4298656633661926|0|null|false|0|false
214.75|(8193.37,-.28)|(1.00,-.02)|8192.372699840296|24.586499776486363|8192|0|0|(8203.37,.00)|(8291.72,.00)|(8211.40,.00)|0.20|1.00|0.00|(8213.37,.00)|(1.00,.00)|8212.372699840296|24.586499776486363|0|null|2.422168484354314|0|null|false|0|false
214.80|(8195.34,-.31)|(1.00,-.02)|8194.34198522172|24.586499776486363|8194|0|0|(8205.34,.00)|(8293.69,.00)|(8213.37,.00)|0.20|1.00|0.00|(8215.34,.00)|(1.00,.00)|8214.34198522172|24.586499776486363|0|null|2.415843663184681|0|null|false|0|false
214.85|(8197.31,-.32)|(1.00,-.02)|8196.311318457747|24.586499776486363|8196|0|0|(8207.31,.00)|(8295.66,.00)|(8215.34,.00)|0.23|1.00|0.00|(8217.31,.00)|(1.00,.00)|8216.311318457747|24.586499776486363|0|null|2.411417692750578|0|null|false|0|false
214.90|(8199.28,-.33)|(1.00,-.01)|8198.280701450603|24.586499776486363|8198|0|0|(8209.28,.00)|(8297.63,.00)|(8217.31,.00)|0.23|1.00|0.00|(8219.28,.00)|(1.00,.00)|8218.280701450603|24.586499776486363|0|null|2.4085940091623477|0|null|false|0|false
214.95|(8201.25,-.34)|(1.00,-.01)|8200.25011615975|24.586499776486363|8200|0|0|(8211.25,.00)|(8299.60,.00)|(8219.28,.00)|0.23|1.00|0.00|(8221.25,.00)|(1.00,.00)|8220.25011615975|24.586499776486363|0|null|2.407399419002746|0|null|false|0|false
215.00|(8203.22,-.34)|(1.00,-.01)|8202.219543763595|24.586499776486363|8202|0|0|(8213.22,.00)|(8301.57,.00)|(8221.25,.00)|0.23|1.00|0.00|(8223.22,.00)|(1.00,.00)|8222.219543763595|24.586499776486363|0|null|2.407857279526908|0|null|false|0|false
215.05|(8205.19,-.33)|(1.00,-.01)|8204.188964788942|24.586499776486363|8204|0|0|(8215.19,.00)|(8303.53,.00)|(8223.22,.00)|0.23|1.00|0.00|(8225.19,.00)|(1.00,.00)|8224.188964788942|24.586499776486363|0|null|2.4099874639843355|0|null|false|0|false
215.10|(8207.16,-.32)|(1.00,-.00)|8206.15835924746|24.586499776486363|8206|0|0|(8217.16,.00)|(8305.50,.00)|(8225.19,.00)|0.23|1.00|0.00|(8227.16,.00)|(1.00,.00)|8226.15835924746|24.586499776486363|0|null|2.413806359284876|0|null|false|0|false
215.15|(8209.13,-.30)|(1.00,.00)|8208.127706776113|24.586499776486363|8208|0|0|(8219.13,.00)|(8307.47,.00)|(8227.16,.00)|0.23|1.00|0.00|(8229.13,.00)|(1.00,.00)|8228.127706776113|24.586499776486363|0|null|2.4193268987230203|0|null|false|0|false
215.20|(8211.10,-.27)|(1.00,.00)|8210.09698677834|24.586499776486363|8210|0|0|(8221.10,.00)|(8309.44,.00)|(8229.13,.00)|0.23|1.00|0.00|(8231.10,.00)|(1.00,.00)|8230.09698677834|24.586499776486363|0|null|2.4265586316071404|0|null|false|0|false
215.25|(8213.07,-.24)|(1.00,.01)|8212.06617856258|24.586499776486363|8212|0|0|(8223.07,.00)|(8311.41,.00)|(8231.10,.00)|0.23|1.00|0.00|(8233.07,.00)|(1.00,.00)|8232.06617856258|24.586499776486363|0|null|2.4355078307250686|0|null|false|0|false
215.30|(8215.04,-.20)|(1.00,.01)|8214.035261474748|24.586499776486363|8214|0|0|(8225.04,.00)|(8313.38,.00)|(8233.07,.00)|0.23|1.00|0.00|(8235.04,.00)|(1.00,.00)|8234.035261474748|24.586499776486363|0|null|2.4461776376368247|0|null|false|0|false
215.35|(8217.00,-.15)|(1.00,.01)|8216.004215021387|24.586499776486363|8216|0|0|(8227.00,.00)|(8315.35,.00)|(8235.04,.00)|0.23|1.00|0.00|(8237.00,.00)|(1.00,.00)|8236.004215021387|24.586499776486363|0|null|2.4585682448419885|0|null|false|0|false
215.40|(8218.97,-.10)|(1.00,.02)|8217.973018980423|24.586499776486363|8217|0|0|(8228.97,.00)|(8317.32,.00)|(8237.00,.00)|0.23|1.00|0.00|(8238.97,.00)|(1.00,.00)|8237.973018980423|24.586499776486363|0|null|2.4726771129454455|0|null|false|0|false
215.45|(8220.94,-.04)|(1.00,.02)|8219.941653496813|24.586499776486363|8219|0|0|(8230.94,.00)|(8319.29,.00)|(8238.97,.00)|0.23|1.00|0.00|(8240.94,.00)|(1.00,.00)|8239.941653496813|24.586499776486363|0|null|2.4884992200628258|0|null|false|0|false
215.50|(8222.91,.02)|(1.00,.02)|8221.910099160787|24.586499776486363|8221|0|0|(8232.91,.00)|(8321.26,.00)|(8240.94,.00)|0.23|1.00|0.00|(8242.91,.00)|(1.00,.00)|8241.910099160787|24.586499776486363|0|null|2.5060273398864226|0|null|false|0|false
215.55|(8224.88,.09)|(1.00,.03)|8223.878337066932|24.586499776486363|8223|0|0|(8234.88,.00)|(8323.22,.00)|(8242.91,.00)|0.23|1.00|0.00|(8244.88,.00)|(1.00,.00)|8243.878337066932|24.586499776486363|0|null|2.5252523440927224|0|null|false|0|false
215.60|(8226.85,.17)|(1.00,.03)|8225.84634885292|24.586499776486363|8225|0|0|(8236.85,.00)|(8325.19,.00)|(8244.88,.00)|0.23|1.00|0.00|(8246.85,.00)|(1.00,.00)|8245.84634885292|24.586499776486363|0|null|2.5461635241308658|0|null|false|0|false
215.65|(8228.81,.25)|(1.00,.03)|8227.81411671731|24.586499776486363|8227|0|0|(8238.81,.00)|(8327.16,.00)|(8246.85,.00)|0.23|1.00|0.00|(8248.81,.00)|(1.00,.00)|8247.81411671731|24.586499776486363|0|null|2.568748926902037|0|null|false|0|false
215.70|(8230.78,.34)|(1.00,.04)|8229.781623416486|24.586499776486363|8229|0|0|(8240.78,.00)|(8329.13,.00)|(8248.81,.00)|0.23|1.00|0.00|(8250.78,.00)|(1.00,.00)|8249.781623416486|24.586499776486363|0|null|2.592995698434833|0|null|false|0|false
215.75|(8232.75,.44)|(1.00,.04)|8231.74885224139|24.586499776486363|8231|0|0|(8242.75,.00)|(8331.09,.00)|(8250.78,.00)|0.23|1.00|0.00|(8252.75,.00)|(1.00,.00)|8251.74885224139|24.586499776486363|0|null|2.618890429390258|0|null|false|0|false
215.80|(8234.72,.54)|(1.00,.04)|8233.715786975357|24.586499776486363|8233|0|0|(8244.72,.00)|(8333.06,.00)|(8252.75,.00)|0.23|1.00|0.00|(8254.72,.00)|(1.00,.00)|8253.715786975357|24.586499776486363|0|null|2.6464194960980527|0|null|false|0|false
215.85|(8236.68,.64)|(1.00,.04)|8235.68241183484|24.586499776486363|8235|0|0|(8246.68,.00)|(8335.03,.00)|(8254.72,.00)|0.23|1.00|0.00|(8256.68,.00)|(1.00,.00)|8255.68241183484|24.586499776486363|0|null|2.6755693908364666|0|null|false|0|false
215.90|(8238.65,.76)|(1.00,.05)|8237.64871139531|24.586499776486363|8237|0|0|(8248.65,.00)|(8336.99,.00)|(8256.68,.00)|0.23|1.00|0.00|(8258.65,.00)|(1.00,.00)|8257.64871139531|24.586499776486363|0|null|2.706327035220052|0|null|false|0|false
215.95|(8240.61,.87)|(1.00,.05)|8239.61467050507|24.586499776486363|8239|0|0|(8250.61,.00)|(8338.96,.00)|(8258.65,.00)|0.23|1.00|0.00|(8260.61,.00)|(1.00,.00)|8259.61467050507|24.586499776486363|0|null|2.738680070851019|0|null|false|0|false
216.00|(8242.58,1.00)|(1.00,.05)|8241.580274189959|24.586499776486363|8241|0|0|(8252.58,.00)|(8340.93,.00)|(8260.61,.00)|0.23|1.00|0.00|(8262.58,.00)|(1.00,.00)|8261.580274189959|24.586499776486363|0|null|2.7726171218127456|0|null|false|0|false
216.05|(8244.55,1.13)|(1.00,.06)|8243.545507552208|24.586499776486363|8243|0|0|(8254.55,.00)|(8342.89,.00)|(8262.58,.00)|0.23|1.00|0.00|(8264.55,.00)|(1.00,.00)|8263.545507552208|24.586499776486363|0|null|2.8081280241297275|0|null|false|0|false
216.10|(8246.51,1.26)|(1.00,.06)|8245.510355666835|24.586499776486363|8245|0|0|(8256.51,.00)|(8344.86,.00)|(8264.55,.00)|0.23|1.00|0.00|(8266.51,.00)|(1.00,.00)|8265.510355666835|24.586499776486363|0|null|2.8452040179745515|0|null|false|0|false
216.15|(8248.47,1.40)|(1.00,.06)|8247.474803478997|24.586499776486363|8247|0|0|(8258.47,.00)|(8346.82,.00)|(8266.51,.00)|0.23|1.00|0.00|(8268.47,.00)|(1.00,.00)|8267.474803478997|24.586499776486363|0|null|2.8838378991550213|0|null|false|0|false
216.20|(8250.44,1.50)|(1.00,.06)|8249.441022273888|24.586499776486363|8249|0|0|(8260.44,.00)|(8348.79,.00)|(8268.47,.00)|-0.53|1.00|0.00|(8270.44,.00)|(1.00,.00)|8269.441022273888|24.586499776486363|0|null|2.9108905843315727|0|null|false|0|false
216.25|(8252.41,1.59)|(1.00,.06)|8251.407817430663|24.586499776486363|8251|0|0|(8262.41,.00)|(8350.75,.00)|(8270.44,.00)|-0.53|1.00|0.00|(8272.41,.00)|(1.00,.00)|8271.407817430663|24.586499776486363|0|null|2.9349853638213377|0|null|false|0|false
216.30|(8254.38,1.67)|(1.00,.05)|8253.375130959213|24.586499776486363|8253|0|0|(8264.38,.00)|(8352.72,.00)|(8272.41,.00)|-0.53|1.00|0.00|(8274.38,.00)|(1.00,.00)|8273.375130959213|24.586499776486363|0|null|2.9560775970321513|0|null|false|0|false
216.35|(8256.34,1.74)|(1.00,.05)|8255.34290174062|24.586499776486363|8255|0|0|(8266.34,.00)|(8354.69,.00)|(8274.38,.00)|-0.53|1.00|0.00|(8276.34,.00)|(1.00,.00)|8275.34290174062|24.586499776486363|0|null|2.974128959036353|0|null|false|0|false
216.40|(8258.31,1.76)|(1.00,.04)|8257.310452211776|24.586499776486363|8257|0|0|(8268.31,.00)|(8356.66,.00)|(8276.34,.00)|-0.94|1.00|0.00|(8278.31,.00)|(1.00,.00)|8277.310452211776|24.586499776486363|0|null|2.9821027326575686|0|null|false|0|false
216.45|(8260.28,1.77)|(1.00,.03)|8259.278306261496|24.586499776486363|8259|0|0|(8270.28,.00)|(8358.62,.00)|(8278.31,.00)|-0.94|1.00|0.00|(8280.28,.00)|(1.00,.00)|8279.278306261496|24.586499776486363|0|null|2.9845724436871826|0|null|false|0|false
216.50|(8262.25,1.76)|(1.00,.02)|8261.246248301175|24.586499776486363|8261|0|0|(8272.25,.00)|(8360.59,.00)|(8280.28,.00)|-0.94|1.00|0.00|(8282.25,.00)|(1.00,.00)|8281.246248301175|24.586499776486363|0|null|2.9814935439703505|0|null|false|0|false
216.55|(8264.21,1.73)|(1.00,.01)|8263.21405867532|24.586499776486363|8263|0|0|(8274.21,.00)|(8362.56,.00)|(8282.25,.00)|-0.94|1.00|0.00|(8284.21,.00)|(1.00,.00)|8283.21405867532|24.586499776486363|0|null|2.972829012179907|0|null|false|0|false
216.60|(8266.18,1.68)|(1.00,.00)|8265.181972859773|24.586499776486363|8265|0|0|(8276.18,.00)|(8364.53,.00)|(8284.21,.00)|-0.83|1.00|0.00|(8286.18,.00)|(1.00,.00)|8285.181972859773|24.586499776486363|0|null|2.9603134644166937|0|null|false|0|false
216.65|(8268.15,1.62)|(1.00,-.01)|8267.149434574863|24.586499776486363|8267|0|0|(8278.15,.00)|(8366.50,.00)|(8286.18,.00)|-0.83|1.00|0.00|(8288.15,.00)|(1.00,.00)|8287.149434574863|24.586499776486363|0|null|2.9427641882125934|0|null|false|0|false
216.70|(8270.12,1.54)|(1.00,-.01)|8269.11626366957|24.586499776486363|8269|0|0|(8280.12,.00)|(8368.46,.00)|(8288.15,.00)|-0.83|1.00|0.00|(8290.12,.00)|(1.00,.00)|8289.11626366957|24.586499776486363|0|null|2.9201678085737925|0|null|false|0|false
216.75|(8272.08,1.45)|(1.00,-.02)|8271.083264697909|24.586499776486363|8271|0|0|(8282.08,.00)|(8370.43,.00)|(8290.12,.00)|-0.64|1.00|0.00|(8292.08,.00)|(1.00,.00)|8291.083264697909|24.586499776486363|0|null|2.8958573125435207|0|null|false|0|false
216.80|(8274.05,1.35)|(1.00,-.03)|8273.049596356259|24.586499776486363|8273|0|0|(8284.05,.00)|(8372.40,.00)|(8292.08,.00)|-0.64|1.00|0.00|(8294.05,.00)|(1.00,.00)|8293.049596356259|24.586499776486363|0|null|2.8676321173220156|0|null|false|0|false
216.85|(8276.02,1.23)|(1.00,-.04)|8275.015152265483|24.586499776486363|8275|0|0|(8286.02,.00)|(8374.36,.00)|(8294.05,.00)|-0.64|1.00|0.00|(8296.02,.00)|(1.00,.00)|8295.015152265483|24.586499776486363|0|null|2.8354984502418104|0|null|false|0|false
216.90|(8277.98,1.11)|(1.00,-.04)|8276.980955206876|24.586499776486363|8276|0|0|(8287.98,.00)|(8376.33,.00)|(8296.02,.00)|-0.41|1.00|0.00|(8297.98,.00)|(1.00,.00)|8296.980955206876|24.586499776486363|0|null|2.8033343666001804|0|null|false|0|false
216.95|(8279.95,.98)|(1.00,-.05)|8278.946190977491|24.586499776486363|8278|0|0|(8289.95,.00)|(8378.29,.00)|(8297.98,.00)|-0.41|1.00|0.00|(8299.95,.00)|(1.00,.00)|8298.946190977491|24.586499776486363|0|null|2.768604956189541|0|null|false|0|false
217.00|(8281.91,.85)|(1.00,-.05)|8280.910817353313|24.586499776486363|8280|0|0|(8291.91,.00)|(8380.26,.00)|(8299.95,.00)|-0.41|1.00|0.00|(8301.91,.00)|(1.00,.00)|8300.910817353313|24.586499776486363|0|null|2.731328677436505|0|null|false|0|false
217.05|(8283.87,.70)|(1.00,-.06)|8282.874792758059|24.586499776486363|8282|0|0|(8293.87,.00)|(8382.22,.00)|(8301.91,.00)|-0.41|1.00|0.00|(8303.87,.00)|(1.00,.00)|8302.874792758059|24.586499776486363|0|null|2.6915220838454736|0|null|false|0|false
217.10|(8285.84,.56)|(1.00,-.06)|8284.839221994685|24.586499776486363|8284|0|0|(8295.84,.00)|(8384.19,.00)|(8303.87,.00)|-0.17|1.00|0.00|(8305.84,.00)|(1.00,.00)|8304.839221994685|24.586499776486363|0|null|2.6533845907711058|0|null|false|0|false
217.15|(8287.80,.42)|(1.00,-.06)|8286.803390825307|24.586499776486363|8286|0|0|(8297.80,.00)|(8386.15,.00)|(8305.84,.00)|-0.17|1.00|0.00|(8307.80,.00)|(1.00,.00)|8306.803390825307|24.586499776486363|0|null|2.614178873164398|0|null|false|0|false
217.20|(8289.77,.27)|(1.00,-.07)|8288.767295603795|24.586499776486363|8288|0|0|(8299.77,.00)|(8388.11,.00)|(8307.80,.00)|-0.17|1.00|0.00|(8309.77,.00)|(1.00,.00)|8308.767295603795|24.586499776486363|0|null|2.573927060996982|0|null|false|0|false
217.25|(8291.73,.12)|(1.00,-.07)|8290.730932206436|24.586499776486363|8290|0|0|(8301.73,.00)|(8390.08,.00)|(8309.77,.00)|-0.17|1.00|0.00|(8311.73,.00)|(1.00,.00)|8310.730932206436|24.586499776486363|0|null|2.532647209900185|0|null|false|0|false
217.30|(8293.70,-.01)|(1.00,-.07)|8292.695670193396|24.586499776486363|8292|0|0|(8303.70,.00)|(8392.04,.00)|(8311.73,.00)|0.23|1.00|0.00|(8313.70,.00)|(1.00,.00)|8312.695670193396|24.586499776486363|0|null|2.4973156759465764|0|null|false|0|false
217.35|(8295.66,-.13)|(1.00,-.07)|8294.660791464292|24.586499776486363|8294|0|0|(8305.66,.00)|(8394.01,.00)|(8313.70,.00)|0.23|1.00|0.00|(8315.66,.00)|(1.00,.00)|8314.660791464292|24.586499776486363|0|null|2.463367847730722|0|null|false|0|false
217.40|(8297.63,-.25)|(1.00,-.07)|8296.626284686494|24.586499776486363|8296|0|0|(8307.63,.00)|(8395.97,.00)|(8315.66,.00)|0.23|1.00|0.00|(8317.63,.00)|(1.00,.00)|8316.626284686494|24.586499776486363|0|null|2.4308325025323896|0|null|false|0|false
217.45|(8299.59,-.36)|(1.00,-.06)|8298.592390455247|24.586499776486363|8298|0|0|(8309.59,.00)|(8397.94,.00)|(8317.63,.00)|0.40|1.00|0.00|(8319.59,.00)|(1.00,.00)|8318.592390455247|24.586499776486363|0|null|2.4026973030048344|0|null|false|0|false
217.50|(8301.56,-.45)|(1.00,-.06)|8300.559016860865|24.586499776486363|8300|0|0|(8311.56,.00)|(8399.91,.00)|(8319.59,.00)|0.40|1.00|0.00|(8321.56,.00)|(1.00,.00)|8320.559016860865|24.586499776486363|0|null|2.3770315432202582|0|null|false|0|false
217.55|(8303.53,-.53)|(1.00,-.06)|8302.526120001943|24.586499776486363|8302|0|0|(8313.53,.00)|(8401.87,.00)|(8321.56,.00)|0.40|1.00|0.00|(8323.53,.00)|(1.00,.00)|8322.526120001943|24.586499776486363|0|null|2.353857136063263|0|null|false|0|false
217.60|(8305.49,-.61)|(1.00,-.05)|8304.493654417756|24.586499776486363|8304|0|0|(8315.49,.00)|(8403.84,.00)|(8323.53,.00)|0.40|1.00|0.00|(8325.49,.00)|(1.00,.00)|8324.493654417756|24.586499776486363|0|null|2.3331902034301653|0|null|false|0|false
217.65|(8307.46,-.67)|(1.00,-.05)|8306.4615643516|24.586499776486363|8306|0|0|(8317.46,.00)|(8405.81,.00)|(8325.49,.00)|0.50|1.00|0.00|(8327.46,.00)|(1.00,.00)|8326.4615643516|24.586499776486363|0|null|2.316744685376551|0|null|false|0|false
217.70|(8309.43,-.72)|(1.00,-.04)|8308.429850350063|24.586499776486363|8308|0|0|(8319.43,.00)|(8407.78,.00)|(8327.46,.00)|0.50|1.00|0.00|(8329.43,.00)|(1.00,.00)|8328.429850350063|24.586499776486363|0|null|2.3034082802540325|0|null|false|0|false
217.75|(8311.40,-.76)|(1.00,-.04)|8310.398441562378|24.586499776486363|8310|0|0|(8321.40,.00)|(8409.74,.00)|(8329.43,.00)|0.50|1.00|0.00|(8331.40,.00)|(1.00,.00)|8330.398441562378|24.586499776486363|0|null|2.293188700084451|0|null|false|0|false
217.80|(8313.37,-.78)|(1.00,-.03)|8312.367239456538|24.586499776486363|8312|0|0|(8323.37,.00)|(8411.71,.00)|(8331.40,.00)|0.53|1.00|0.00|(8333.37,.00)|(1.00,.00)|8332.367239456538|24.586499776486363|0|null|2.2864785653252824|0|null|false|0|false
217.85|(8315.34,-.79)|(1.00,-.03)|8314.33619802196|24.586499776486363|8314|0|0|(8325.34,.00)|(8413.68,.00)|(8333.37,.00)|0.53|1.00|0.00|(8335.34,.00)|(1.00,.00)|8334.33619802196|24.586499776486363|0|null|2.283022398399436|0|null|false|0|false
217.90|(8317.31,-.79)|(1.00,-.02)|8316.305240485957|24.586499776486363|8316|0|0|(8327.31,.00)|(8415.65,.00)|(8335.34,.00)|0.53|1.00|0.00|(8337.31,.00)|(1.00,.00)|8336.305240485957|24.586499776486363|0|null|2.2828185049083136|0|null|false|0|false
217.95|(8319.27,-.78)|(1.00,-.01)|8318.274290600115|24.586499776486363|8318|0|0|(8329.27,.00)|(8417.62,.00)|(8337.31,.00)|0.53|1.00|0.00|(8339.27,.00)|(1.00,.00)|8338.274290600115|24.586499776486363|0|null|2.285862683979767|0|null|false|0|false
218.00|(8321.24,-.77)|(1.00,-.01)|8320.243438362122|24.586499776486363|8320|0|0|(8331.24,.00)|(8419.59,.00)|(8339.27,.00)|0.45|1.00|0.00|(8341.24,.00)|(1.00,.00)|8340.243438362122|24.586499776486363|0|null|2.290839946967865|0|null|false|0|false
218.05|(8323.21,-.74)|(1.00,-.00)|8322.21249056779|24.586499776486363|8322|0|0|(8333.21,.00)|(8421.56,.00)|(8341.24,.00)|0.45|1.00|0.00|(8343.21,.00)|(1.00,.00)|8342.21249056779|24.586499776486363|0|null|2.298602105502285|0|null|false|0|false
218.10|(8325.18,-.70)|(1.00,.00)|8324.181392511553|24.586499776486363|8324|0|0|(8335.18,.00)|(8423.53,.00)|(8343.21,.00)|0.45|1.00|0.00|(8345.18,.00)|(1.00,.00)|8344.181392511553|24.586499776486363|0|null|2.3091366628090046|0|null|false|0|false
218.15|(8327.15,-.66)|(1.00,.01)|8326.150350079875|24.586499776486363|8326|0|0|(8337.15,.00)|(8425.50,.00)|(8345.18,.00)|0.34|1.00|0.00|(8347.15,.00)|(1.00,.00)|8346.150350079875|24.586499776486363|0|null|2.3205624550362156|0|null|false|0|false
218.20|(8329.12,-.61)|(1.00,.01)|8328.119141896112|24.586499776486363|8328|0|0|(8339.12,.00)|(8427.47,.00)|(8347.15,.00)|0.34|1.00|0.00|(8349.12,.00)|(1.00,.00)|8348.119141896112|24.586499776486363|0|null|2.3340944375042003|0|null|false|0|false
218.25|(8331.09,-.55)|(1.00,.01)|8330.087737980424|24.586499776486363|8330|0|0|(8341.09,.00)|(8429.43,.00)|(8349.12,.00)|0.34|1.00|0.00|(8351.09,.00)|(1.00,.00)|8350.087737980424|24.586499776486363|0|null|2.349715575228795|0|null|false|0|false
218.30|(8333.06,-.49)|(1.00,.02)|8332.056109081164|24.586499776486363|8332|0|0|(8343.06,.00)|(8431.40,.00)|(8351.09,.00)|0.34|1.00|0.00|(8353.06,.00)|(1.00,.00)|8352.056109081164|24.586499776486363|0|null|2.367410531170493|0|null|false|0|false
218.35|(8335.02,-.42)|(1.00,.02)|8334.024634522628|24.586499776486363|8334|0|0|(8345.02,.00)|(8433.37,.00)|(8353.06,.00)|0.17|1.00|0.00|(8355.02,.00)|(1.00,.00)|8354.024634522628|24.586499776486363|0|null|2.384201930351801|0|null|false|0|false
218.40|(8336.99,-.36)|(1.00,.02)|8335.993047891467|24.586499776486363|8335|0|0|(8346.99,.00)|(8435.34,.00)|(8355.02,.00)|0.17|1.00|0.00|(8356.99,.00)|(1.00,.00)|8355.993047891467|24.586499776486363|0|null|2.402024549594654|0|null|false|0|false
218.45|(8338.96,-.29)|(1.00,.03)|8337.961343438446|24.586499776486363|8337|0|0|(8348.96,.00)|(8437.31,.00)|(8356.99,.00)|0.17|1.00|0.00|(8358.96,.00)|(1.00,.00)|8357.961343438446|24.586499776486363|0|null|2.4208597270325947|0|null|false|0|false
218.50|(8340.93,-.23)|(1.00,.03)|8339.929754628198|24.586499776486363|8339|0|0|(8350.93,.00)|(8439.28,.00)|(8358.96,.00)|0.04|1.00|0.00|(8360.93,.00)|(1.00,.00)|8359.929754628198|24.586499776486363|0|null|2.4384395572452786|0|null|false|0|false
218.55|(8342.90,-.16)|(1.00,.03)|8341.89815327642|24.586499776486363|8341|0|0|(8352.90,.00)|(8441.24,.00)|(8360.93,.00)|0.04|1.00|0.00|(8362.90,.00)|(1.00,.00)|8361.89815327642|24.586499776486363|0|null|2.4562305070367874|0|null|false|0|false
218.60|(8344.87,-.09)|(1.00,.03)|8343.866540136993|24.586499776486363|8343|0|0|(8354.87,.00)|(8443.21,.00)|(8362.90,.00)|0.04|1.00|0.00|(8364.87,.00)|(1.00,.00)|8363.866540136993|24.586499776486363|0|null|2.474215634782763|0|null|false|0|false
218.65|(8346.83,-.03)|(1.00,.03)|8345.834915688845|24.586499776486363|8345|0|0|(8356.83,.00)|(8445.18,.00)|(8364.87,.00)|0.04|1.00|0.00|(8366.83,.00)|(1.00,.00)|8365.834915688845|24.586499776486363|0|null|2.4923813671539463|0|null|false|0|false
218.70|(8348.80,.03)|(1.00,.03)|8347.803448262448|24.586499776486363|8347|0|0|(8358.80,.00)|(8447.15,.00)|(8366.83,.00)|-0.10|1.00|0.00|(8368.80,.00)|(1.00,.00)|8367.803448262448|24.586499776486363|0|null|2.50832638668656|0|null|false|0|false
218.75|(8350.77,.09)|(1.00,.03)|8349.772069667308|24.586499776486363|8349|0|0|(8360.77,.00)|(8449.12,.00)|(8368.80,.00)|-0.10|1.00|0.00|(8370.77,.00)|(1.00,.00)|8369.772069667308|24.586499776486363|0|null|2.5236129538633705|0|null|false|0|false
218.80|(8352.74,.14)|(1.00,.03)|8351.740776669567|24.586499776486363|8351|0|0|(8362.74,.00)|(8451.09,.00)|(8370.77,.00)|-0.10|1.00|0.00|(8372.74,.00)|(1.00,.00)|8371.740776669567|24.586499776486363|0|null|2.5382280429470403|0|null|false|0|false
218.85|(8354.71,.19)|(1.00,.03)|8353.709565654808|24.586499776486363|8353|0|0|(8364.71,.00)|(8453.06,.00)|(8372.74,.00)|-0.10|1.00|0.00|(8374.71,.00)|(1.00,.00)|8373.709565654808|24.586499776486363|0|null|2.5521614807316735|0|null|false|0|false
218.90|(8356.68,.23)|(1.00,.03)|8355.67846918103|24.586499776486363|8355|0|0|(8366.68,.00)|(8455.02,.00)|(8374.71,.00)|-0.19|1.00|0.00|(8376.68,.00)|(1.00,.00)|8375.67846918103|24.586499776486363|0|null|2.5639066909391737|0|null|false|0|false
218.95|(8358.65,.27)|(1.00,.03)|8357.647484238869|24.586499776486363|8357|0|0|(8368.65,.00)|(8456.99,.00)|(8376.68,.00)|-0.19|1.00|0.00|(8378.65,.00)|(1.00,.00)|8377.647484238869|24.586499776486363|0|null|2.5744420829727925|0|null|false|0|false
219.00|(8360.62,.31)|(1.00,.02)|8359.616599538973|24.586499776486363|8359|0|0|(8370.62,.00)|(8458.96,.00)|(8378.65,.00)|-0.19|1.00|0.00|(8380.62,.00)|(1.00,.00)|8379.616599538973|24.586499776486363|0|null|2.5837586090959292|0|null|false|0|false
219.05|(8362.59,.33)|(1.00,.02)|8361.585793114806|24.586499776486363|8361|0|0|(8372.59,.00)|(8460.93,.00)|(8380.62,.00)|-0.23|1.00|0.00|(8382.59,.00)|(1.00,.00)|8381.585793114806|24.586499776486363|0|null|2.5910462626912114|0|null|false|0|false
219.10|(8364.56,.35)|(1.00,.02)|8363.555071749217|24.586499776486363|8363|0|0|(8374.56,.00)|(8462.90,.00)|(8382.59,.00)|-0.23|1.00|0.00|(8384.56,.00)|(1.00,.00)|8383.555071749217|24.586499776486363|0|null|2.596825869952619|0|null|false|0|false
219.15|(8366.52,.37)|(1.00,.02)|8365.524418290634|24.586499776486363|8365|0|0|(8376.52,.00)|(8464.87,.00)|(8384.56,.00)|-0.23|1.00|0.00|(8386.52,.00)|(1.00,.00)|8385.524418290634|24.586499776486363|0|null|2.6010895036316373|0|null|false|0|false
219.20|(8368.49,.38)|(1.00,.01)|8367.493813666893|24.586499776486363|8367|0|0|(8378.49,.00)|(8466.84,.00)|(8386.52,.00)|-0.23|1.00|0.00|(8388.49,.00)|(1.00,.00)|8387.493813666893|24.586499776486363|0|null|2.603787386090339|0|null|false|0|false
219.25|(8370.46,.38)|(1.00,.01)|8369.46324213453|24.586499776486363|8369|0|0|(8380.46,.00)|(8468.81,.00)|(8388.49,.00)|-0.23|1.00|0.00|(8390.46,.00)|(1.00,.00)|8389.46324213453|24.586499776486363|0|null|2.6049406392020886|0|null|false|0|false
219.30|(8372.43,.38)|(1.00,.01)|8371.432685921343|24.586499776486363|8371|0|0|(8382.43,.00)|(8470.78,.00)|(8390.46,.00)|-0.23|1.00|0.00|(8392.43,.00)|(1.00,.00)|8391.432685921343|24.586499776486363|0|null|2.6045423542735584|0|null|false|0|false
219.35|(8374.40,.38)|(1.00,.01)|8373.402127170095|24.586499776486363|8373|0|0|(8384.40,.00)|(8472.75,.00)|(8392.43,.00)|-0.23|1.00|0.00|(8394.40,.00)|(1.00,.00)|8393.402127170095|24.586499776486363|0|null|2.602585432039419|0|null|false|0|false
219.40|(8376.37,.36)|(1.00,.00)|8375.37154792156|24.586499776486363|8375|0|0|(8386.37,.00)|(8474.72,.00)|(8394.40,.00)|-0.23|1.00|0.00|(8396.37,.00)|(1.00,.00)|8395.37154792156|24.586499776486363|0|null|2.5990623671710007|0|null|false|0|false
219.45|(8378.34,.34)|(1.00,.00)|8377.340930085866|24.586499776486363|8377|0|0|(8388.34,.00)|(8476.69,.00)|(8396.37,.00)|-0.23|1.00|0.00|(8398.34,.00)|(1.00,.00)|8397.340930085866|24.586499776486363|0|null|2.5939650844741884|0|null|false|0|false
219.50|(8380.31,.32)|(1.00,-.00)|8379.310322859732|24.586499776486363|8379|0|0|(8390.31,.00)|(8478.66,.00)|(8398.34,.00)|-0.19|1.00|0.00|(8400.31,.00)|(1.00,.00)|8399.310322859732|24.586499776486363|0|null|2.5881096769101424|0|null|false|0|false
219.55|(8382.28,.30)|(1.00,-.00)|8381.279661983714|24.586499776486363|8381|0|0|(8392.28,.00)|(8480.63,.00)|(8400.31,.00)|-0.19|1.00|0.00|(8402.28,.00)|(1.00,.00)|8401.279661983714|24.586499776486363|0|null|2.580945094575972|0|null|false|0|false
219.60|(8384.25,.27)|(1.00,-.01)|8383.248934734149|24.586499776486363|8383|0|0|(8394.25,.00)|(8482.59,.00)|(8402.28,.00)|-0.19|1.00|0.00|(8404.25,.00)|(1.00,.00)|8403.248934734149|24.586499776486363|0|null|2.5724636934004845|0|null|false|0|false
219.65|(8386.22,.23)|(1.00,-.01)|8385.218128201233|24.586499776486363|8385|0|0|(8396.22,.00)|(8484.56,.00)|(8404.25,.00)|-0.19|1.00|0.00|(8406.22,.00)|(1.00,.00)|8405.218128201233|24.586499776486363|0|null|2.5626568316004126|0|null|false|0|false
219.70|(8388.19,.20)|(1.00,-.01)|8387.18740365205|24.586499776486363|8387|0|0|(8398.19,.00)|(8486.53,.00)|(8406.22,.00)|-0.07|1.00|0.00|(8408.19,.00)|(1.00,.00)|8407.18740365205|24.586499776486363|0|null|2.5536017339805275|0|null|false|0|false
219.75|(8390.16,.16)|(1.00,-.01)|8389.156641639442|24.586499776486363|8389|0|0|(8400.16,.00)|(8488.50,.00)|(8408.19,.00)|-0.07|1.00|0.00|(8410.16,.00)|(1.00,.00)|8409.156641639442|24.586499776486363|0|null|2.5439180200305613|0|null|false|0|false
219.80|(8392.13,.12)|(1.00,-.01)|8391.125838885431|24.586499776486363|8391|0|0|(8402.13,.00)|(8490.47,.00)|(8410.16,.00)|-0.07|1.00|0.00|(8412.13,.00)|(1.00,.00)|8411.125838885431|24.586499776486363|0|null|2.5336014381602285|0|null|false|0|false
219.85|(8394.10,.09)|(1.00,-.01)|8393.095070860232|24.586499776486363|8393|0|0|(8404.10,.00)|(8492.44,.00)|(8412.13,.00)|0.01|1.00|0.00|(8414.10,.00)|(1.00,.00)|8413.095070860232|24.586499776486363|0|null|2.523877442022033|0|null|false|0|false
219.90|(8396.06,.05)|(1.00,-.02)|8395.064291584158|24.586499776486363|8395|0|0|(8406.06,.00)|(8494.41,.00)|(8414.10,.00)|0.01|1.00|0.00|(8416.06,.00)|(1.00,.00)|8415.064291584158|24.586499776486363|0|null|2.5139318199354133|0|null|false|0|false
219.95|(8398.03,.01)|(1.00,-.02)|8397.033500196172|24.586499776486363|8397|0|0|(8408.03,.00)|(8496.38,.00)|(8416.06,.00)|0.01|1.00|0.00|(8418.03,.00)|(1.00,.00)|8417.033500196172|24.586499776486363|0|null|2.503761898190743|0|null|false|0|false
220.00|(8400.00,-.02)|(1.00,-.02)|8399.002695799745|24.586499776486363|8399|0|0|(8410.00,.00)|(8498.35,.00)|(8418.03,.00)|0.01|1.00|0.00|(8420.00,.00)|(1.00,.00)|8419.002695799745|24.586499776486363|0|null|2.493364416228064|0|null|false|0|false
220.05|(8401.97,-.06)|(1.00,-.02)|8400.971931302074|24.586499776486363|8400|0|0|(8411.97,.00)|(8500.32,.00)|(8420.00,.00)|0.07|1.00|0.00|(8421.97,.00)|(1.00,.00)|8420.971931302074|24.586499776486363|0|null|2.483804707999862|0|null|false|0|false
220.10|(8403.94,-.09)|(1.00,-.02)|8402.94117989757|24.586499776486363|8402|0|0|(8413.94,.00)|(8502.29,.00)|(8421.97,.00)|0.07|1.00|0.00|(8423.94,.00)|(1.00,.00)|8422.94117989757|24.586499776486363|0|null|2.4743775907870917|0|null|false|0|false
220.15|(8405.91,-.13)|(1.00,-.02)|8404.910440999694|24.586499776486363|8404|0|0|(8415.91,.00)|(8504.26,.00)|(8423.94,.00)|0.07|1.00|0.00|(8425.91,.00)|(1.00,.00)|8424.910440999694|24.586499776486363|0|null|2.465083495245501|0|null|false|0|false
220.20|(8407.88,-.16)|(1.00,-.02)|8406.879714069093|24.586499776486363|8406|0|0|(8417.88,.00)|(8506.23,.00)|(8425.91,.00)|0.07|1.00|0.00|(8427.88,.00)|(1.00,.00)|8426.879714069093|24.586499776486363|0|null|2.4559232180969985|0|null|false|0|false
220.25|(8409.85,-.19)|(1.00,-.02)|8408.849037937367|24.586499776486363|8408|0|0|(8419.85,.00)|(8508.20,.00)|(8427.88,.00)|0.15|1.00|0.00|(8429.85,.00)|(1.00,.00)|8428.849037937367|24.586499776486363|0|null|2.4483235033726967|0|null|false|0|false
220.30|(8411.82,-.21)|(1.00,-.02)|8410.818398983334|24.586499776486363|8410|0|0|(8421.82,.00)|(8510.16,.00)|(8429.85,.00)|0.15|1.00|0.00|(8431.82,.00)|(1.00,.00)|8430.818398983334|24.586499776486363|0|null|2.4413509736951147|0|null|false|0|false
220.35|(8413.79,-.24)|(1.00,-.01)|8412.787794134396|24.586499776486363|8412|0|0|(8423.79,.00)|(8512.13,.00)|(8431.82,.00)|0.15|1.00|0.00|(8433.79,.00)|(1.00,.00)|8432.787794134396|24.586499776486363|0|null|2.435013796831571|0|null|false|0|false
220.40|(8415.76,-.26)|(1.00,-.01)|8414.757220232266|24.586499776486363|8414|0|0|(8425.76,.00)|(8514.10,.00)|(8433.79,.00)|0.19|1.00|0.00|(8435.76,.00)|(1.00,.00)|8434.757220232266|24.586499776486363|0|null|2.4299551670870696|0|null|false|0|false
220.45|(8417.73,-.27)|(1.00,-.01)|8416.726679296353|24.586499776486363|8416|0|0|(8427.73,.00)|(8516.07,.00)|(8435.76,.00)|0.19|1.00|0.00|(8437.73,.00)|(1.00,.00)|8436.726679296353|24.586499776486363|0|null|2.4257688937673336|0|null|false|0|false
220.50|(8419.70,-.28)|(1.00,-.01)|8418.696165696792|24.586499776486363|8418|0|0|(8429.70,.00)|(8518.04,.00)|(8437.73,.00)|0.19|1.00|0.00|(8439.70,.00)|(1.00,.00)|8438.696165696792|24.586499776486363|0|null|2.422468387862898|0|null|false|0|false
220.55|(8421.67,-.29)|(1.00,-.01)|8420.665673648524|24.586499776486363|8420|0|0|(8431.67,.00)|(8520.01,.00)|(8439.70,.00)|0.19|1.00|0.00|(8441.67,.00)|(1.00,.00)|8440.665673648524|24.586499776486363|0|null|2.4200681636206904|0|null|false|0|false
220.60|(8423.64,-.30)|(1.00,-.01)|8422.63519717978|24.586499776486363|8422|0|0|(8433.64,.00)|(8521.98,.00)|(8441.67,.00)|0.19|1.00|0.00|(8443.64,.00)|(1.00,.00)|8442.63519717978|24.586499776486363|0|null|2.4185838972674896|0|null|false|0|false
220.65|(8425.60,-.30)|(1.00,-.01)|8424.60472818581|24.586499776486363|8424|0|0|(8435.60,.00)|(8523.95,.00)|(8443.64,.00)|0.19|1.00|0.00|(8445.60,.00)|(1.00,.00)|8444.60472818581|24.586499776486363|0|null|2.4180966653942617|0|null|false|0|false
220.70|(8427.57,-.30)|(1.00,-.00)|8426.574261734953|24.586499776486363|8426|0|0|(8437.57,.00)|(8525.92,.00)|(8445.60,.00)|0.19|1.00|0.00|(8447.57,.00)|(1.00,.00)|8446.574261734953|24.586499776486363|0|null|2.418582278818219|0|null|false|0|false
220.75|(8429.54,-.29)|(1.00,-.00)|8428.5437907565|24.586499776486363|8428|0|0|(8439.54,.00)|(8527.89,.00)|(8447.57,.00)|0.19|1.00|0.00|(8449.54,.00)|(1.00,.00)|8448.5437907565|24.586499776486363|0|null|2.4200599713327224|0|null|false|0|false
220.80|(8431.51,-.28)|(1.00,-.00)|8430.513307832258|24.586499776486363|8430|0|0|(8441.51,.00)|(8529.86,.00)|(8449.54,.00)|0.19|1.00|0.00|(8451.51,.00)|(1.00,.00)|8450.513307832258|24.586499776486363|0|null|2.4225498782369868|0|null|false|0|false
220.85|(8433.48,-.27)|(1.00,.00)|8432.482805163343|24.586499776486363|8432|0|0|(8443.48,.00)|(8531.83,.00)|(8451.51,.00)|0.19|1.00|0.00|(8453.48,.00)|(1.00,.00)|8452.482805163343|24.586499776486363|0|null|2.4260728753467014|0|null|false|0|false
220.90|(8435.45,-.26)|(1.00,.00)|8434.45231314664|24.586499776486363|8434|0|0|(8445.45,.00)|(8533.80,.00)|(8453.48,.00)|0.15|1.00|0.00|(8455.45,.00)|(1.00,.00)|8454.45231314664|24.586499776486363|0|null|2.4299141322504343|0|null|false|0|false
220.95|(8437.42,-.24)|(1.00,.00)|8436.42179784704|24.586499776486363|8436|0|0|(8447.42,.00)|(8535.77,.00)|(8455.45,.00)|0.15|1.00|0.00|(8457.42,.00)|(1.00,.00)|8456.42179784704|24.586499776486363|0|null|2.434578784862171|0|null|false|0|false
221.00|(8439.39,-.22)|(1.00,.01)|8438.391253777543|24.586499776486363|8438|0|0|(8449.39,.00)|(8537.74,.00)|(8457.42,.00)|0.15|1.00|0.00|(8459.39,.00)|(1.00,.00)|8458.391253777543|24.586499776486363|0|null|2.4400863352181035|0|null|false|0|false
221.05|(8441.36,-.20)|(1.00,.01)|8440.360675138503|24.586499776486363|8440|0|0|(8451.36,.00)|(8539.71,.00)|(8459.39,.00)|0.15|1.00|0.00|(8461.36,.00)|(1.00,.00)|8460.360675138503|24.586499776486363|0|null|2.4464563730483735|0|null|false|0|false
221.10|(8443.33,-.17)|(1.00,.01)|8442.330055818718|24.586499776486363|8442|0|0|(8453.33,.00)|(8541.68,.00)|(8461.36,.00)|0.15|1.00|0.00|(8463.33,.00)|(1.00,.00)|8462.330055818718|24.586499776486363|0|null|2.4537082962098977|0|null|false|0|false
221.15|(8445.30,-.14)|(1.00,.01)|8444.29938940547|24.586499776486363|8444|0|0|(8455.30,.00)|(8543.65,.00)|(8463.33,.00)|0.15|1.00|0.00|(8465.30,.00)|(1.00,.00)|8464.29938940547|24.586499776486363|0|null|2.4618610315027696|0|null|false|0|false
221.20|(8447.27,-.11)|(1.00,.01)|8446.268669203486|24.586499776486363|8446|0|0|(8457.27,.00)|(8545.61,.00)|(8465.30,.00)|0.15|1.00|0.00|(8467.27,.00)|(1.00,.00)|8466.268669203486|24.586499776486363|0|null|2.4709327626216746|0|null|false|0|false
221.25|(8449.24,-.07)|(1.00,.01)|8448.23788826249|24.586499776486363|8448|0|0|(8459.24,.00)|(8547.58,.00)|(8467.27,.00)|0.15|1.00|0.00|(8469.24,.00)|(1.00,.00)|8468.23788826249|24.586499776486363|0|null|2.4809406717561906|0|null|false|0|false
221.30|(8451.21,-.03)|(1.00,.02)|8450.207039412651|24.586499776486363|8450|0|0|(8461.21,.00)|(8549.55,.00)|(8469.24,.00)|0.15|1.00|0.00|(8471.21,.00)|(1.00,.00)|8470.207039412651|24.586499776486363|0|null|2.491900700978965|0|null|false|0|false
221.35|(8453.18,.01)|(1.00,.02)|8452.176115306924|24.586499776486363|8452|0|0|(8463.18,.00)|(8551.52,.00)|(8471.21,.00)|0.15|1.00|0.00|(8473.18,.00)|(1.00,.00)|8472.176115306924|24.586499776486363|0|null|2.5038273390566643|0|null|false|0|false
221.40|(8455.15,.06)|(1.00,.02)|8454.145108469025|24.586499776486363|8454|0|0|(8465.15,.00)|(8553.49,.00)|(8473.18,.00)|0.15|1.00|0.00|(8475.15,.00)|(1.00,.00)|8474.145108469025|24.586499776486363|0|null|2.51673343869619|0|null|false|0|false
221.45|(8457.11,.11)|(1.00,.02)|8456.114011345471|24.586499776486363|8456|0|0|(8467.11,.00)|(8555.46,.00)|(8475.15,.00)|0.15|1.00|0.00|(8477.11,.00)|(1.00,.00)|8476.114011345471|24.586499776486363|0|null|2.5306300685113854|0|null|false|0|false
221.50|(8459.08,.17)|(1.00,.02)|8458.082816359933|24.586499776486363|8458|0|0|(8469.08,.00)|(8557.43,.00)|(8477.11,.00)|0.15|1.00|0.00|(8479.08,.00)|(1.00,.00)|8478.082816359933|24.586499776486363|0|null|2.545526403179185|0|null|false|0|false
221.55|(8461.05,.22)|(1.00,.02)|8460.051515968022|24.586499776486363|8460|0|0|(8471.05,.00)|(8559.40,.00)|(8479.08,.00)|0.15|1.00|0.00|(8481.05,.00)|(1.00,.00)|8480.051515968022|24.586499776486363|0|null|2.5614296543665067|0|null|false|0|false
221.60|(8463.02,.29)|(1.00,.03)|8462.020102710509|24.586499776486363|8462|0|0|(8473.02,.00)|(8561.37,.00)|(8481.05,.00)|0.15|1.00|0.00|(8483.02,.00)|(1.00,.00)|8482.020102710509|24.586499776486363|0|null|2.5783450440695135|0|null|false|0|false
221.65|(8464.99,.35)|(1.00,.03)|8463.988569262996|24.586499776486363|8463|0|0|(8474.99,.00)|(8563.33,.00)|(8483.02,.00)|0.15|1.00|0.00|(8484.99,.00)|(1.00,.00)|8483.988569262996|24.586499776486363|0|null|2.5962758210355785|0|null|false|0|false
221.70|(8466.96,.42)|(1.00,.03)|8465.956908480126|24.586499776486363|8465|0|0|(8476.96,.00)|(8565.30,.00)|(8484.99,.00)|0.15|1.00|0.00|(8486.96,.00)|(1.00,.00)|8485.956908480126|24.586499776486363|0|null|2.6152233199564687|0|null|false|0|false
221.75|(8468.93,.49)|(1.00,.03)|8467.925113432551|24.586499776486363|8467|0|0|(8478.93,.00)|(8567.27,.00)|(8486.96,.00)|0.15|1.00|0.00|(8488.93,.00)|(1.00,.00)|8487.925113432551|24.586499776486363|0|null|2.6351870621502615|0|null|false|0|false
221.80|(8470.89,.57)|(1.00,.03)|8469.893177435102|24.586499776486363|8469|0|0|(8480.89,.00)|(8569.24,.00)|(8488.93,.00)|0.15|1.00|0.00|(8490.89,.00)|(1.00,.00)|8489.893177435102|24.586499776486363|0|null|2.6561648955103707|0|null|false|0|false
221.85|(8472.86,.65)|(1.00,.04)|8471.861094064874|24.586499776486363|8471|0|0|(8482.86,.00)|(8571.21,.00)|(8490.89,.00)|0.15|1.00|0.00|(8492.86,.00)|(1.00,.00)|8491.861094064874|24.586499776486363|0|null|2.678153170613138|0|null|false|0|false
221.90|(8474.83,.71)|(1.00,.03)|8473.829573048626|24.586499776486363|8473|0|0|(8484.83,.00)|(8573.18,.00)|(8492.86,.00)|-0.25|1.00|0.00|(8494.83,.00)|(1.00,.00)|8493.829573048626|24.586499776486363|0|null|2.694370584235952|0|null|false|0|false
221.95|(8476.80,.77)|(1.00,.03)|8475.798207876476|24.586499776486363|8475|0|0|(8486.80,.00)|(8575.14,.00)|(8494.83,.00)|-0.25|1.00|0.00|(8496.80,.00)|(1.00,.00)|8495.798207876476|24.586499776486363|0|null|2.7092607870460497|0|null|false|0|false
222.00|(8478.77,.82)|(1.00,.03)|8477.766987613644|24.586499776486363|8477|0|0|(8488.77,.00)|(8577.11,.00)|(8496.80,.00)|-0.25|1.00|0.00|(8498.77,.00)|(1.00,.00)|8497.766987613644|24.586499776486363|0|null|2.722795329048802|0|null|false|0|false
222.05|(8480.74,.85)|(1.00,.03)|8479.735842311367|24.586499776486363|8479|0|0|(8490.74,.00)|(8579.08,.00)|(8498.77,.00)|-0.47|1.00|0.00|(8500.74,.00)|(1.00,.00)|8499.735842311367|24.586499776486363|0|null|2.731147885871973|0|null|false|0|false
222.10|(8482.70,.87)|(1.00,.02)|8481.704854980613|24.586499776486363|8481|0|0|(8492.70,.00)|(8581.05,.00)|(8500.74,.00)|-0.47|1.00|0.00|(8502.70,.00)|(1.00,.00)|8501.704854980613|24.586499776486363|0|null|2.7367887609797665|0|null|false|0|false
222.15|(8484.67,.88)|(1.00,.02)|8483.673973681873|24.586499776486363|8483|0|0|(8494.67,.00)|(8583.02,.00)|(8502.70,.00)|-0.47|1.00|0.00|(8504.67,.00)|(1.00,.00)|8503.673973681873|24.586499776486363|0|null|2.7396830108457957|0|null|false|0|false
222.20|(8486.64,.88)|(1.00,.01)|8485.643144796117|24.586499776486363|8485|0|0|(8496.64,.00)|(8584.99,.00)|(8504.67,.00)|-0.47|1.00|0.00|(8506.64,.00)|(1.00,.00)|8505.643144796117|24.586499776486363|0|null|2.739799236325636|0|null|false|0|false
222.25|(8488.61,.87)|(1.00,.01)|8487.612347204536|24.586499776486363|8487|0|0|(8498.61,.00)|(8586.96,.00)|(8506.64,.00)|-0.45|1.00|0.00|(8508.61,.00)|(1.00,.00)|8507.612347204536|24.586499776486363|0|null|2.7374192292731614|0|null|false|0|false
222.30|(8490.58,.85)|(1.00,.00)|8489.581498950327|24.586499776486363|8489|0|0|(8500.58,.00)|(8588.93,.00)|(8508.61,.00)|-0.45|1.00|0.00|(8510.58,.00)|(1.00,.00)|8509.581498950327|24.586499776486363|0|null|2.7323155019502994|0|null|false|0|false
222.35|(8492.55,.82)|(1.00,.00)|8491.550546983388|24.586499776486363|8491|0|0|(8502.55,.00)|(8590.90,.00)|(8510.58,.00)|-0.45|1.00|0.00|(8512.55,.00)|(1.00,.00)|8511.550546983388|24.586499776486363|0|null|2.7244684539266983|0|null|false|0|false
222.40|(8494.52,.78)|(1.00,-.00)|8493.519437579085|24.586499776486363|8493|0|0|(8504.52,.00)|(8592.87,.00)|(8512.55,.00)|-0.45|1.00|0.00|(8514.52,.00)|(1.00,.00)|8513.519437579085|24.586499776486363|0|null|2.713862010255988|0|null|false|0|false
222.45|(8496.49,.73)|(1.00,-.01)|8495.48811657264|24.586499776486363|8495|0|0|(8506.49,.00)|(8594.83,.00)|(8514.52,.00)|-0.45|1.00|0.00|(8516.49,.00)|(1.00,.00)|8515.48811657264|24.586499776486363|0|null|2.700483615381148|0|null|false|0|false
222.50|(8498.46,.68)|(1.00,-.01)|8497.45684425506|24.586499776486363|8497|0|0|(8508.46,.00)|(8596.80,.00)|(8516.49,.00)|-0.34|1.00|0.00|(8518.46,.00)|(1.00,.00)|8517.45684425506|24.586499776486363|0|null|2.686222986094271|0|null|false|0|false
222.55|(8500.43,.62)|(1.00,-.02)|8499.425357401115|24.586499776486363|8499|0|0|(8510.43,.00)|(8598.77,.00)|(8518.46,.00)|-0.34|1.00|0.00|(8520.43,.00)|(1.00,.00)|8519.425357401115|24.586499776486363|0|null|2.669827790897165|0|null|false|0|false
222.60|(8502.39,.55)|(1.00,-.02)|8501.393624826658|24.586499776486363|8501|0|0|(8512.39,.00)|(8600.74,.00)|(8520.43,.00)|-0.34|1.00|0.00|(8522.39,.00)|(1.00,.00)|8521.393624826658|24.586499776486363|0|null|2.651301547931081|0|null|false|0|false
222.65|(8504.36,.49)|(1.00,-.02)|8503.36208085642|24.586499776486363|8503|0|0|(8514.36,.00)|(8602.71,.00)|(8522.39,.00)|-0.16|1.00|0.00|(8524.36,.00)|(1.00,.00)|8523.36208085642|24.586499776486363|0|null|2.6336383490773834|0|null|false|0|false
222.70|(8506.33,.42)|(1.00,-.03)|8505.33040726489|24.586499776486363|8505|0|0|(8516.33,.00)|(8604.68,.00)|(8524.36,.00)|-0.16|1.00|0.00|(8526.33,.00)|(1.00,.00)|8525.33040726489|24.586499776486363|0|null|2.614884635541415|0|null|false|0|false
222.75|(8508.30,.35)|(1.00,-.03)|8507.298598099887|24.586499776486363|8507|0|0|(8518.30,.00)|(8606.64,.00)|(8526.33,.00)|-0.16|1.00|0.00|(8528.30,.00)|(1.00,.00)|8527.298598099887|24.586499776486363|0|null|2.595060388506024|0|null|false|0|false
222.80|(8510.27,.28)|(1.00,-.03)|8509.266927452076|24.586499776486363|8509|0|0|(8520.27,.00)|(8608.61,.00)|(8528.30,.00)|-0.03|1.00|0.00|(8530.27,.00)|(1.00,.00)|8529.266927452076|24.586499776486363|0|null|2.5764324912690717|0|null|false|0|false
222.85|(8512.24,.21)|(1.00,-.03)|8511.235231329887|24.586499776486363|8511|0|0|(8522.24,.00)|(8610.58,.00)|(8530.27,.00)|-0.03|1.00|0.00|(8532.24,.00)|(1.00,.00)|8531.235231329887|24.586499776486363|0|null|2.5575481099702966|0|null|false|0|false
222.90|(8514.20,.14)|(1.00,-.03)|8513.203512365493|24.586499776486363|8513|0|0|(8524.20,.00)|(8612.55,.00)|(8532.24,.00)|-0.03|1.00|0.00|(8534.20,.00)|(1.00,.00)|8533.203512365493|24.586499776486363|0|null|2.538436994869949|0|null|false|0|false
222.95|(8516.17,.07)|(1.00,-.03)|8515.17177338994|24.586499776486363|8515|0|0|(8526.17,.00)|(8614.52,.00)|(8534.20,.00)|-0.03|1.00|0.00|(8536.17,.00)|(1.00,.00)|8535.17177338994|24.586499776486363|0|null|2.5191286579031225|0|null|false|0|false
223.00|(8518.14,-.00)|(1.00,-.03)|8517.140017380765|24.586499776486363|8517|0|0|(8528.14,.00)|(8616.49,.00)|(8536.17,.00)|-0.03|1.00|0.00|(8538.14,.00)|(1.00,.00)|8537.140017380765|24.586499776486363|0|null|2.4996522011029185|0|null|false|0|false
223.05|(8520.11,-.06)|(1.00,-.03)|8519.108458983017|24.586499776486363|8519|0|0|(8530.11,.00)|(8618.45,.00)|(8538.14,.00)|0.11|1.00|0.00|(8540.11,.00)|(1.00,.00)|8539.108458983017|24.586499776486363|0|null|2.4824741424696946|0|null|false|0|false
223.10|(8522.08,-.12)|(1.00,-.03)|8521.076994173598|24.586499776486363|8521|0|0|(8532.08,.00)|(8620.42,.00)|(8540.11,.00)|0.11|1.00|0.00|(8542.08,.00)|(1.00,.00)|8541.076994173598|24.586499776486363|0|null|2.4660212053124386|0|null|false|0|false
223.15|(8524.05,-.18)|(1.00,-.03)|8523.045622005535|24.586499776486363|8523|0|0|(8534.05,.00)|(8622.39,.00)|(8542.08,.00)|0.11|1.00|0.00|(8544.05,.00)|(1.00,.00)|8543.045622005535|24.586499776486363|0|null|2.45032784056451|0|null|false|0|false
223.20|(8526.01,-.23)|(1.00,-.03)|8525.014407212846|24.586499776486363|8525|0|0|(8536.01,.00)|(8624.36,.00)|(8544.05,.00)|0.22|1.00|0.00|(8546.01,.00)|(1.00,.00)|8545.014407212846|24.586499776486363|0|null|2.4374091603354726|0|null|false|0|false
223.25|(8527.98,-.27)|(1.00,-.03)|8526.98333172504|24.586499776486363|8526|0|0|(8537.98,.00)|(8626.33,.00)|(8546.01,.00)|0.22|1.00|0.00|(8547.98,.00)|(1.00,.00)|8546.98333172504|24.586499776486363|0|null|2.425993231556644|0|null|false|0|false
223.30|(8529.95,-.31)|(1.00,-.03)|8528.952381156201|24.586499776486363|8528|0|0|(8539.95,.00)|(8628.30,.00)|(8547.98,.00)|0.22|1.00|0.00|(8549.95,.00)|(1.00,.00)|8548.952381156201|24.586499776486363|0|null|2.416114033355498|0|null|false|0|false
223.35|(8531.92,-.33)|(1.00,-.02)|8530.921526776672|24.586499776486363|8530|0|0|(8541.92,.00)|(8630.27,.00)|(8549.95,.00)|0.27|1.00|0.00|(8551.92,.00)|(1.00,.00)|8550.921526776672|24.586499776486363|0|null|2.408568991669607|0|null|false|0|false
223.40|(8533.89,-.36)|(1.00,-.02)|8532.890770368795|24.586499776486363|8532|0|0|(8543.89,.00)|(8632.24,.00)|(8551.92,.00)|0.27|1.00|0.00|(8553.89,.00)|(1.00,.00)|8552.890770368795|24.586499776486363|0|null|2.4028818845958977|0|null|false|0|false
223.45|(8535.86,-.37)|(1.00,-.02)|8534.860088014586|24.586499776486363|8534|0|0|(8545.86,.00)|(8634.21,.00)|(8553.89,.00)|0.27|1.00|0.00|(8555.86,.00)|(1.00,.00)|8554.860088014586|24.586499776486363|0|null|2.3990789106417334|0|null|false|0|false
223.50|(8537.83,-.38)|(1.00,-.01)|8536.829454867646|24.586499776486363|8536|0|0|(8547.83,.00)|(8636.18,.00)|(8555.86,.00)|0.27|1.00|0.00|(8557.83,.00)|(1.00,.00)|8556.829454867646|24.586499776486363|0|null|2.3971824323838824|0|null|false|0|false
223.55|(8539.80,-.38)|(1.00,-.01)|8538.798865819492|24.586499776486363|8538|0|0|(8549.80,.00)|(8638.14,.00)|(8557.83,.00)|0.25|1.00|0.00|(8559.80,.00)|(1.00,.00)|8558.798865819492|24.586499776486363|0|null|2.39688240026286|0|null|false|0|false
223.60|(8541.77,-.37)|(1.00,-.01)|8540.76827872329|24.586499776486363|8540|0|0|(8551.77,.00)|(8640.11,.00)|(8559.80,.00)|0.25|1.00|0.00|(8561.77,.00)|(1.00,.00)|8560.76827872329|24.586499776486363|0|null|2.3984092151845706|0|null|false|0|false
223.65|(8543.74,-.36)|(1.00,-.00)|8542.73767001648|24.586499776486363|8542|0|0|(8553.74,.00)|(8642.08,.00)|(8561.77,.00)|0.25|1.00|0.00|(8563.74,.00)|(1.00,.00)|8562.73767001648|24.586499776486363|0|null|2.4017727322543823|0|null|false|0|false
223.70|(8545.71,-.34)|(1.00,-.00)|8544.707015957527|24.586499776486363|8544|0|0|(8555.71,.00)|(8644.05,.00)|(8563.74,.00)|0.25|1.00|0.00|(8565.71,.00)|(1.00,.00)|8564.707015957527|24.586499776486363|0|null|2.4069792271690247|0|null|false|0|false
223.75|(8547.68,-.31)|(1.00,.00)|8546.676292787057|24.586499776486363|8546|0|0|(8557.68,.00)|(8646.02,.00)|(8565.71,.00)|0.25|1.00|0.00|(8567.68,.00)|(1.00,.00)|8566.676292787057|24.586499776486363|0|null|2.41403151087625|0|null|false|0|false
223.80|(8549.65,-.29)|(1.00,.00)|8548.645630282937|24.586499776486363|8548|0|0|(8559.65,.00)|(8647.99,.00)|(8567.68,.00)|0.15|1.00|0.00|(8569.65,.00)|(1.00,.00)|8568.645630282937|24.586499776486363|0|null|2.4212865550194547|0|null|false|0|false
223.85|(8551.61,-.26)|(1.00,.01)|8550.614903499594|24.586499776486363|8550|0|0|(8561.61,.00)|(8649.96,.00)|(8569.65,.00)|0.15|1.00|0.00|(8571.61,.00)|(1.00,.00)|8570.614903499594|24.586499776486363|0|null|2.429819141788214|0|null|false|0|false
223.90|(8553.58,-.22)|(1.00,.01)|8552.58410179131|24.586499776486363|8552|0|0|(8563.58,.00)|(8651.93,.00)|(8571.61,.00)|0.15|1.00|0.00|(8573.58,.00)|(1.00,.00)|8572.58410179131|24.586499776486363|0|null|2.439617578183291|0|null|false|0|false
223.95|(8555.55,-.19)|(1.00,.01)|8554.553332124842|24.586499776486363|8554|0|0|(8565.55,.00)|(8653.90,.00)|(8573.58,.00)|0.07|1.00|0.00|(8575.55,.00)|(1.00,.00)|8574.553332124842|24.586499776486363|0|null|2.4492915435762823|0|null|false|0|false
224.00|(8557.52,-.15)|(1.00,.01)|8556.522513179252|24.586499776486363|8556|0|0|(8567.52,.00)|(8655.87,.00)|(8575.55,.00)|0.07|1.00|0.00|(8577.52,.00)|(1.00,.00)|8576.522513179252|24.586499776486363|0|null|2.459729256636846|0|null|false|0|false
224.05|(8559.49,-.11)|(1.00,.02)|8558.491642319654|24.586499776486363|8558|0|0|(8569.49,.00)|(8657.84,.00)|(8577.52,.00)|0.07|1.00|0.00|(8579.49,.00)|(1.00,.00)|8578.491642319654|24.586499776486363|0|null|2.470909226440099|0|null|false|0|false
224.10|(8561.46,-.07)|(1.00,.02)|8560.460808016085|24.586499776486363|8560|0|0|(8571.46,.00)|(8659.81,.00)|(8579.49,.00)|-0.00|1.00|0.00|(8581.46,.00)|(1.00,.00)|8580.460808016085|24.586499776486363|0|null|2.481544315069753|0|null|false|0|false
224.15|(8563.43,-.03)|(1.00,.02)|8562.429957428412|24.586499776486363|8562|0|0|(8573.43,.00)|(8661.78,.00)|(8581.46,.00)|-0.00|1.00|0.00|(8583.43,.00)|(1.00,.00)|8582.429957428412|24.586499776486363|0|null|2.49244221167958|0|null|false|0|false
224.20|(8565.40,.01)|(1.00,.02)|8564.39909180078|24.586499776486363|8564|0|0|(8575.40,.00)|(8663.75,.00)|(8583.43,.00)|-0.00|1.00|0.00|(8585.40,.00)|(1.00,.00)|8584.39909180078|24.586499776486363|0|null|2.5035758759780093|0|null|false|0|false
224.25|(8567.37,.05)|(1.00,.02)|8566.368212517602|24.586499776486363|8566|0|0|(8577.37,.00)|(8665.71,.00)|(8585.40,.00)|-0.00|1.00|0.00|(8587.37,.00)|(1.00,.00)|8586.368212517602|24.586499776486363|0|null|2.5149187646071933|0|null|false|0|false
224.30|(8569.34,.09)|(1.00,.02)|8568.337387320857|24.586499776486363|8568|0|0|(8579.34,.00)|(8667.68,.00)|(8587.37,.00)|-0.07|1.00|0.00|(8589.34,.00)|(1.00,.00)|8588.337387320857|24.586499776486363|0|null|2.5251705375653204|0|null|false|0|false
224.35|(8571.31,.13)|(1.00,.02)|8570.306585056658|24.586499776486363|8570|0|0|(8581.31,.00)|(8669.65,.00)|(8589.34,.00)|-0.07|1.00|0.00|(8591.31,.00)|(1.00,.00)|8590.306585056658|24.586499776486363|0|null|2.5351432823512026|0|null|false|0|false
224.40|(8573.28,.16)|(1.00,.02)|8572.275806664038|24.586499776486363|8572|0|0|(8583.28,.00)|(8671.62,.00)|(8591.31,.00)|-0.07|1.00|0.00|(8593.28,.00)|(1.00,.00)|8592.275806664038|24.586499776486363|0|null|2.5448094217655353|0|null|false|0|false
224.45|(8575.25,.19)|(1.00,.02)|8574.245081189028|24.586499776486363|8574|0|0|(8585.25,.00)|(8673.59,.00)|(8593.28,.00)|-0.14|1.00|0.00|(8595.25,.00)|(1.00,.00)|8594.245081189028|24.586499776486363|0|null|2.552932466570689|0|null|false|0|false
224.50|(8577.21,.22)|(1.00,.02)|8576.214401703308|24.586499776486363|8576|0|0|(8587.21,.00)|(8675.56,.00)|(8595.25,.00)|-0.14|1.00|0.00|(8597.21,.00)|(1.00,.00)|8596.214401703308|24.586499776486363|0|null|2.5602838834781396|0|null|false|0|false
224.55|(8579.18,.24)|(1.00,.02)|8578.183764879272|24.586499776486363|8578|0|0|(8589.18,.00)|(8677.53,.00)|(8597.21,.00)|-0.14|1.00|0.00|(8599.18,.00)|(1.00,.00)|8598.183764879272|24.586499776486363|0|null|2.5668384995407485|0|null|false|0|false
224.60|(8581.15,.27)|(1.00,.01)|8580.153166925884|24.586499776486363|8580|0|0|(8591.15,.00)|(8679.50,.00)|(8599.18,.00)|-0.14|1.00|0.00|(8601.15,.00)|(1.00,.00)|8600.153166925884|24.586499776486363|0|null|2.5725739292286836|0|null|false|0|false
224.65|(8583.12,.28)|(1.00,.01)|8582.122594420442|24.586499776486363|8582|0|0|(8593.12,.00)|(8681.47,.00)|(8601.15,.00)|-0.19|1.00|0.00|(8603.12,.00)|(1.00,.00)|8602.122594420442|24.586499776486363|0|null|2.576733012507766|0|null|false|0|false
224.70|(8585.09,.29)|(1.00,.01)|8584.092054902143|24.586499776486363|8584|0|0|(8595.09,.00)|(8683.44,.00)|(8603.12,.00)|-0.19|1.00|0.00|(8605.09,.00)|(1.00,.00)|8604.092054902143|24.586499776486363|0|null|2.5797833610054757|0|null|false|0|false
224.75|(8587.06,.30)|(1.00,.01)|8586.061539869603|24.586499776486363|8586|0|0|(8597.06,.00)|(8685.41,.00)|(8605.09,.00)|-0.19|1.00|0.00|(8607.06,.00)|(1.00,.00)|8606.061539869603|24.586499776486363|0|null|2.5817087799588463|0|null|false|0|false
224.80|(8589.03,.30)|(1.00,.01)|8588.031040463751|24.586499776486363|8588|0|0|(8599.03,.00)|(8687.38,.00)|(8607.06,.00)|-0.19|1.00|0.00|(8609.03,.00)|(1.00,.00)|8608.031040463751|24.586499776486363|0|null|2.582496115307692|0|null|false|0|false
224.85|(8591.00,.30)|(1.00,.01)|8590.000547550142|24.586499776486363|8590|0|0|(8601.00,.00)|(8689.35,.00)|(8609.03,.00)|-0.19|1.00|0.00|(8611.00,.00)|(1.00,.00)|8610.000547550142|24.586499776486363|0|null|2.5821351375762083|0|null|false|0|false
224.90|(8592.97,.30)|(1.00,.00)|8591.970051800019|24.586499776486363|8591|0|0|(8602.97,.00)|(8691.32,.00)|(8611.00,.00)|-0.19|1.00|0.00|(8612.97,.00)|(1.00,.00)|8611.970051800019|24.586499776486363|0|null|2.580618387309461|0|null|false|0|false
224.95|(8594.94,.29)|(1.00,.00)|8593.939543767594|24.586499776486363|8593|0|0|(8604.94,.00)|(8693.29,.00)|(8612.97,.00)|-0.19|1.00|0.00|(8614.94,.00)|(1.00,.00)|8613.939543767594|24.586499776486363|0|null|2.5779409836083103|0|null|false|0|false
225.00|(8596.91,.27)|(1.00,-.00)|8595.909013961198|24.586499776486363|8595|0|0|(8606.91,.00)|(8695.26,.00)|(8614.94,.00)|-0.19|1.00|0.00|(8616.91,.00)|(1.00,.00)|8615.909013961198|24.586499776486363|0|null|2.574100398188614|0|null|false|0|false
225.05|(8598.88,.25)|(1.00,-.00)|8597.878452906165|24.586499776486363|8597|0|0|(8608.88,.00)|(8697.22,.00)|(8616.91,.00)|-0.19|1.00|0.00|(8618.88,.00)|(1.00,.00)|8617.878452906165|24.586499776486363|0|null|2.5690961982254317|0|null|false|0|false
225.10|(8600.85,.23)|(1.00,-.00)|8599.847851197645|24.586499776486363|8599|0|0|(8610.85,.00)|(8699.19,.00)|(8618.88,.00)|-0.19|1.00|0.00|(8620.85,.00)|(1.00,.00)|8619.847851197645|24.586499776486363|0|null|2.56292976201052|0|null|false|0|false
225.15|(8602.82,.20)|(1.00,-.01)|8601.817199541876|24.586499776486363|8601|0|0|(8612.82,.00)|(8701.16,.00)|(8620.85,.00)|-0.19|1.00|0.00|(8622.82,.00)|(1.00,.00)|8621.817199541876|24.586499776486363|0|null|2.5556039721335706|0|null|false|0|false
225.20|(8604.79,.17)|(1.00,-.01)|8603.786488784865|24.586499776486363|8603|0|0|(8614.79,.00)|(8703.13,.00)|(8622.82,.00)|-0.19|1.00|0.00|(8624.79,.00)|(1.00,.00)|8623.786488784865|24.586499776486363|0|null|2.5471228914783364|0|null|false|0|false
225.25|(8606.76,.14)|(1.00,-.01)|8605.755709927822|24.586499776486363|8605|0|0|(8616.76,.00)|(8705.10,.00)|(8624.79,.00)|-0.19|1.00|0.00|(8626.76,.00)|(1.00,.00)|8625.755709927822|24.586499776486363|0|null|2.5374914277903695|0|null|false|0|false
225.30|(8608.72,.10)|(1.00,-.01)|8607.72485412916|24.586499776486363|8607|0|0|(8618.72,.00)|(8707.07,.00)|(8626.76,.00)|-0.19|1.00|0.00|(8628.72,.00)|(1.00,.00)|8627.72485412916|24.586499776486363|0|null|2.526714992912586|0|null|false|0|false
225.35|(8610.69,.05)|(1.00,-.02)|8609.693912693236|24.586499776486363|8609|0|0|(8620.69,.00)|(8709.04,.00)|(8628.72,.00)|-0.19|1.00|0.00|(8630.69,.00)|(1.00,.00)|8629.693912693236|24.586499776486363|0|null|2.5147991629902293|0|null|false|0|false
225.40|(8612.66,.01)|(1.00,-.02)|8611.662877046474|24.586499776486363|8611|0|0|(8622.66,.00)|(8711.01,.00)|(8630.69,.00)|-0.19|1.00|0.00|(8632.66,.00)|(1.00,.00)|8631.662877046474|24.586499776486363|0|null|2.501749346013067|0|null|false|0|false
225.45|(8614.63,-.05)|(1.00,-.02)|8613.631738701828|24.586499776486363|8613|0|0|(8624.63,.00)|(8712.98,.00)|(8632.66,.00)|-0.19|1.00|0.00|(8634.63,.00)|(1.00,.00)|8633.631738701828|24.586499776486363|0|null|2.4875704629879016|0|null|false|0|false
225.50|(8616.60,-.10)|(1.00,-.02)|8615.600489212879|24.586499776486363|8615|0|0|(8626.60,.00)|(8714.95,.00)|(8634.63,.00)|-0.19|1.00|0.00|(8636.60,.00)|(1.00,.00)|8635.600489212879|24.586499776486363|0|null|2.472266648820136|0|null|false|0|false
225.55|(8618.57,-.15)|(1.00,-.02)|8617.569468744925|24.586499776486363|8617|0|0|(8628.57,.00)|(8716.92,.00)|(8636.60,.00)|0.02|1.00|0.00|(8638.57,.00)|(1.00,.00)|8637.569468744925|24.586499776486363|0|null|2.4594473078882526|0|null|false|0|false
225.60|(8620.54,-.19)|(1.00,-.02)|8619.53846279944|24.586499776486363|8619|0|0|(8630.54,.00)|(8718.88,.00)|(8638.57,.00)|0.02|1.00|0.00|(8640.54,.00)|(1.00,.00)|8639.53846279944|24.586499776486363|0|null|2.4467463321870193|0|null|false|0|false
225.65|(8622.51,-.24)|(1.00,-.02)|8621.507471977726|24.586499776486363|8621|0|0|(8632.51,.00)|(8720.85,.00)|(8640.54,.00)|0.02|1.00|0.00|(8642.51,.00)|(1.00,.00)|8641.507471977726|24.586499776486363|0|null|2.4341754129068347|0|null|false|0|false
225.70|(8624.48,-.29)|(1.00,-.02)|8623.476496643743|24.586499776486363|8623|0|0|(8634.48,.00)|(8722.82,.00)|(8642.51,.00)|0.02|1.00|0.00|(8644.48,.00)|(1.00,.00)|8643.476496643743|24.586499776486363|0|null|2.421743325658552|0|null|false|0|false
225.75|(8626.45,-.33)|(1.00,-.02)|8625.445536918913|24.586499776486363|8625|0|0|(8636.45,.00)|(8724.79,.00)|(8644.48,.00)|0.02|1.00|0.00|(8646.45,.00)|(1.00,.00)|8645.445536918913|24.586499776486363|0|null|2.4094558947451175|0|null|false|0|false
225.80|(8628.41,-.36)|(1.00,-.02)|8627.414690758455|24.586499776486363|8627|0|0|(8638.41,.00)|(8726.76,.00)|(8646.45,.00)|0.22|1.00|0.00|(8648.41,.00)|(1.00,.00)|8647.414690758455|24.586499776486363|0|null|2.4008120506694914|0|null|false|0|false
225.85|(8630.38,-.39)|(1.00,-.02)|8629.38393107653|24.586499776486363|8629|0|0|(8640.38,.00)|(8728.73,.00)|(8648.41,.00)|0.22|1.00|0.00|(8650.38,.00)|(1.00,.00)|8649.38393107653|24.586499776486363|0|null|2.3935162764923|0|null|false|0|false
225.90|(8632.35,-.41)|(1.00,-.02)|8631.35324498557|24.586499776486363|8631|0|0|(8642.35,.00)|(8730.70,.00)|(8650.38,.00)|0.22|1.00|0.00|(8652.35,.00)|(1.00,.00)|8651.35324498557|24.586499776486363|0|null|2.387576960824118|0|null|false|0|false
225.95|(8634.32,-.43)|(1.00,-.01)|8633.322602366814|24.586499776486363|8633|0|0|(8644.32,.00)|(8732.67,.00)|(8652.35,.00)|0.26|1.00|0.00|(8654.32,.00)|(1.00,.00)|8653.322602366814|24.586499776486363|0|null|2.3835477128474816|0|null|false|0|false
226.00|(8636.29,-.44)|(1.00,-.01)|8635.292007061593|24.586499776486363|8635|0|0|(8646.29,.00)|(8734.64,.00)|(8654.32,.00)|0.26|1.00|0.00|(8656.29,.00)|(1.00,.00)|8655.292007061593|24.586499776486363|0|null|2.3810688967951212|0|null|false|0|false
226.05|(8638.26,-.44)|(1.00,-.01)|8637.26144181228|24.586499776486363|8637|0|0|(8648.26,.00)|(8736.61,.00)|(8656.29,.00)|0.26|1.00|0.00|(8658.26,.00)|(1.00,.00)|8657.26144181228|24.586499776486363|0|null|2.380139832629269|0|null|false|0|false
226.10|(8640.23,-.44)|(1.00,-.01)|8639.230889424609|24.586499776486363|8639|0|0|(8650.23,.00)|(8738.58,.00)|(8658.26,.00)|0.26|1.00|0.00|(8660.23,.00)|(1.00,.00)|8659.230889424609|24.586499776486363|0|null|2.3807566499053854|0|null|false|0|false
226.15|(8642.20,-.43)|(1.00,-.00)|8641.200360374845|24.586499776486363|8641|0|0|(8652.20,.00)|(8740.55,.00)|(8660.23,.00)|0.23|1.00|0.00|(8662.20,.00)|(1.00,.00)|8661.200360374845|24.586499776486363|0|null|2.382476365563412|0|null|false|0|false
226.20|(8644.17,-.42)|(1.00,-.00)|8643.169816901926|24.586499776486363|8643|0|0|(8654.17,.00)|(8742.52,.00)|(8662.20,.00)|0.23|1.00|0.00|(8664.17,.00)|(1.00,.00)|8663.169816901926|24.586499776486363|0|null|2.3855762963939453|0|null|false|0|false
226.25|(8646.14,-.40)|(1.00,.00)|8645.139245729075|24.586499776486363|8645|0|0|(8656.14,.00)|(8744.49,.00)|(8664.17,.00)|0.23|1.00|0.00|(8666.14,.00)|(1.00,.00)|8665.139245729075|24.586499776486363|0|null|2.3900439057837097|0|null|false|0|false
226.30|(8648.11,-.38)|(1.00,.00)|8647.108634014277|24.586499776486363|8647|0|0|(8658.11,.00)|(8746.45,.00)|(8666.14,.00)|0.23|1.00|0.00|(8668.11,.00)|(1.00,.00)|8667.108634014277|24.586499776486363|0|null|2.395865200584494|0|null|false|0|false
226.35|(8650.08,-.35)|(1.00,.01)|8649.077969382815|24.586499776486363|8649|0|0|(8660.08,.00)|(8748.42,.00)|(8668.11,.00)|0.23|1.00|0.00|(8670.08,.00)|(1.00,.00)|8669.077969382815|24.586499776486363|0|null|2.4030251414245325|0|null|false|0|false
226.40|(8652.05,-.32)|(1.00,.01)|8651.047239940126|24.586499776486363|8651|0|0|(8662.05,.00)|(8750.39,.00)|(8670.08,.00)|0.23|1.00|0.00|(8672.05,.00)|(1.00,.00)|8671.047239940126|24.586499776486363|0|null|2.4115080514315954|0|null|false|0|false
226.45|(8654.02,-.29)|(1.00,.01)|8653.016586704975|24.586499776486363|8653|0|0|(8664.02,.00)|(8752.36,.00)|(8672.05,.00)|0.12|1.00|0.00|(8674.02,.00)|(1.00,.00)|8673.016586704975|24.586499776486363|0|null|2.4194090467855767|0|null|false|0|false
226.50|(8655.99,-.26)|(1.00,.01)|8654.985899782057|24.586499776486363|8654|0|0|(8665.99,.00)|(8754.33,.00)|(8674.02,.00)|0.12|1.00|0.00|(8675.99,.00)|(1.00,.00)|8674.985899782057|24.586499776486363|0|null|2.4279525639154196|0|null|false|0|false
226.55|(8657.96,-.23)|(1.00,.01)|8656.955177395304|24.586499776486363|8656|0|0|(8667.96,.00)|(8756.30,.00)|(8675.99,.00)|0.12|1.00|0.00|(8677.96,.00)|(1.00,.00)|8676.955177395304|24.586499776486363|0|null|2.437117377090093|0|null|false|0|false
226.60|(8659.92,-.19)|(1.00,.01)|8658.924417983102|24.586499776486363|8658|0|0|(8669.92,.00)|(8758.27,.00)|(8677.96,.00)|0.12|1.00|0.00|(8679.92,.00)|(1.00,.00)|8678.924417983102|24.586499776486363|0|null|2.446883765436583|0|null|false|0|false
226.65|(8661.89,-.16)|(1.00,.01)|8660.893694902761|24.586499776486363|8660|0|0|(8671.89,.00)|(8760.24,.00)|(8679.92,.00)|0.05|1.00|0.00|(8681.89,.00)|(1.00,.00)|8680.893694902761|24.586499776486363|0|null|2.4560446290986184|0|null|false|0|false
226.70|(8663.86,-.13)|(1.00,.01)|8662.862963548338|24.586499776486363|8662|0|0|(8673.86,.00)|(8762.21,.00)|(8681.89,.00)|0.05|1.00|0.00|(8683.86,.00)|(1.00,.00)|8682.862963548338|24.586499776486363|0|null|2.465364751407398|0|null|false|0|false
226.75|(8665.83,-.09)|(1.00,.02)|8664.832224752723|24.586499776486363|8664|0|0|(8675.83,.00)|(8764.18,.00)|(8683.86,.00)|0.05|1.00|0.00|(8685.83,.00)|(1.00,.00)|8684.832224752723|24.586499776486363|0|null|2.474826557175321|0|null|false|0|false
226.80|(8667.80,-.06)|(1.00,.02)|8666.801532511261|24.586499776486363|8666|0|0|(8677.80,.00)|(8766.15,.00)|(8685.83,.00)|-0.02|1.00|0.00|(8687.80,.00)|(1.00,.00)|8686.801532511261|24.586499776486363|0|null|2.4831233447147363|0|null|false|0|false
226.85|(8669.77,-.03)|(1.00,.02)|8668.77086164396|24.586499776486363|8668|0|0|(8679.77,.00)|(8768.12,.00)|(8687.80,.00)|-0.02|1.00|0.00|(8689.77,.00)|(1.00,.00)|8688.77086164396|24.586499776486363|0|null|2.4910912514258476|0|null|false|0|false
226.90|(8671.74,-.00)|(1.00,.01)|8670.740211975573|24.586499776486363|8670|0|0|(8681.74,.00)|(8770.09,.00)|(8689.77,.00)|-0.02|1.00|0.00|(8691.74,.00)|(1.00,.00)|8690.740211975573|24.586499776486363|0|null|2.4987169148503705|0|null|false|0|false
226.95|(8673.71,.02)|(1.00,.01)|8672.709583091031|24.586499776486363|8672|0|0|(8683.71,.00)|(8772.06,.00)|(8691.74,.00)|-0.02|1.00|0.00|(8693.71,.00)|(1.00,.00)|8692.709583091031|24.586499776486363|0|null|2.5059902113512584|0|null|false|0|false
227.00|(8675.68,.04)|(1.00,.01)|8674.678986591896|24.586499776486363|8674|0|0|(8685.68,.00)|(8774.02,.00)|(8693.71,.00)|-0.08|1.00|0.00|(8695.68,.00)|(1.00,.00)|8694.678986591896|24.586499776486363|0|null|2.511992285436803|0|null|false|0|false
227.05|(8677.65,.06)|(1.00,.01)|8676.64842075144|24.586499776486363|8676|0|0|(8687.65,.00)|(8775.99,.00)|(8695.68,.00)|-0.08|1.00|0.00|(8697.65,.00)|(1.00,.00)|8696.64842075144|24.586499776486363|0|null|2.5173178564608816|0|null|false|0|false
227.10|(8679.62,.08)|(1.00,.01)|8678.617882361668|24.586499776486363|8678|0|0|(8689.62,.00)|(8777.96,.00)|(8697.65,.00)|-0.08|1.00|0.00|(8699.62,.00)|(1.00,.00)|8698.617882361668|24.586499776486363|0|null|2.5219628422230285|0|null|false|0|false
227.15|(8681.59,.09)|(1.00,.01)|8680.58736556563|24.586499776486363|8680|0|0|(8691.59,.00)|(8779.93,.00)|(8699.62,.00)|-0.09|1.00|0.00|(8701.59,.00)|(1.00,.00)|8700.58736556563|24.586499776486363|0|null|2.525611080238342|0|null|false|0|false
227.20|(8683.56,.10)|(1.00,.01)|8682.556870847484|24.586499776486363|8682|0|0|(8693.56,.00)|(8781.90,.00)|(8701.59,.00)|-0.09|1.00|0.00|(8703.56,.00)|(1.00,.00)|8702.556870847484|24.586499776486363|0|null|2.528470844838866|0|null|false|0|false
227.25|(8685.53,.11)|(1.00,.01)|8684.526393647313|24.586499776486363|8684|0|0|(8695.53,.00)|(8783.87,.00)|(8703.56,.00)|-0.09|1.00|0.00|(8705.53,.00)|(1.00,.00)|8704.526393647313|24.586499776486363|0|null|2.5305449277452916|0|null|false|0|false
227.30|(8687.50,.12)|(1.00,.01)|8686.495929423645|24.586499776486363|8686|0|0|(8697.50,.00)|(8785.84,.00)|(8705.53,.00)|-0.09|1.00|0.00|(8707.50,.00)|(1.00,.00)|8706.495929423645|24.586499776486363|0|null|2.5318382356504747|0|null|false|0|false
227.35|(8689.47,.12)|(1.00,.01)|8688.465473701342|24.586499776486363|8688|0|0|(8699.47,.00)|(8787.81,.00)|(8707.50,.00)|-0.09|1.00|0.00|(8709.47,.00)|(1.00,.00)|8708.465473701342|24.586499776486363|0|null|2.5323574391442034|0|null|false|0|false
227.40|(8691.44,.12)|(1.00,.00)|8690.435022110465|24.586499776486363|8690|0|0|(8701.44,.00)|(8789.78,.00)|(8709.47,.00)|-0.09|1.00|0.00|(8711.44,.00)|(1.00,.00)|8710.435022110465|24.586499776486363|0|null|2.5321106110910607|0|null|false|0|false
227.45|(8693.40,.11)|(1.00,.00)|8692.404570415514|24.586499776486363|8692|0|0|(8703.40,.00)|(8791.75,.00)|(8711.44,.00)|-0.09|1.00|0.00|(8713.40,.00)|(1.00,.00)|8712.404570415514|24.586499776486363|0|null|2.531106860905883|0|null|false|0|false
227.50|(8695.37,.11)|(1.00,.00)|8694.374114534865|24.586499776486363|8694|0|0|(8705.37,.00)|(8793.72,.00)|(8713.40,.00)|-0.09|1.00|0.00|(8715.37,.00)|(1.00,.00)|8714.374114534865|24.586499776486363|0|null|2.52935597129306|0|null|false|0|false
227.55|(8697.34,.10)|(1.00,.00)|8696.343650550534|24.586499776486363|8696|0|0|(8707.34,.00)|(8795.69,.00)|(8715.37,.00)|-0.09|1.00|0.00|(8717.34,.00)|(1.00,.00)|8716.343650550534|24.586499776486363|0|null|2.526868043999761|0|null|false|0|false
227.60|(8699.31,.09)|(1.00,-.00)|8698.313174708795|24.586499776486363|8698|0|0|(8709.31,.00)|(8797.66,.00)|(8717.34,.00)|-0.09|1.00|0.00|(8719.31,.00)|(1.00,.00)|8718.313174708795|24.586499776486363|0|null|2.523653160978395|0|null|false|0|false
227.65|(8701.28,.07)|(1.00,-.00)|8700.282683412363|24.586499776486363|8700|0|0|(8711.28,.00)|(8799.63,.00)|(8719.31,.00)|-0.09|1.00|0.00|(8721.28,.00)|(1.00,.00)|8720.282683412363|24.586499776486363|0|null|2.5197210670627177|0|null|false|0|false
227.70|(8703.25,.06)|(1.00,-.00)|8702.25221736492|24.586499776486363|8702|0|0|(8713.25,.00)|(8801.60,.00)|(8721.28,.00)|-0.03|1.00|0.00|(8723.25,.00)|(1.00,.00)|8722.25221736492|24.586499776486363|0|null|2.516232424041929|0|null|false|0|false
227.75|(8705.22,.05)|(1.00,-.00)|8704.221744513494|24.586499776486363|8704|0|0|(8715.22,.00)|(8803.57,.00)|(8723.25,.00)|-0.03|1.00|0.00|(8725.22,.00)|(1.00,.00)|8724.221744513494|24.586499776486363|0|null|2.51243942769145|0|null|false|0|false
227.80|(8707.19,.03)|(1.00,-.00)|8706.19126442315|24.586499776486363|8706|0|0|(8717.19,.00)|(8805.54,.00)|(8725.22,.00)|-0.03|1.00|0.00|(8727.19,.00)|(1.00,.00)|8726.19126442315|24.586499776486363|0|null|2.5083528696586823|0|null|false|0|false
227.85|(8709.16,.01)|(1.00,-.01)|8708.16077669432|24.586499776486363|8708|0|0|(8719.16,.00)|(8807.51,.00)|(8727.19,.00)|-0.03|1.00|0.00|(8729.16,.00)|(1.00,.00)|8728.16077669432|24.586499776486363|0|null|2.5039818610147844|0|null|false|0|false
227.90|(8711.13,-.00)|(1.00,-.01)|8710.130280941206|24.586499776486363|8710|0|0|(8721.13,.00)|(8809.48,.00)|(8729.16,.00)|-0.03|1.00|0.00|(8731.13,.00)|(1.00,.00)|8730.130280941206|24.586499776486363|0|null|2.499333724292084|0|null|false|0|false
227.95|(8713.10,-.02)|(1.00,-.01)|8712.099801369419|24.586499776486363|8712|0|0|(8723.10,.00)|(8811.45,.00)|(8731.13,.00)|0.03|1.00|0.00|(8733.10,.00)|(1.00,.00)|8732.099801369419|24.586499776486363|0|null|2.4954294393098295|0|null|false|0|false
228.00|(8715.07,-.03)|(1.00,-.01)|8714.069324810134|24.586499776486363|8714|0|0|(8725.07,.00)|(8813.42,.00)|(8733.10,.00)|0.03|1.00|0.00|(8735.07,.00)|(1.00,.00)|8734.069324810134|24.586499776486363|0|null|2.4916058755347916|0|null|false|0|false
228.05|(8717.04,-.04)|(1.00,-.01)|8716.038851318302|24.586499776486363|8716|0|0|(8727.04,.00)|(8815.38,.00)|(8735.07,.00)|0.03|1.00|0.00|(8737.04,.00)|(1.00,.00)|8736.038851318302|24.586499776486363|0|null|2.487868026632757|0|null|false|0|false
228.10|(8719.01,-.06)|(1.00,-.01)|8718.008380890655|24.586499776486363|8718|0|0|(8729.01,.00)|(8817.35,.00)|(8737.04,.00)|0.03|1.00|0.00|(8739.01,.00)|(1.00,.00)|8738.008380890655|24.586499776486363|0|null|2.4842187673033287|0|null|false|0|false
228.15|(8720.98,-.07)|(1.00,-.01)|8719.977913469886|24.586499776486363|8719|0|0|(8730.98,.00)|(8819.32,.00)|(8739.01,.00)|0.03|1.00|0.00|(8740.98,.00)|(1.00,.00)|8739.977913469886|24.586499776486363|0|null|2.480658992825704|0|null|false|0|false
228.20|(8722.95,-.08)|(1.00,-.01)|8721.947453246567|24.586499776486363|8721|0|0|(8732.95,.00)|(8821.29,.00)|(8740.98,.00)|0.07|1.00|0.00|(8742.95,.00)|(1.00,.00)|8741.947453246567|24.586499776486363|0|null|2.4777824562382147|0|null|false|0|false
228.25|(8724.92,-.09)|(1.00,-.01)|8723.916999859923|24.586499776486363|8723|0|0|(8734.92,.00)|(8823.26,.00)|(8742.95,.00)|0.07|1.00|0.00|(8744.92,.00)|(1.00,.00)|8743.916999859923|24.586499776486363|0|null|2.4751962436328845|0|null|false|0|false
228.30|(8726.89,-.10)|(1.00,-.01)|8725.8865526283|24.586499776486363|8725|0|0|(8736.89,.00)|(8825.23,.00)|(8744.92,.00)|0.07|1.00|0.00|(8746.89,.00)|(1.00,.00)|8745.8865526283|24.586499776486363|0|null|2.472898416759903|0|null|false|0|false
228.35|(8728.86,-.11)|(1.00,-.01)|8727.856110855624|24.586499776486363|8727|0|0|(8738.86,.00)|(8827.20,.00)|(8746.89,.00)|0.07|1.00|0.00|(8748.86,.00)|(1.00,.00)|8747.856110855624|24.586499776486363|0|null|2.470885761868593|0|null|false|0|false
228.40|(8730.83,-.11)|(1.00,-.00)|8729.825673845318|24.586499776486363|8729|0|0|(8740.83,.00)|(8829.17,.00)|(8748.86,.00)|0.07|1.00|0.00|(8750.83,.00)|(1.00,.00)|8749.825673845318|24.586499776486363|0|null|2.4691540952794657|0|null|false|0|false
228.45|(8732.80,-.12)|(1.00,-.00)|8731.795240085201|24.586499776486363|8731|0|0|(8742.80,.00)|(8831.14,.00)|(8750.83,.00)|0.08|1.00|0.00|(8752.80,.00)|(1.00,.00)|8751.795240085201|24.586499776486363|0|null|2.4678503553229216|0|null|false|0|false
228.50|(8734.76,-.12)|(1.00,-.00)|8733.764809997745|24.586499776486363|8733|0|0|(8744.76,.00)|(8833.11,.00)|(8752.80,.00)|0.08|1.00|0.00|(8754.76,.00)|(1.00,.00)|8753.764809997745|24.586499776486363|0|null|2.4668697379803666|0|null|false|0|false
228.55|(8736.73,-.12)|(1.00,-.00)|8735.734382729588|24.586499776486363|8735|0|0|(8746.73,.00)|(8835.08,.00)|(8754.76,.00)|0.08|1.00|0.00|(8756.73,.00)|(1.00,.00)|8755.734382729588|24.586499776486363|0|null|2.466207571048068|0|null|false|0|false
228.60|(8738.70,-.12)|(1.00,-.00)|8737.703957458527|24.586499776486363|8737|0|0|(8748.70,.00)|(8837.05,.00)|(8756.73,.00)|0.08|1.00|0.00|(8758.70,.00)|(1.00,.00)|8757.703957458527|24.586499776486363|0|null|2.465859453916902|0|null|false|0|false
228.65|(8740.67,-.12)|(1.00,-.00)|8739.673532797997|24.586499776486363|8739|0|0|(8750.67,.00)|(8839.02,.00)|(8758.70,.00)|0.08|1.00|0.00|(8760.67,.00)|(1.00,.00)|8759.673532797997|24.586499776486363|0|null|2.465870054063985|0|null|false|0|false
228.70|(8742.64,-.12)|(1.00,-.00)|8741.643108486063|24.586499776486363|8741|0|0|(8752.64,.00)|(8840.99,.00)|(8760.67,.00)|0.08|1.00|0.00|(8762.64,.00)|(1.00,.00)|8761.643108486063|24.586499776486363|0|null|2.4662046002752613|0|null|false|0|false
228.75|(8744.61,-.12)|(1.00,-.00)|8743.612683702979|24.586499776486363|8743|0|0|(8754.61,.00)|(8842.96,.00)|(8762.64,.00)|0.08|1.00|0.00|(8764.61,.00)|(1.00,.00)|8763.612683702979|24.586499776486363|0|null|2.466861453666791|0|null|false|0|false
228.80|(8746.58,-.12)|(1.00,-.00)|8745.582257638633|24.586499776486363|8745|0|0|(8756.58,.00)|(8844.93,.00)|(8764.61,.00)|0.08|1.00|0.00|(8766.58,.00)|(1.00,.00)|8765.582257638633|24.586499776486363|0|null|2.46784034322026|0|null|false|0|false
228.85|(8748.55,-.11)|(1.00,.00)|8747.551829479486|24.586499776486363|8747|0|0|(8758.55,.00)|(8846.90,.00)|(8766.58,.00)|0.08|1.00|0.00|(8768.55,.00)|(1.00,.00)|8767.551829479486|24.586499776486363|0|null|2.4691425706221652|0|null|false|0|false
228.90|(8750.52,-.11)|(1.00,.00)|8749.52139839305|24.586499776486363|8749|0|0|(8760.52,.00)|(8848.87,.00)|(8768.55,.00)|0.08|1.00|0.00|(8770.52,.00)|(1.00,.00)|8769.52139839305|24.586499776486363|0|null|2.470771176147269|0|null|false|0|false
228.95|(8752.49,-.10)|(1.00,.00)|8751.490963510314|24.586499776486363|8751|0|0|(8762.49,.00)|(8850.84,.00)|(8770.52,.00)|0.08|1.00|0.00|(8772.49,.00)|(1.00,.00)|8771.490963510314|24.586499776486363|0|null|2.4727310623728007|0|null|false|0|false
229.00|(8754.46,-.09)|(1.00,.00)|8753.460523906535|24.586499776486363|8753|0|0|(8764.46,.00)|(8852.81,.00)|(8772.49,.00)|0.08|1.00|0.00|(8774.46,.00)|(1.00,.00)|8773.460523906535|24.586499776486363|0|null|2.4750290733917835|0|null|false|0|false
229.05|(8756.43,-.08)|(1.00,.00)|8755.430078580875|24.586499776486363|8755|0|0|(8766.43,.00)|(8854.78,.00)|(8774.46,.00)|0.08|1.00|0.00|(8776.43,.00)|(1.00,.00)|8775.430078580875|24.586499776486363|0|null|2.477674028126291|0|null|false|0|false
229.10|(8758.40,-.07)|(1.00,.00)|8757.399626435385|24.586499776486363|8757|0|0|(8768.40,.00)|(8856.75,.00)|(8776.43,.00)|0.08|1.00|0.00|(8778.40,.00)|(1.00,.00)|8777.399626435385|24.586499776486363|0|null|2.4806767073044718|0|null|false|0|false
229.15|(8760.37,-.06)|(1.00,.00)|8759.369166253859|24.586499776486363|8759|0|0|(8770.37,.00)|(8858.72,.00)|(8778.40,.00)|0.08|1.00|0.00|(8780.37,.00)|(1.00,.00)|8779.369166253859|24.586499776486363|0|null|2.484049794638213|0|null|false|0|false
229.20|(8762.34,-.04)|(1.00,.00)|8761.338696681161|24.586499776486363|8761|0|0|(8772.34,.00)|(8860.68,.00)|(8780.37,.00)|0.08|1.00|0.00|(8782.34,.00)|(1.00,.00)|8781.338696681161|24.586499776486363|0|null|2.487807773700485|0|null|false|0|false
229.25|(8764.31,-.03)|(1.00,.01)|8763.308216203637|24.586499776486363|8763|0|0|(8774.31,.00)|(8862.65,.00)|(8782.34,.00)|0.08|1.00|0.00|(8784.31,.00)|(1.00,.00)|8783.308216203637|24.586499776486363|0|null|2.49196678293199|0|null|false|0|false
229.30|(8766.28,-.01)|(1.00,.01)|8765.277723131248|24.586499776486363|8765|0|0|(8776.28,.00)|(8864.62,.00)|(8784.31,.00)|0.08|1.00|0.00|(8786.28,.00)|(1.00,.00)|8785.277723131248|24.586499776486363|0|null|2.4965444320857735|0|null|false|0|false
229.35|(8768.25,.01)|(1.00,.01)|8767.247215582143|24.586499776486363|8767|0|0|(8778.25,.00)|(8866.59,.00)|(8786.28,.00)|0.08|1.00|0.00|(8788.25,.00)|(1.00,.00)|8787.247215582143|24.586499776486363|0|null|2.501559584226907|0|null|false|0|false
229.40|(8770.22,.03)|(1.00,.01)|8769.216691470308|24.586499776486363|8769|0|0|(8780.22,.00)|(8868.56,.00)|(8788.25,.00)|0.08|1.00|0.00|(8790.22,.00)|(1.00,.00)|8789.216691470308|24.586499776486363|0|null|2.5070321081248297|0|null|false|0|false
229.45|(8772.19,.05)|(1.00,.01)|8771.186148496983|24.586499776486363|8771|0|0|(8782.19,.00)|(8870.53,.00)|(8790.22,.00)|0.08|1.00|0.00|(8792.19,.00)|(1.00,.00)|8791.186148496983|24.586499776486363|0|null|2.512982606492802|0|null|false|0|false
229.50|(8774.16,.07)|(1.00,.01)|8773.155584146449|24.586499776486363|8773|0|0|(8784.16,.00)|(8872.50,.00)|(8792.19,.00)|0.08|1.00|0.00|(8794.16,.00)|(1.00,.00)|8793.155584146449|24.586499776486363|0|null|2.5194321260288657|0|null|false|0|false
229.55|(8776.12,.10)|(1.00,.01)|8775.124995686723|24.586499776486363|8775|0|0|(8786.12,.00)|(8874.47,.00)|(8794.16,.00)|0.08|1.00|0.00|(8796.12,.00)|(1.00,.00)|8795.124995686723|24.586499776486363|0|null|2.526401855584774|0|null|false|0|false
229.60|(8778.09,.12)|(1.00,.01)|8777.094380175577|24.586499776486363|8777|0|0|(8788.09,.00)|(8876.44,.00)|(8796.12,.00)|0.08|1.00|0.00|(8798.09,.00)|(1.00,.00)|8797.094380175577|24.586499776486363|0|null|2.533912819025535|0|null|false|0|false
229.65|(8780.06,.15)|(1.00,.01)|8779.06373447214|24.586499776486363|8779|0|0|(8790.06,.00)|(8878.41,.00)|(8798.09,.00)|0.08|1.00|0.00|(8800.06,.00)|(1.00,.00)|8799.06373447214|24.586499776486363|0|null|2.5419855694372657|0|null|false|0|false
229.70|(8782.03,.18)|(1.00,.01)|8781.033162070255|24.586499776486363|8781|0|0|(8792.03,.00)|(8880.38,.00)|(8800.06,.00)|-0.05|1.00|0.00|(8802.03,.00)|(1.00,.00)|8801.033162070255|24.586499776486363|0|null|2.548426228910568|0|null|false|0|false
229.75|(8784.00,.20)|(1.00,.01)|8783.002598699588|24.586499776486363|8783|0|0|(8794.00,.00)|(8882.35,.00)|(8802.03,.00)|-0.05|1.00|0.00|(8804.00,.00)|(1.00,.00)|8803.002598699588|24.586499776486363|0|null|2.554706923010455|0|null|false|0|false
229.80|(8785.97,.22)|(1.00,.01)|8784.972043489546|24.586499776486363|8784|0|0|(8795.97,.00)|(8884.32,.00)|(8804.00,.00)|-0.05|1.00|0.00|(8805.97,.00)|(1.00,.00)|8804.972043489546|24.586499776486363|0|null|2.560838021004475|0|null|false|0|false
229.85|(8787.94,.24)|(1.00,.01)|8786.941495648118|24.586499776486363|8786|0|0|(8797.94,.00)|(8886.29,.00)|(8805.97,.00)|-0.05|1.00|0.00|(8807.94,.00)|(1.00,.00)|8806.941495648118|24.586499776486363|0|null|2.5668290977814867|0|null|false|0|false
229.90|(8789.91,.27)|(1.00,.01)|8788.910954470055|24.586499776486363|8788|0|0|(8799.91,.00)|(8888.26,.00)|(8807.94,.00)|-0.05|1.00|0.00|(8809.91,.00)|(1.00,.00)|8808.910954470055|24.586499776486363|0|null|2.572688672330318|0|null|false|0|false
229.95|(8791.88,.29)|(1.00,.01)|8790.880419342444|24.586499776486363|8790|0|0|(8801.88,.00)|(8890.23,.00)|(8809.91,.00)|-0.05|1.00|0.00|(8811.88,.00)|(1.00,.00)|8810.880419342444|24.586499776486363|0|null|2.5784239838956364|0|null|false|0|false
230.00|(8793.85,.31)|(1.00,.01)|8792.849889747626|24.586499776486363|8792|0|0|(8803.85,.00)|(8892.20,.00)|(8811.88,.00)|-0.05|1.00|0.00|(8813.85,.00)|(1.00,.00)|8812.849889747626|24.586499776486363|0|null|2.58404080951046|0|null|false|0|false
230.05|(8795.82,.33)|(1.00,.01)|8794.819365263536|24.586499776486363|8794|0|0|(8805.82,.00)|(8894.17,.00)|(8813.85,.00)|-0.05|1.00|0.00|(8815.82,.00)|(1.00,.00)|8814.819365263536|24.586499776486363|0|null|2.5895433257108866|0|null|false|0|false
230.10|(8797.79,.35)|(1.00,.01)|8796.788845561534|24.586499776486363|8796|0|0|(8807.79,.00)|(8896.13,.00)|(8815.82,.00)|-0.05|1.00|0.00|(8817.79,.00)|(1.00,.00)|8816.788845561534|24.586499776486363|0|null|2.5949340162915164|0|null|false|0|false
230.15|(8799.76,.37)|(1.00,.01)|8798.758330401843|24.586499776486363|8798|0|0|(8809.76,.00)|(8898.10,.00)|(8817.79,.00)|-0.05|1.00|0.00|(8819.76,.00)|(1.00,.00)|8818.758330401843|24.586499776486363|0|null|2.6002136269791336|0|null|false|0|false
230.20|(8801.73,.39)|(1.00,.01)|8800.727819626794|24.586499776486363|8800|0|0|(8811.73,.00)|(8900.07,.00)|(8819.76,.00)|-0.05|1.00|0.00|(8821.73,.00)|(1.00,.00)|8820.727819626794|24.586499776486363|0|null|2.6053811669078883|0|null|false|0|false
230.25|(8803.70,.40)|(1.00,.01)|8802.697313152068|24.586499776486363|8802|0|0|(8813.70,.00)|(8902.04,.00)|(8821.73,.00)|-0.05|1.00|0.00|(8823.70,.00)|(1.00,.00)|8822.697313152068|24.586499776486363|0|null|2.6104339557921463|0|null|false|0|false
230.30|(8805.67,.42)|(1.00,.01)|8804.666810956202|24.586499776486363|8804|0|0|(8815.67,.00)|(8904.01,.00)|(8823.70,.00)|-0.05|1.00|0.00|(8825.67,.00)|(1.00,.00)|8824.666810956202|24.586499776486363|0|null|2.6153677147339702|0|null|false|0|false
230.35|(8807.64,.44)|(1.00,.01)|8806.636313068682|24.586499776486363|8806|0|0|(8817.64,.00)|(8905.98,.00)|(8825.67,.00)|-0.05|1.00|0.00|(8827.64,.00)|(1.00,.00)|8826.636313068682|24.586499776486363|0|null|2.6201766976909795|0|null|false|0|false
230.40|(8809.61,.46)|(1.00,.01)|8808.605819556995|24.586499776486363|8808|0|0|(8819.61,.00)|(8907.95,.00)|(8827.64,.00)|-0.05|1.00|0.00|(8829.61,.00)|(1.00,.00)|8828.605819556995|24.586499776486363|0|null|2.624853859786226|0|null|false|0|false
230.45|(8811.58,.47)|(1.00,.01)|8810.575330513035|24.586499776486363|8810|0|0|(8821.58,.00)|(8909.92,.00)|(8829.61,.00)|-0.05|1.00|0.00|(8831.58,.00)|(1.00,.00)|8830.575330513035|24.586499776486363|0|null|2.629391057882449|0|null|false|0|false
230.50|(8813.54,.49)|(1.00,.01)|8812.54484603934|24.586499776486363|8812|0|0|(8823.54,.00)|(8911.89,.00)|(8831.58,.00)|-0.05|1.00|0.00|(8833.54,.00)|(1.00,.00)|8832.54484603934|24.586499776486363|0|null|2.63377927818465|0|null|false|0|false
230.55|(8815.51,.51)|(1.00,.01)|8814.514366235628|24.586499776486363|8814|0|0|(8825.51,.00)|(8913.86,.00)|(8833.54,.00)|-0.05|1.00|0.00|(8835.51,.00)|(1.00,.00)|8834.514366235628|24.586499776486363|0|null|2.6380088850911494|0|null|false|0|false
230.60|(8817.48,.52)|(1.00,.01)|8816.483891186119|24.586499776486363|8816|0|0|(8827.48,.00)|(8915.83,.00)|(8835.51,.00)|-0.05|1.00|0.00|(8837.48,.00)|(1.00,.00)|8836.483891186119|24.586499776486363|0|null|2.642069885095631|0|null|false|0|false
230.65|(8819.45,.53)|(1.00,.01)|8818.453420948123|24.586499776486363|8818|0|0|(8829.45,.00)|(8917.80,.00)|(8837.48,.00)|-0.05|1.00|0.00|(8839.45,.00)|(1.00,.00)|8838.453420948123|24.586499776486363|0|null|2.6459521992598787|0|null|false|0|false
230.70|(8821.42,.55)|(1.00,.01)|8820.422955542306|24.586499776486363|8820|0|0|(8831.42,.00)|(8919.77,.00)|(8839.45,.00)|-0.05|1.00|0.00|(8841.42,.00)|(1.00,.00)|8840.422955542306|24.586499776486363|0|null|2.6496459376347503|0|null|false|0|false
230.75|(8823.39,.56)|(1.00,.01)|8822.392494945032|24.586499776486363|8822|0|0|(8833.39,.00)|(8921.74,.00)|(8841.42,.00)|-0.05|1.00|0.00|(8843.39,.00)|(1.00,.00)|8842.392494945032|24.586499776486363|0|null|2.653141669008425|0|null|false|0|false
230.80|(8825.36,.57)|(1.00,.01)|8824.362039083026|24.586499776486363|8824|0|0|(8835.36,.00)|(8923.71,.00)|(8843.39,.00)|-0.05|1.00|0.00|(8845.36,.00)|(1.00,.00)|8844.362039083026|24.586499776486363|0|null|2.656430679505704|0|null|false|0|false
230.85|(8827.33,.58)|(1.00,.01)|8826.331587830564|24.586499776486363|8826|0|0|(8837.33,.00)|(8925.68,.00)|(8845.36,.00)|-0.05|1.00|0.00|(8847.33,.00)|(1.00,.00)|8846.331587830564|24.586499776486363|0|null|2.659505213846975|0|null|false|0|false
230.90|(8829.30,.58)|(1.00,.00)|8828.301088264487|24.586499776486363|8828|0|0|(8839.30,.00)|(8927.65,.00)|(8847.33,.00)|-0.24|1.00|0.00|(8849.30,.00)|(1.00,.00)|8848.301088264487|24.586499776486363|0|null|2.6591086527740337|0|null|false|0|false
230.95|(8831.27,.58)|(1.00,.00)|8830.270581882489|24.586499776486363|8830|0|0|(8841.27,.00)|(8929.62,.00)|(8849.30,.00)|-0.24|1.00|0.00|(8851.27,.00)|(1.00,.00)|8850.270581882489|24.586499776486363|0|null|2.6573695862920994|0|null|false|0|false
231.00|(8833.24,.56)|(1.00,.00)|8832.240056036266|24.586499776486363|8832|0|0|(8843.24,.00)|(8931.59,.00)|(8851.27,.00)|-0.24|1.00|0.00|(8853.24,.00)|(1.00,.00)|8852.240056036266|24.586499776486363|0|null|2.6542739681947793|0|null|false|0|false
231.05|(8835.21,.55)|(1.00,-.00)|8834.209497795146|24.586499776486363|8834|0|0|(8845.21,.00)|(8933.56,.00)|(8853.24,.00)|-0.24|1.00|0.00|(8855.21,.00)|(1.00,.00)|8854.209497795146|24.586499776486363|0|null|2.649810514590533|0|null|false|0|false
231.10|(8837.18,.53)|(1.00,-.00)|8836.178874361523|24.586499776486363|8836|0|0|(8847.18,.00)|(8935.52,.00)|(8855.21,.00)|-0.25|1.00|0.00|(8857.18,.00)|(1.00,.00)|8856.178874361523|24.586499776486363|0|null|2.6437277201737137|0|null|false|0|false
231.15|(8839.15,.50)|(1.00,-.01)|8838.148186041499|24.586499776486363|8838|0|0|(8849.15,.00)|(8937.49,.00)|(8857.18,.00)|-0.25|1.00|0.00|(8859.15,.00)|(1.00,.00)|8858.148186041499|24.586499776486363|0|null|2.6361793129708277|0|null|false|0|false
231.20|(8841.12,.47)|(1.00,-.01)|8840.117417920343|24.586499776486363|8840|0|0|(8851.12,.00)|(8939.46,.00)|(8859.15,.00)|-0.25|1.00|0.00|(8861.12,.00)|(1.00,.00)|8860.117417920343|24.586499776486363|0|null|2.6271613658697106|0|null|false|0|false
231.25|(8843.09,.43)|(1.00,-.01)|8842.08655514948|24.586499776486363|8842|0|0|(8853.09,.00)|(8941.43,.00)|(8861.12,.00)|-0.25|1.00|0.00|(8863.09,.00)|(1.00,.00)|8862.08655514948|24.586499776486363|0|null|2.6166725590652513|0|null|false|0|false
231.30|(8845.06,.39)|(1.00,-.01)|8844.055739664107|24.586499776486363|8844|0|0|(8855.06,.00)|(8943.40,.00)|(8863.09,.00)|-0.16|1.00|0.00|(8865.06,.00)|(1.00,.00)|8864.055739664107|24.586499776486363|0|null|2.606237141947565|0|null|false|0|false
231.35|(8847.02,.35)|(1.00,-.02)|8846.024855616579|24.586499776486363|8846|0|0|(8857.02,.00)|(8945.37,.00)|(8865.06,.00)|-0.16|1.00|0.00|(8867.02,.00)|(1.00,.00)|8866.024855616579|24.586499776486363|0|null|2.594858461917698|0|null|false|0|false
231.40|(8848.99,.30)|(1.00,-.02)|8847.993897740213|24.586499776486363|8847|0|0|(8858.99,.00)|(8947.34,.00)|(8867.02,.00)|-0.16|1.00|0.00|(8868.99,.00)|(1.00,.00)|8867.993897740213|24.586499776486363|0|null|2.5825466872179064|0|null|false|0|false
231.45|(8850.96,.25)|(1.00,-.02)|8849.962861070602|24.586499776486363|8849|0|0|(8860.96,.00)|(8949.31,.00)|(8868.99,.00)|-0.16|1.00|0.00|(8870.96,.00)|(1.00,.00)|8869.962861070602|24.586499776486363|0|null|2.5693131993981226|0|null|false|0|false
231.50|(8852.93,.21)|(1.00,-.02)|8851.931875501681|24.586499776486363|8851|0|0|(8862.93,.00)|(8951.28,.00)|(8870.96,.00)|-0.08|1.00|0.00|(8872.93,.00)|(1.00,.00)|8871.931875501681|24.586499776486363|0|null|2.5565665784686407|0|null|false|0|false
231.55|(8854.90,.16)|(1.00,-.02)|8853.90085460229|24.586499776486363|8853|0|0|(8864.90,.00)|(8953.25,.00)|(8872.93,.00)|-0.08|1.00|0.00|(8874.90,.00)|(1.00,.00)|8873.90085460229|24.586499776486363|0|null|2.5434031156502024|0|null|false|0|false
231.60|(8856.87,.11)|(1.00,-.02)|8855.869798694133|24.586499776486363|8855|0|0|(8866.87,.00)|(8955.22,.00)|(8874.90,.00)|-0.08|1.00|0.00|(8876.87,.00)|(1.00,.00)|8875.869798694133|24.586499776486363|0|null|2.5298406481287325|0|null|false|0|false
231.65|(8858.84,.06)|(1.00,-.02)|8857.838841439621|24.586499776486363|8857|0|0|(8868.84,.00)|(8957.18,.00)|(8876.87,.00)|0.02|1.00|0.00|(8878.84,.00)|(1.00,.00)|8877.838841439621|24.586499776486363|0|null|2.517723743687973|0|null|false|0|false
231.70|(8860.81,.02)|(1.00,-.02)|8859.807908777777|24.586499776486363|8859|0|0|(8870.81,.00)|(8959.15,.00)|(8878.84,.00)|0.02|1.00|0.00|(8880.81,.00)|(1.00,.00)|8879.807908777777|24.586499776486363|0|null|2.5058695134024385|0|null|false|0|false
231.75|(8862.78,-.02)|(1.00,-.02)|8861.777001654711|24.586499776486363|8861|0|0|(8872.78,.00)|(8961.12,.00)|(8880.81,.00)|0.02|1.00|0.00|(8882.78,.00)|(1.00,.00)|8881.777001654711|24.586499776486363|0|null|2.49429961661237|0|null|false|0|false
231.80|(8864.75,-.06)|(1.00,-.02)|8863.746120796519|24.586499776486363|8863|0|0|(8874.75,.00)|(8963.09,.00)|(8882.78,.00)|0.02|1.00|0.00|(8884.75,.00)|(1.00,.00)|8883.746120796519|24.586499776486363|0|null|2.4830338749798364|0|null|false|0|false
231.85|(8866.72,-.10)|(1.00,-.02)|8865.715317630007|24.586499776486363|8865|0|0|(8876.72,.00)|(8965.06,.00)|(8884.75,.00)|0.10|1.00|0.00|(8886.72,.00)|(1.00,.00)|8885.715317630007|24.586499776486363|0|null|2.473494790877641|0|null|false|0|false
231.90|(8868.68,-.13)|(1.00,-.02)|8867.684570452453|24.586499776486363|8867|0|0|(8878.68,.00)|(8967.03,.00)|(8886.72,.00)|0.10|1.00|0.00|(8888.68,.00)|(1.00,.00)|8887.684570452453|24.586499776486363|0|null|2.464775566236222|0|null|false|0|false
231.95|(8870.65,-.16)|(1.00,-.02)|8869.653875298161|24.586499776486363|8869|0|0|(8880.65,.00)|(8969.00,.00)|(8888.68,.00)|0.10|1.00|0.00|(8890.65,.00)|(1.00,.00)|8889.653875298161|24.586499776486363|0|null|2.4568938048983293|0|null|false|0|false
232.00|(8872.62,-.18)|(1.00,-.02)|8871.623227801718|24.586499776486363|8871|0|0|(8882.62,.00)|(8970.97,.00)|(8890.65,.00)|0.10|1.00|0.00|(8892.62,.00)|(1.00,.00)|8891.623227801718|24.586499776486363|0|null|2.4498640592283385|0|null|false|0|false
232.05|(8874.59,-.20)|(1.00,-.02)|8873.59262341188|24.586499776486363|8873|0|0|(8884.59,.00)|(8972.94,.00)|(8892.62,.00)|0.13|1.00|0.00|(8894.59,.00)|(1.00,.00)|8893.59262341188|24.586499776486363|0|null|2.4442091112093443|0|null|false|0|false
232.10|(8876.56,-.22)|(1.00,-.01)|8875.56206071167|24.586499776486363|8875|0|0|(8886.56,.00)|(8974.91,.00)|(8894.59,.00)|0.13|1.00|0.00|(8896.56,.00)|(1.00,.00)|8895.56206071167|24.586499776486363|0|null|2.439601455507397|0|null|false|0|false
232.15|(8878.53,-.23)|(1.00,-.01)|8877.53153213426|24.586499776486363|8877|0|0|(8888.53,.00)|(8976.88,.00)|(8896.56,.00)|0.13|1.00|0.00|(8898.53,.00)|(1.00,.00)|8897.53153213426|24.586499776486363|0|null|2.4360477732021413|0|null|false|0|false
232.20|(8880.50,-.24)|(1.00,-.01)|8879.50102993419|24.586499776486363|8879|0|0|(8890.50,.00)|(8978.85,.00)|(8898.53,.00)|0.13|1.00|0.00|(8900.50,.00)|(1.00,.00)|8899.50102993419|24.586499776486363|0|null|2.433551403592078|0|null|false|0|false
232.25|(8882.47,-.25)|(1.00,-.01)|8881.470546277225|24.586499776486363|8881|0|0|(8892.47,.00)|(8980.82,.00)|(8900.50,.00)|0.13|1.00|0.00|(8902.47,.00)|(1.00,.00)|8901.470546277225|24.586499776486363|0|null|2.432112424843395|0|null|false|0|false
232.30|(8884.44,-.25)|(1.00,-.01)|8883.44007332889|24.586499776486363|8883|0|0|(8894.44,.00)|(8982.79,.00)|(8902.47,.00)|0.13|1.00|0.00|(8904.44,.00)|(1.00,.00)|8903.44007332889|24.586499776486363|0|null|2.431727774771517|0|null|false|0|false
232.35|(8886.41,-.25)|(1.00,-.00)|8885.4096033393|24.586499776486363|8885|0|0|(8896.41,.00)|(8984.76,.00)|(8904.44,.00)|0.13|1.00|0.00|(8906.41,.00)|(1.00,.00)|8905.4096033393|24.586499776486363|0|null|2.4323914111592866|0|null|false|0|false
232.40|(8888.38,-.24)|(1.00,-.00)|8887.379128722028|24.586499776486363|8887|0|0|(8898.38,.00)|(8986.73,.00)|(8906.41,.00)|0.13|1.00|0.00|(8908.38,.00)|(1.00,.00)|8907.379128722028|24.586499776486363|0|null|2.4340945100935456|0|null|false|0|false
232.45|(8890.35,-.23)|(1.00,-.00)|8889.34864212495|24.586499776486363|8889|0|0|(8900.35,.00)|(8988.69,.00)|(8908.38,.00)|0.13|1.00|0.00|(8910.35,.00)|(1.00,.00)|8909.34864212495|24.586499776486363|0|null|2.4368256999076916|0|null|false|0|false
232.50|(8892.32,-.22)|(1.00,.00)|8891.318136491325|24.586499776486363|8891|0|0|(8902.32,.00)|(8990.66,.00)|(8910.35,.00)|0.13|1.00|0.00|(8912.32,.00)|(1.00,.00)|8911.318136491325|24.586499776486363|0|null|2.4405713274724983|0|null|false|0|false
232.55|(8894.29,-.20)|(1.00,.00)|8893.287605109685|24.586499776486363|8893|0|0|(8904.29,.00)|(8992.63,.00)|(8912.32,.00)|0.13|1.00|0.00|(8914.29,.00)|(1.00,.00)|8913.287605109685|24.586499776486363|0|null|2.44531575280077|0|null|false|0|false
232.60|(8896.26,-.18)|(1.00,.00)|8895.257041651545|24.586499776486363|8895|0|0|(8906.26,.00)|(8994.60,.00)|(8914.29,.00)|0.13|1.00|0.00|(8916.26,.00)|(1.00,.00)|8915.257041651545|24.586499776486363|0|null|2.4510416672411823|0|null|false|0|false
232.65|(8898.23,-.15)|(1.00,.01)|8897.226440196291|24.586499776486363|8897|0|0|(8908.23,.00)|(8996.57,.00)|(8916.26,.00)|0.13|1.00|0.00|(8918.23,.00)|(1.00,.00)|8917.226440196291|24.586499776486363|0|null|2.4577304299488856|0|null|false|0|false
232.70|(8900.20,-.13)|(1.00,.01)|8899.195795243102|24.586499776486363|8899|0|0|(8910.20,.00)|(8998.54,.00)|(8918.23,.00)|0.13|1.00|0.00|(8920.20,.00)|(1.00,.00)|8919.195795243102|24.586499776486363|0|null|2.4653624168485644|0|null|false|0|false
232.75|(8902.17,-.10)|(1.00,.01)|8901.165101710103|24.586499776486363|8901|0|0|(8912.17,.00)|(9000.51,.00)|(8920.20,.00)|0.13|1.00|0.00|(8922.17,.00)|(1.00,.00)|8921.165101710103|24.586499776486363|0|null|2.473917375960492|0|null|false|0|false
232.80|(8904.13,-.06)|(1.00,.01)|8903.134354921407|24.586499776486363|8903|0|0|(8914.13,.00)|(9002.48,.00)|(8922.17,.00)|0.13|1.00|0.00|(8924.13,.00)|(1.00,.00)|8923.134354921407|24.586499776486363|0|null|2.4833747827496087|0|null|false|0|false
232.85|(8906.10,-.02)|(1.00,.01)|8905.103550582993|24.586499776486363|8905|0|0|(8916.10,.00)|(9004.45,.00)|(8924.13,.00)|0.13|1.00|0.00|(8926.10,.00)|(1.00,.00)|8925.103550582993|24.586499776486363|0|null|2.4937141890866252|0|null|false|0|false
232.90|(8908.07,.02)|(1.00,.02)|8907.072684748695|24.586499776486363|8907|0|0|(8918.07,.00)|(9006.42,.00)|(8926.10,.00)|0.13|1.00|0.00|(8928.07,.00)|(1.00,.00)|8927.072684748695|24.586499776486363|0|null|2.50491555948043|0|null|false|0|false
232.95|(8910.04,.06)|(1.00,.02)|8909.04175377781|24.586499776486363|8909|0|0|(8920.04,.00)|(9008.39,.00)|(8928.07,.00)|0.13|1.00|0.00|(8930.04,.00)|(1.00,.00)|8929.04175377781|24.586499776486363|0|null|2.5169595884511713|0|null|false|0|false
233.00|(8912.01,.11)|(1.00,.02)|8911.010754286019|24.586499776486363|8911|0|0|(8922.01,.00)|(9010.36,.00)|(8930.04,.00)|0.13|1.00|0.00|(8932.01,.00)|(1.00,.00)|8931.010754286019|24.586499776486363|0|null|2.52982799325894|0|null|false|0|false
233.05|(8913.98,.16)|(1.00,.02)|8912.979683091406|24.586499776486363|8912|0|0|(8923.98,.00)|(9012.33,.00)|(8932.01,.00)|0.13|1.00|0.00|(8933.98,.00)|(1.00,.00)|8932.979683091406|24.586499776486363|0|null|2.543503776676424|0|null|false|0|false
233.10|(8915.95,.21)|(1.00,.02)|8914.948537157466|24.586499776486363|8914|0|0|(8925.95,.00)|(9014.29,.00)|(8933.98,.00)|0.13|1.00|0.00|(8935.95,.00)|(1.00,.00)|8934.948537157466|24.586499776486363|0|null|2.557971455085153|0|null|false|0|false
233.15|(8917.92,.27)|(1.00,.02)|8916.917313534923|24.586499776486363|8916|0|0|(8927.92,.00)|(9016.26,.00)|(8935.95,.00)|0.13|1.00|0.00|(8937.92,.00)|(1.00,.00)|8936.917313534923|24.586499776486363|0|null|2.5732172478710593|0|null|false|0|false
233.20|(8919.89,.33)|(1.00,.03)|8918.886009304193|24.586499776486363|8918|0|0|(8929.89,.00)|(9018.23,.00)|(8937.92,.00)|0.13|1.00|0.00|(8939.89,.00)|(1.00,.00)|8938.886009304193|24.586499776486363|0|null|2.5892292248810778|0|null|false|0|false
233.25|(8921.85,.39)|(1.00,.03)|8920.854621520199|24.586499776486363|8920|0|0|(8931.85,.00)|(9020.20,.00)|(8939.89,.00)|0.13|1.00|0.00|(8941.85,.00)|(1.00,.00)|8940.854621520199|24.586499776486363|0|null|2.6059974095613305|0|null|false|0|false
233.30|(8923.82,.43)|(1.00,.03)|8922.823533760327|24.586499776486363|8922|0|0|(8933.82,.00)|(9022.17,.00)|(8941.85,.00)|-0.15|1.00|0.00|(8943.82,.00)|(1.00,.00)|8942.823533760327|24.586499776486363|0|null|2.618595690751416|0|null|false|0|false
233.35|(8925.79,.48)|(1.00,.02)|8924.792533628262|24.586499776486363|8924|0|0|(8935.79,.00)|(9024.14,.00)|(8943.82,.00)|-0.15|1.00|0.00|(8945.79,.00)|(1.00,.00)|8944.792533628262|24.586499776486363|0|null|2.630247422750032|0|null|false|0|false
233.40|(8927.76,.52)|(1.00,.02)|8926.761615882406|24.586499776486363|8926|0|0|(8937.76,.00)|(9026.11,.00)|(8945.79,.00)|-0.15|1.00|0.00|(8947.76,.00)|(1.00,.00)|8946.761615882406|24.586499776486363|0|null|2.640932945450603|0|null|false|0|false
233.45|(8929.73,.55)|(1.00,.02)|8928.73077468896|24.586499776486363|8928|0|0|(8939.73,.00)|(9028.08,.00)|(8947.76,.00)|-0.15|1.00|0.00|(8949.73,.00)|(1.00,.00)|8948.73077468896|24.586499776486363|0|null|2.6506361898034165|0|null|false|0|false
233.50|(8931.70,.58)|(1.00,.02)|8930.700003714319|24.586499776486363|8930|0|0|(8941.70,.00)|(9030.05,.00)|(8949.73,.00)|-0.15|1.00|0.00|(8951.70,.00)|(1.00,.00)|8950.700003714319|24.586499776486363|0|null|2.659344433639423|0|null|false|0|false
233.55|(8933.67,.60)|(1.00,.02)|8932.669204448268|24.586499776486363|8932|0|0|(8943.67,.00)|(9032.02,.00)|(8951.70,.00)|-0.36|1.00|0.00|(8953.67,.00)|(1.00,.00)|8952.669204448268|24.586499776486363|0|null|2.6635222163403984|0|null|false|0|false
233.60|(8935.64,.61)|(1.00,.01)|8934.6384720445|24.586499776486363|8934|0|0|(8945.64,.00)|(9033.98,.00)|(8953.67,.00)|-0.36|1.00|0.00|(8955.64,.00)|(1.00,.00)|8954.6384720445|24.586499776486363|0|null|2.665477644814321|0|null|false|0|false
233.65|(8937.61,.60)|(1.00,.01)|8936.607771412342|24.586499776486363|8936|0|0|(8947.61,.00)|(9035.95,.00)|(8955.64,.00)|-0.36|1.00|0.00|(8957.61,.00)|(1.00,.00)|8956.607771412342|24.586499776486363|0|null|2.6651949564498145|0|null|false|0|false
233.70|(8939.58,.60)|(1.00,.01)|8938.577096372723|24.586499776486363|8938|0|0|(8949.58,.00)|(9037.92,.00)|(8957.61,.00)|-0.34|1.00|0.00|(8959.58,.00)|(1.00,.00)|8958.577096372723|24.586499776486363|0|null|2.662981667204285|0|null|false|0|false
233.75|(8941.55,.58)|(1.00,.00)|8940.546388177147|24.586499776486363|8940|0|0|(8951.55,.00)|(9039.89,.00)|(8959.58,.00)|-0.34|1.00|0.00|(8961.55,.00)|(1.00,.00)|8960.546388177147|24.586499776486363|0|null|2.6586181268574993|0|null|false|0|false
233.80|(8943.52,.56)|(1.00,-.00)|8942.515613871257|24.586499776486363|8942|0|0|(8953.52,.00)|(9041.86,.00)|(8961.55,.00)|-0.34|1.00|0.00|(8963.52,.00)|(1.00,.00)|8962.515613871257|24.586499776486363|0|null|2.652098170936432|0|null|false|0|false
233.85|(8945.48,.52)|(1.00,-.00)|8944.484740381533|24.586499776486363|8944|0|0|(8955.48,.00)|(9043.83,.00)|(8963.52,.00)|-0.34|1.00|0.00|(8965.48,.00)|(1.00,.00)|8964.484740381533|24.586499776486363|0|null|2.643417468373862|0|null|false|0|false
233.90|(8947.45,.49)|(1.00,-.01)|8946.453734593113|24.586499776486363|8946|0|0|(8957.45,.00)|(9045.80,.00)|(8965.48,.00)|-0.34|1.00|0.00|(8967.45,.00)|(1.00,.00)|8966.453734593113|24.586499776486363|0|null|2.6325730827213185|0|null|false|0|false
233.95|(8949.42,.45)|(1.00,-.01)|8948.42283115529|24.586499776486363|8948|0|0|(8959.42,.00)|(9047.77,.00)|(8967.45,.00)|-0.22|1.00|0.00|(8969.42,.00)|(1.00,.00)|8968.42283115529|24.586499776486363|0|null|2.621662208480154|0|null|false|0|false
234.00|(8951.39,.40)|(1.00,-.01)|8950.391818383097|24.586499776486363|8950|0|0|(8961.39,.00)|(9049.74,.00)|(8969.42,.00)|-0.22|1.00|0.00|(8971.39,.00)|(1.00,.00)|8970.391818383097|24.586499776486363|0|null|2.6093052405588573|0|null|false|0|false
234.05|(8953.36,.35)|(1.00,-.02)|8952.360681956294|24.586499776486363|8952|0|0|(8963.36,.00)|(9051.71,.00)|(8971.39,.00)|-0.22|1.00|0.00|(8973.36,.00)|(1.00,.00)|8972.360681956294|24.586499776486363|0|null|2.595507528148982|0|null|false|0|false
234.10|(8955.33,.29)|(1.00,-.02)|8954.329407676301|24.586499776486363|8954|0|0|(8965.33,.00)|(9053.68,.00)|(8973.36,.00)|-0.22|1.00|0.00|(8975.33,.00)|(1.00,.00)|8974.329407676301|24.586499776486363|0|null|2.5802735347196264|0|null|false|0|false
234.15|(8957.30,.24)|(1.00,-.02)|8956.298257182187|24.586499776486363|8956|0|0|(8967.30,.00)|(9055.64,.00)|(8975.33,.00)|-0.08|1.00|0.00|(8977.30,.00)|(1.00,.00)|8976.298257182187|24.586499776486363|0|null|2.5659634923575894|0|null|false|0|false
234.20|(8959.27,.19)|(1.00,-.02)|8958.267048404397|24.586499776486363|8958|0|0|(8969.27,.00)|(9057.61,.00)|(8977.30,.00)|-0.08|1.00|0.00|(8979.27,.00)|(1.00,.00)|8978.267048404397|24.586499776486363|0|null|2.5510318634073124|0|null|false|0|false
234.25|(8961.24,.13)|(1.00,-.02)|8960.235779203347|24.586499776486363|8960|0|0|(8971.24,.00)|(9059.58,.00)|(8979.27,.00)|-0.08|1.00|0.00|(8981.24,.00)|(1.00,.00)|8980.235779203347|24.586499776486363|0|null|2.535486543847364|0|null|false|0|false
234.30|(8963.20,.08)|(1.00,-.02)|8962.2046017571|24.586499776486363|8962|0|0|(8973.20,.00)|(9061.55,.00)|(8981.24,.00)|0.02|1.00|0.00|(8983.20,.00)|(1.00,.00)|8982.2046017571|24.586499776486363|0|null|2.5210585418669598|0|null|false|0|false
234.35|(8965.17,.02)|(1.00,-.02)|8964.17342873607|24.586499776486363|8964|0|0|(8975.17,.00)|(9063.52,.00)|(8983.20,.00)|0.02|1.00|0.00|(8985.17,.00)|(1.00,.00)|8984.17342873607|24.586499776486363|0|null|2.506617850638788|0|null|false|0|false
234.40|(8967.14,-.03)|(1.00,-.03)|8966.142260323351|24.586499776486363|8966|0|0|(8977.14,.00)|(9065.49,.00)|(8985.17,.00)|0.02|1.00|0.00|(8987.14,.00)|(1.00,.00)|8986.142260323351|24.586499776486363|0|null|2.4921705597940766|0|null|false|0|false
234.45|(8969.11,-.08)|(1.00,-.03)|8968.111096446264|24.586499776486363|8968|0|0|(8979.11,.00)|(9067.46,.00)|(8987.14,.00)|0.02|1.00|0.00|(8989.11,.00)|(1.00,.00)|8988.111096446264|24.586499776486363|0|null|2.4777198392067623|0|null|false|0|false
234.50|(8971.08,-.13)|(1.00,-.03)|8970.080026917953|24.586499776486363|8970|0|0|(8981.08,.00)|(9069.43,.00)|(8989.11,.00)|0.10|1.00|0.00|(8991.08,.00)|(1.00,.00)|8990.080026917953|24.586499776486363|0|null|2.464709444536142|0|null|false|0|false
234.55|(8973.05,-.17)|(1.00,-.02)|8972.04900813649|24.586499776486363|8972|0|0|(8983.05,.00)|(9071.40,.00)|(8991.08,.00)|0.10|1.00|0.00|(8993.05,.00)|(1.00,.00)|8992.04900813649|24.586499776486363|0|null|2.4521895335412762|0|null|false|0|false
234.60|(8975.02,-.22)|(1.00,-.02)|8974.01803785633|24.586499776486363|8974|0|0|(8985.02,.00)|(9073.36,.00)|(8993.05,.00)|0.10|1.00|0.00|(8995.02,.00)|(1.00,.00)|8994.01803785633|24.586499776486363|0|null|2.4401602990018088|0|null|false|0|false
234.65|(8976.99,-.26)|(1.00,-.02)|8975.98711364951|24.586499776486363|8975|0|0|(8986.99,.00)|(9075.33,.00)|(8995.02,.00)|0.10|1.00|0.00|(8996.99,.00)|(1.00,.00)|8995.98711364951|24.586499776486363|0|null|2.428619416478361|0|null|false|0|false
234.70|(8978.96,-.30)|(1.00,-.02)|8977.956278315754|24.586499776486363|8977|0|0|(8988.96,.00)|(9077.30,.00)|(8996.99,.00)|0.21|1.00|0.00|(8998.96,.00)|(1.00,.00)|8997.956278315754|24.586499776486363|0|null|2.4193096314565987|0|null|false|0|false
234.75|(8980.93,-.33)|(1.00,-.02)|8979.92551886383|24.586499776486363|8979|0|0|(8990.93,.00)|(9079.27,.00)|(8998.96,.00)|0.21|1.00|0.00|(9000.93,.00)|(1.00,.00)|8999.92551886383|24.586499776486363|0|null|2.41107739869622|0|null|false|0|false
234.80|(8982.89,-.35)|(1.00,-.02)|8981.894826269958|24.586499776486363|8981|0|0|(8992.89,.00)|(9081.24,.00)|(9000.93,.00)|0.21|1.00|0.00|(9002.89,.00)|(1.00,.00)|9001.894826269958|24.586499776486363|0|null|2.4039205745238093|0|null|false|0|false
234.85|(8984.86,-.37)|(1.00,-.02)|8983.86418697907|24.586499776486363|8983|0|0|(8994.86,.00)|(9083.21,.00)|(9002.89,.00)|0.23|1.00|0.00|(9004.86,.00)|(1.00,.00)|9003.86418697907|24.586499776486363|0|null|2.3983189062198393|0|null|false|0|false
234.90|(8986.83,-.39)|(1.00,-.01)|8985.833599786298|24.586499776486363|8985|0|0|(8996.83,.00)|(9085.18,.00)|(9004.86,.00)|0.23|1.00|0.00|(9006.83,.00)|(1.00,.00)|9005.833599786298|24.586499776486363|0|null|2.393949898685646|0|null|false|0|false
234.95|(8988.80,-.40)|(1.00,-.01)|8987.80305322543|24.586499776486363|8987|0|0|(8998.80,.00)|(9087.15,.00)|(9006.83,.00)|0.23|1.00|0.00|(9008.80,.00)|(1.00,.00)|9007.80305322543|24.586499776486363|0|null|2.3908092929150033|0|null|false|0|false
235.00|(8990.77,-.41)|(1.00,-.01)|8989.772535984583|24.586499776486363|8989|0|0|(9000.77,.00)|(9089.12,.00)|(9008.80,.00)|0.23|1.00|0.00|(9010.77,.00)|(1.00,.00)|9009.772535984583|24.586499776486363|0|null|2.3888922844526617|0|null|false|0|false
235.05|(8992.74,-.41)|(1.00,-.01)|8991.742036930378|24.586499776486363|8991|0|0|(9002.74,.00)|(9091.09,.00)|(9010.77,.00)|0.23|1.00|0.00|(9012.74,.00)|(1.00,.00)|9011.742036930378|24.586499776486363|0|null|2.38819393125945|0|null|false|0|false
235.10|(8994.71,-.41)|(1.00,-.01)|8993.711550258535|24.586499776486363|8993|0|0|(9004.71,.00)|(9093.06,.00)|(9012.74,.00)|0.23|1.00|0.00|(9014.71,.00)|(1.00,.00)|9013.711550258535|24.586499776486363|0|null|2.3885854846761534|0|null|false|0|false
235.15|(8996.68,-.40)|(1.00,-.00)|8995.681061243311|24.586499776486363|8995|0|0|(9006.68,.00)|(9095.03,.00)|(9014.71,.00)|0.23|1.00|0.00|(9016.68,.00)|(1.00,.00)|9015.681061243311|24.586499776486363|0|null|2.3901442875782473|0|null|false|0|false
235.20|(8998.65,-.39)|(1.00,-.00)|8997.650559982212|24.586499776486363|8997|0|0|(9008.65,.00)|(9097.00,.00)|(9016.68,.00)|0.23|1.00|0.00|(9018.65,.00)|(1.00,.00)|9017.650559982212|24.586499776486363|0|null|2.3928667523673264|0|null|false|0|false
235.25|(9000.62,-.38)|(1.00,.00)|8999.620036691133|24.586499776486363|8999|0|0|(9010.62,.00)|(9098.97,.00)|(9018.65,.00)|0.23|1.00|0.00|(9020.62,.00)|(1.00,.00)|9019.620036691133|24.586499776486363|0|null|2.3967505166252616|0|null|false|0|false
235.30|(9002.59,-.36)|(1.00,.00)|9001.589481656087|24.586499776486363|9001|0|0|(9012.59,.00)|(9100.94,.00)|(9020.62,.00)|0.23|1.00|0.00|(9022.59,.00)|(1.00,.00)|9021.589481656087|24.586499776486363|0|null|2.4017946679383546|0|null|false|0|false
235.35|(9004.56,-.34)|(1.00,.00)|9003.558953586096|24.586499776486363|9003|0|0|(9014.56,.00)|(9102.90,.00)|(9022.59,.00)|0.16|1.00|0.00|(9024.56,.00)|(1.00,.00)|9023.558953586096|24.586499776486363|0|null|2.4068379520796883|0|null|false|0|false
235.40|(9006.53,-.32)|(1.00,.01)|9005.528398996194|24.586499776486363|9005|0|0|(9016.53,.00)|(9104.87,.00)|(9024.56,.00)|0.16|1.00|0.00|(9026.53,.00)|(1.00,.00)|9025.528398996194|24.586499776486363|0|null|2.412645728999811|0|null|false|0|false
235.45|(9008.50,-.30)|(1.00,.01)|9007.497813625727|24.586499776486363|9007|0|0|(9018.50,.00)|(9106.84,.00)|(9026.53,.00)|0.16|1.00|0.00|(9028.50,.00)|(1.00,.00)|9027.497813625727|24.586499776486363|0|null|2.419218617257296|0|null|false|0|false
235.50|(9010.47,-.27)|(1.00,.01)|9009.467193129209|24.586499776486363|9009|0|0|(9020.47,.00)|(9108.81,.00)|(9028.50,.00)|0.16|1.00|0.00|(9030.47,.00)|(1.00,.00)|9029.467193129209|24.586499776486363|0|null|2.4265594953090357|0|null|false|0|false
235.55|(9012.44,-.24)|(1.00,.01)|9011.436533024487|24.586499776486363|9011|0|0|(9022.44,.00)|(9110.78,.00)|(9030.47,.00)|0.16|1.00|0.00|(9032.44,.00)|(1.00,.00)|9031.436533024487|24.586499776486363|0|null|2.434673449481123|0|null|false|0|false
235.60|(9014.41,-.21)|(1.00,.01)|9013.405828645366|24.586499776486363|9013|0|0|(9024.41,.00)|(9112.75,.00)|(9032.44,.00)|0.16|1.00|0.00|(9034.41,.00)|(1.00,.00)|9033.405828645366|24.586499776486363|0|null|2.443567675549156|0|null|false|0|false
235.65|(9016.38,-.17)|(1.00,.01)|9015.37507509979|24.586499776486363|9015|0|0|(9026.38,.00)|(9114.72,.00)|(9034.41,.00)|0.16|1.00|0.00|(9036.38,.00)|(1.00,.00)|9035.37507509979|24.586499776486363|0|null|2.453251336854102|0|null|false|0|false
235.70|(9018.34,-.13)|(1.00,.01)|9017.344267234608|24.586499776486363|9017|0|0|(9028.34,.00)|(9116.69,.00)|(9036.38,.00)|0.16|1.00|0.00|(9038.34,.00)|(1.00,.00)|9037.344267234608|24.586499776486363|0|null|2.463735382722556|0|null|false|0|false
235.75|(9020.31,-.09)|(1.00,.02)|9019.313399607805|24.586499776486363|9019|0|0|(9030.31,.00)|(9118.66,.00)|(9038.34,.00)|0.16|1.00|0.00|(9040.31,.00)|(1.00,.00)|9039.313399607805|24.586499776486363|0|null|2.475032331728214|0|null|false|0|false
235.80|(9022.28,-.05)|(1.00,.02)|9021.282466468925|24.586499776486363|9021|0|0|(9032.28,.00)|(9120.63,.00)|(9040.31,.00)|0.16|1.00|0.00|(9042.28,.00)|(1.00,.00)|9041.282466468925|24.586499776486363|0|null|2.4871560250076667|0|null|false|0|false
235.85|(9024.25,.00)|(1.00,.02)|9023.251461748274|24.586499776486363|9023|0|0|(9034.25,.00)|(9122.60,.00)|(9042.28,.00)|0.16|1.00|0.00|(9044.25,.00)|(1.00,.00)|9043.251461748274|24.586499776486363|0|null|2.5001213554131794|0|null|false|0|false
235.90|(9026.22,.05)|(1.00,.02)|9025.22037905526|24.586499776486363|9025|0|0|(9036.22,.00)|(9124.57,.00)|(9044.25,.00)|0.16|1.00|0.00|(9046.22,.00)|(1.00,.00)|9045.22037905526|24.586499776486363|0|null|2.5139439787352025|0|null|false|0|false
235.95|(9028.19,.10)|(1.00,.02)|9027.189211686056|24.586499776486363|9027|0|0|(9038.19,.00)|(9126.54,.00)|(9046.22,.00)|0.16|1.00|0.00|(9048.19,.00)|(1.00,.00)|9047.189211686056|24.586499776486363|0|null|2.5286400135478324|0|null|false|0|false
236.00|(9030.16,.16)|(1.00,.02)|9029.157952640518|24.586499776486363|9029|0|0|(9040.16,.00)|(9128.50,.00)|(9048.19,.00)|0.16|1.00|0.00|(9050.16,.00)|(1.00,.00)|9049.157952640518|24.586499776486363|0|null|2.5442257364138623|0|null|false|0|false
236.05|(9032.13,.22)|(1.00,.03)|9031.126594648053|24.586499776486363|9031|0|0|(9042.13,.00)|(9130.47,.00)|(9050.16,.00)|0.16|1.00|0.00|(9052.13,.00)|(1.00,.00)|9051.126594648053|24.586499776486363|0|null|2.560717279228157|0|null|false|0|false
236.10|(9034.10,.29)|(1.00,.03)|9033.09513020184|24.586499776486363|9033|0|0|(9044.10,.00)|(9132.44,.00)|(9052.13,.00)|0.16|1.00|0.00|(9054.10,.00)|(1.00,.00)|9053.09513020184|24.586499776486363|0|null|2.578130335377452|0|null|false|0|false
236.15|(9036.06,.35)|(1.00,.03)|9035.063551600597|24.586499776486363|9035|0|0|(9046.06,.00)|(9134.41,.00)|(9054.10,.00)|0.16|1.00|0.00|(9056.06,.00)|(1.00,.00)|9055.063551600597|24.586499776486363|0|null|2.596479881153206|0|null|false|0|false
236.20|(9038.03,.42)|(1.00,.03)|9037.031850996736|24.586499776486363|9037|0|0|(9048.03,.00)|(9136.38,.00)|(9056.06,.00)|0.16|1.00|0.00|(9058.03,.00)|(1.00,.00)|9057.031850996736|24.586499776486363|0|null|2.6157799184767274|0|null|false|0|false
236.25|(9040.00,.50)|(1.00,.03)|9039.00002044959|24.586499776486363|9039|0|0|(9050.00,.00)|(9138.35,.00)|(9058.03,.00)|0.16|1.00|0.00|(9060.00,.00)|(1.00,.00)|9059.00002044959|24.586499776486363|0|null|2.6360432444903563|0|null|false|0|false
236.30|(9041.97,.55)|(1.00,.03)|9040.968663905445|24.586499776486363|9040|0|0|(9051.97,.00)|(9140.31,.00)|(9060.00,.00)|-0.21|1.00|0.00|(9061.97,.00)|(1.00,.00)|9060.968663905445|24.586499776486363|0|null|2.6509051802729617|0|null|false|0|false
236.35|(9043.94,.60)|(1.00,.03)|9042.937441108106|24.586499776486363|9042|0|0|(9053.94,.00)|(9142.28,.00)|(9061.97,.00)|-0.21|1.00|0.00|(9063.94,.00)|(1.00,.00)|9062.937441108106|24.586499776486363|0|null|2.664562316930051|0|null|false|0|false
236.40|(9045.91,.65)|(1.00,.03)|9044.906341433605|24.586499776486363|9044|0|0|(9055.91,.00)|(9144.25,.00)|(9063.94,.00)|-0.21|1.00|0.00|(9065.91,.00)|(1.00,.00)|9064.906341433605|24.586499776486363|0|null|2.677002431349788|0|null|false|0|false
236.45|(9047.88,.68)|(1.00,.02)|9046.875319985418|24.586499776486363|9046|0|0|(9057.88,.00)|(9146.22,.00)|(9065.91,.00)|-0.39|1.00|0.00|(9067.88,.00)|(1.00,.00)|9066.875319985418|24.586499776486363|0|null|2.6850687646255897|0|null|false|0|false
236.50|(9049.84,.70)|(1.00,.02)|9048.84443421844|24.586499776486363|9048|0|0|(9059.84,.00)|(9148.19,.00)|(9067.88,.00)|-0.39|1.00|0.00|(9069.84,.00)|(1.00,.00)|9068.84443421844|24.586499776486363|0|null|2.690814787386117|0|null|false|0|false
236.55|(9051.81,.71)|(1.00,.02)|9050.813645217782|24.586499776486363|9050|0|0|(9061.81,.00)|(9150.16,.00)|(9069.84,.00)|-0.39|1.00|0.00|(9071.81,.00)|(1.00,.00)|9070.813645217782|24.586499776486363|0|null|2.6942188537309106|0|null|false|0|false
236.60|(9053.78,.71)|(1.00,.01)|9052.78291326341|24.586499776486363|9052|0|0|(9063.78,.00)|(9152.13,.00)|(9071.81,.00)|-0.39|1.00|0.00|(9073.78,.00)|(1.00,.00)|9072.78291326341|24.586499776486363|0|null|2.6952604110933933|0|null|false|0|false
236.65|(9055.75,.71)|(1.00,.01)|9054.75219641732|24.586499776486363|9054|0|0|(9065.75,.00)|(9154.10,.00)|(9073.78,.00)|-0.39|1.00|0.00|(9075.75,.00)|(1.00,.00)|9074.75219641732|24.586499776486363|0|null|2.6939037169896487|0|null|false|0|false
236.70|(9057.72,.70)|(1.00,.01)|9056.721454632323|24.586499776486363|9056|0|0|(9067.72,.00)|(9156.07,.00)|(9075.75,.00)|-0.39|1.00|0.00|(9077.72,.00)|(1.00,.00)|9076.721454632323|24.586499776486363|0|null|2.690140681557112|0|null|false|0|false
236.75|(9059.69,.67)|(1.00,.00)|9058.69064587333|24.586499776486363|9058|0|0|(9069.69,.00)|(9158.04,.00)|(9077.72,.00)|-0.39|1.00|0.00|(9079.69,.00)|(1.00,.00)|9078.69064587333|24.586499776486363|0|null|2.6839534161356813|0|null|false|0|false
236.80|(9061.66,.64)|(1.00,-.00)|9060.659727475495|24.586499776486363|9060|0|0|(9071.66,.00)|(9160.01,.00)|(9079.69,.00)|-0.39|1.00|0.00|(9081.66,.00)|(1.00,.00)|9080.659727475495|24.586499776486363|0|null|2.675324911736677|0|null|false|0|false
236.85|(9063.63,.60)|(1.00,-.01)|9062.628656187042|24.586499776486363|9062|0|0|(9073.63,.00)|(9161.97,.00)|(9081.66,.00)|-0.39|1.00|0.00|(9083.63,.00)|(1.00,.00)|9082.628656187042|24.586499776486363|0|null|2.6642390917265675|0|null|false|0|false
236.90|(9065.60,.56)|(1.00,-.01)|9064.597626621466|24.586499776486363|9064|0|0|(9075.60,.00)|(9163.94,.00)|(9083.63,.00)|-0.30|1.00|0.00|(9085.60,.00)|(1.00,.00)|9084.597626621466|24.586499776486363|0|null|2.6523540130015095|0|null|false|0|false
236.95|(9067.57,.51)|(1.00,-.01)|9066.566436141016|24.586499776486363|9066|0|0|(9077.57,.00)|(9165.91,.00)|(9085.60,.00)|-0.30|1.00|0.00|(9087.57,.00)|(1.00,.00)|9086.566436141016|24.586499776486363|0|null|2.6385572355103526|0|null|false|0|false
237.00|(9069.54,.45)|(1.00,-.02)|9068.535058376761|24.586499776486363|9068|0|0|(9079.54,.00)|(9167.88,.00)|(9087.57,.00)|-0.30|1.00|0.00|(9089.54,.00)|(1.00,.00)|9088.535058376761|24.586499776486363|0|null|2.622841273469456|0|null|false|0|false
237.05|(9071.50,.39)|(1.00,-.02)|9070.503813701835|24.586499776486363|9070|0|0|(9081.50,.00)|(9169.85,.00)|(9089.54,.00)|-0.15|1.00|0.00|(9091.50,.00)|(1.00,.00)|9090.503813701835|24.586499776486363|0|null|2.6077577544813932|0|null|false|0|false
237.10|(9073.47,.34)|(1.00,-.02)|9072.47246131756|24.586499776486363|9072|0|0|(9083.47,.00)|(9171.82,.00)|(9091.50,.00)|-0.15|1.00|0.00|(9093.47,.00)|(1.00,.00)|9092.47246131756|24.586499776486363|0|null|2.591621224537189|0|null|false|0|false
237.15|(9075.44,.27)|(1.00,-.02)|9074.440993648272|24.586499776486363|9074|0|0|(9085.44,.00)|(9173.79,.00)|(9093.47,.00)|-0.15|1.00|0.00|(9095.44,.00)|(1.00,.00)|9094.440993648272|24.586499776486363|0|null|2.574435197594611|0|null|false|0|false
237.20|(9077.41,.21)|(1.00,-.03)|9076.409624469268|24.586499776486363|9076|0|0|(9087.41,.00)|(9175.76,.00)|(9095.44,.00)|-0.03|1.00|0.00|(9097.41,.00)|(1.00,.00)|9096.409624469268|24.586499776486363|0|null|2.558182541277657|0|null|false|0|false
237.25|(9079.38,.15)|(1.00,-.03)|9078.378220906787|24.586499776486363|9078|0|0|(9089.38,.00)|(9177.72,.00)|(9097.41,.00)|-0.03|1.00|0.00|(9099.38,.00)|(1.00,.00)|9098.378220906787|24.586499776486363|0|null|2.5415686367924115|0|null|false|0|false
237.30|(9081.35,.09)|(1.00,-.03)|9080.34678282408|24.586499776486363|9080|0|0|(9091.35,.00)|(9179.69,.00)|(9099.38,.00)|-0.03|1.00|0.00|(9101.35,.00)|(1.00,.00)|9100.34678282408|24.586499776486363|0|null|2.5246054547335337|0|null|false|0|false
237.35|(9083.32,.03)|(1.00,-.03)|9082.315310277798|24.586499776486363|9082|0|0|(9093.32,.00)|(9181.66,.00)|(9101.35,.00)|-0.03|1.00|0.00|(9103.32,.00)|(1.00,.00)|9102.315310277798|24.586499776486363|0|null|2.507305438083326|0|null|false|0|false
237.40|(9085.28,-.04)|(1.00,-.03)|9084.283803538847|24.586499776486363|9084|0|0|(9095.28,.00)|(9183.63,.00)|(9103.32,.00)|-0.03|1.00|0.00|(9105.28,.00)|(1.00,.00)|9104.283803538847|24.586499776486363|0|null|2.4896817095630737|0|null|false|0|false
237.45|(9087.25,-.09)|(1.00,-.03)|9086.252459510652|24.586499776486363|9086|0|0|(9097.25,.00)|(9185.60,.00)|(9105.28,.00)|0.10|1.00|0.00|(9107.25,.00)|(1.00,.00)|9106.252459510652|24.586499776486363|0|null|2.4740951713620323|0|null|false|0|false
237.50|(9089.22,-.15)|(1.00,-.03)|9088.221178158246|24.586499776486363|9088|0|0|(9099.22,.00)|(9187.57,.00)|(9107.25,.00)|0.10|1.00|0.00|(9109.22,.00)|(1.00,.00)|9108.221178158246|24.586499776486363|0|null|2.459019681959845|0|null|false|0|false
237.55|(9091.19,-.20)|(1.00,-.03)|9090.189958944731|24.586499776486363|9090|0|0|(9101.19,.00)|(9189.54,.00)|(9109.22,.00)|0.10|1.00|0.00|(9111.19,.00)|(1.00,.00)|9110.189958944731|24.586499776486363|0|null|2.444478752284211|0|null|false|0|false
237.60|(9093.16,-.25)|(1.00,-.03)|9092.158868985203|24.586499776486363|9092|0|0|(9103.16,.00)|(9191.50,.00)|(9111.19,.00)|0.21|1.00|0.00|(9113.16,.00)|(1.00,.00)|9112.158868985203|24.586499776486363|0|null|2.432296629232386|0|null|false|0|false
237.65|(9095.13,-.29)|(1.00,-.03)|9094.127885888867|24.586499776486363|9094|0|0|(9105.13,.00)|(9193.47,.00)|(9113.16,.00)|0.21|1.00|0.00|(9115.13,.00)|(1.00,.00)|9114.127885888867|24.586499776486363|0|null|2.4213152499053967|0|null|false|0|false
237.70|(9097.10,-.32)|(1.00,-.02)|9096.097000418184|24.586499776486363|9096|0|0|(9107.10,.00)|(9195.44,.00)|(9115.13,.00)|0.21|1.00|0.00|(9117.10,.00)|(1.00,.00)|9116.097000418184|24.586499776486363|0|null|2.4115649129182315|0|null|false|0|false
237.75|(9099.07,-.35)|(1.00,-.02)|9098.06619820647|24.586499776486363|9098|0|0|(9109.07,.00)|(9197.41,.00)|(9117.10,.00)|0.25|1.00|0.00|(9119.07,.00)|(1.00,.00)|9118.06619820647|24.586499776486363|0|null|2.4038423833547533|0|null|false|0|false
237.80|(9101.04,-.37)|(1.00,-.02)|9100.035480292649|24.586499776486363|9100|0|0|(9111.04,.00)|(9199.38,.00)|(9119.07,.00)|0.25|1.00|0.00|(9121.04,.00)|(1.00,.00)|9120.035480292649|24.586499776486363|0|null|2.3976738355743166|0|null|false|0|false
237.85|(9103.00,-.39)|(1.00,-.02)|9102.004829947453|24.586499776486363|9102|0|0|(9113.00,.00)|(9201.35,.00)|(9121.04,.00)|0.25|1.00|0.00|(9123.00,.00)|(1.00,.00)|9122.004829947453|24.586499776486363|0|null|2.393090939065643|0|null|false|0|false
237.90|(9104.97,-.40)|(1.00,-.01)|9103.974227828929|24.586499776486363|9103|0|0|(9114.97,.00)|(9203.32,.00)|(9123.00,.00)|0.25|1.00|0.00|(9124.97,.00)|(1.00,.00)|9123.974227828929|24.586499776486363|0|null|2.3901681098653933|0|null|false|0|false
237.95|(9106.94,-.41)|(1.00,-.01)|9105.943656909507|24.586499776486363|9105|0|0|(9116.94,.00)|(9205.29,.00)|(9124.97,.00)|0.25|1.00|0.00|(9126.94,.00)|(1.00,.00)|9125.943656909507|24.586499776486363|0|null|2.388906661700036|0|null|false|0|false
238.00|(9108.91,-.41)|(1.00,-.01)|9107.913097446117|24.586499776486363|9107|0|0|(9118.91,.00)|(9207.26,.00)|(9126.94,.00)|0.25|1.00|0.00|(9128.91,.00)|(1.00,.00)|9127.913097446117|24.586499776486363|0|null|2.3893355511956806|0|null|false|0|false
238.05|(9110.88,-.40)|(1.00,-.01)|9109.882528838256|24.586499776486363|9109|0|0|(9120.88,.00)|(9209.23,.00)|(9128.91,.00)|0.25|1.00|0.00|(9130.88,.00)|(1.00,.00)|9129.882528838256|24.586499776486363|0|null|2.391482448705553|0|null|false|0|false
238.10|(9112.85,-.38)|(1.00,-.00)|9111.851929666731|24.586499776486363|9111|0|0|(9122.85,.00)|(9211.20,.00)|(9130.88,.00)|0.25|1.00|0.00|(9132.85,.00)|(1.00,.00)|9131.851929666731|24.586499776486363|0|null|2.3953735509731855|0|null|false|0|false
238.15|(9114.82,-.37)|(1.00,-.00)|9113.821351536812|24.586499776486363|9113|0|0|(9124.82,.00)|(9213.17,.00)|(9132.85,.00)|0.20|1.00|0.00|(9134.82,.00)|(1.00,.00)|9133.821351536812|24.586499776486363|0|null|2.400108477145782|0|null|false|0|false
238.20|(9116.79,-.34)|(1.00,.00)|9115.79072151166|24.586499776486363|9115|0|0|(9126.79,.00)|(9215.14,.00)|(9134.82,.00)|0.20|1.00|0.00|(9136.79,.00)|(1.00,.00)|9135.79072151166|24.586499776486363|0|null|2.4063171476202507|0|null|false|0|false
238.25|(9118.76,-.31)|(1.00,.01)|9117.760023603136|24.586499776486363|9117|0|0|(9128.76,.00)|(9217.11,.00)|(9136.79,.00)|0.20|1.00|0.00|(9138.76,.00)|(1.00,.00)|9137.760023603136|24.586499776486363|0|null|2.4140172621434446|0|null|false|0|false
238.30|(9120.73,-.28)|(1.00,.01)|9119.729241461924|24.586499776486363|9119|0|0|(9130.73,.00)|(9219.08,.00)|(9138.76,.00)|0.20|1.00|0.00|(9140.73,.00)|(1.00,.00)|9139.729241461924|24.586499776486363|0|null|2.4232246196307416|0|null|false|0|false
238.35|(9122.70,-.24)|(1.00,.01)|9121.69835845411|24.586499776486363|9121|0|0|(9132.70,.00)|(9221.04,.00)|(9140.73,.00)|0.20|1.00|0.00|(9142.70,.00)|(1.00,.00)|9141.69835845411|24.586499776486363|0|null|2.4339529379877995|0|null|false|0|false
238.40|(9124.67,-.20)|(1.00,.01)|9123.667357747541|24.586499776486363|9123|0|0|(9134.67,.00)|(9223.01,.00)|(9142.70,.00)|0.20|1.00|0.00|(9144.67,.00)|(1.00,.00)|9143.667357747541|24.586499776486363|0|null|2.446213698902019|0|null|false|0|false
238.45|(9126.64,-.15)|(1.00,.02)|9125.63622240587|24.586499776486363|9125|0|0|(9136.64,.00)|(9224.98,.00)|(9144.67,.00)|0.20|1.00|0.00|(9146.64,.00)|(1.00,.00)|9145.63622240587|24.586499776486363|0|null|2.460016022467359|0|null|false|0|false
238.50|(9128.60,-.09)|(1.00,.02)|9127.604935487785|24.586499776486363|9127|0|0|(9138.60,.00)|(9226.95,.00)|(9146.64,.00)|0.20|1.00|0.00|(9148.60,.00)|(1.00,.00)|9147.604935487785|24.586499776486363|0|null|2.4753665757430268|0|null|false|0|false
238.55|(9130.57,-.03)|(1.00,.02)|9129.573480148623|24.586499776486363|9129|0|0|(9140.57,.00)|(9228.92,.00)|(9148.60,.00)|0.20|1.00|0.00|(9150.57,.00)|(1.00,.00)|9149.573480148623|24.586499776486363|0|null|2.492269518498492|0|null|false|0|false
238.60|(9132.54,.04)|(1.00,.03)|9131.541839741392|24.586499776486363|9131|0|0|(9142.54,.00)|(9230.89,.00)|(9150.57,.00)|0.20|1.00|0.00|(9152.54,.00)|(1.00,.00)|9151.541839741392|24.586499776486363|0|null|2.5107264884832334|0|null|false|0|false
238.65|(9134.51,.11)|(1.00,.03)|9133.5099979141|24.586499776486363|9133|0|0|(9144.51,.00)|(9232.86,.00)|(9152.54,.00)|0.20|1.00|0.00|(9154.51,.00)|(1.00,.00)|9153.5099979141|24.586499776486363|0|null|2.5307366275999033|0|null|false|0|false
238.70|(9136.48,.19)|(1.00,.03)|9135.477938700376|24.586499776486363|9135|0|0|(9146.48,.00)|(9234.82,.00)|(9154.51,.00)|0.20|1.00|0.00|(9156.48,.00)|(1.00,.00)|9155.477938700376|24.586499776486363|0|null|2.5522966493754904|0|null|false|0|false
238.75|(9138.45,.28)|(1.00,.03)|9137.445646600478|24.586499776486363|9137|0|0|(9148.45,.00)|(9236.79,.00)|(9156.48,.00)|0.20|1.00|0.00|(9158.45,.00)|(1.00,.00)|9157.445646600478|24.586499776486363|0|null|2.5754009471383155|0|null|false|0|false
238.80|(9140.41,.37)|(1.00,.04)|9139.413106650045|24.586499776486363|9139|0|0|(9150.41,.00)|(9238.76,.00)|(9158.45,.00)|0.20|1.00|0.00|(9160.41,.00)|(1.00,.00)|9159.413106650045|24.586499776486363|0|null|2.6000417413410064|0|null|false|0|false
238.85|(9142.38,.46)|(1.00,.04)|9141.380304474358|24.586499776486363|9141|0|0|(9152.38,.00)|(9240.73,.00)|(9160.41,.00)|0.20|1.00|0.00|(9162.38,.00)|(1.00,.00)|9161.380304474358|24.586499776486363|0|null|2.6262092635422203|0|null|false|0|false
238.90|(9144.35,.56)|(1.00,.04)|9143.347226326243|24.586499776486363|9143|0|0|(9154.35,.00)|(9242.69,.00)|(9162.38,.00)|0.20|1.00|0.00|(9164.35,.00)|(1.00,.00)|9163.347226326243|24.586499776486363|0|null|2.653891973693044|0|null|false|0|false
238.95|(9146.31,.67)|(1.00,.05)|9145.313859106334|24.586499776486363|9145|0|0|(9156.31,.00)|(9244.66,.00)|(9164.35,.00)|0.20|1.00|0.00|(9166.31,.00)|(1.00,.00)|9165.313859106334|24.586499776486363|0|null|2.683076806586487|0|null|false|0|false
239.00|(9148.28,.78)|(1.00,.05)|9147.28019036494|24.586499776486363|9147|0|0|(9158.28,.00)|(9246.63,.00)|(9166.31,.00)|0.20|1.00|0.00|(9168.28,.00)|(1.00,.00)|9167.28019036494|24.586499776486363|0|null|2.7137494426373707|0|null|false|0|false
239.05|(9150.25,.90)|(1.00,.05)|9149.246208285316|24.586499776486363|9149|0|0|(9160.25,.00)|(9248.59,.00)|(9168.28,.00)|0.20|1.00|0.00|(9170.25,.00)|(1.00,.00)|9169.246208285316|24.586499776486363|0|null|2.745894597579862|0|null|false|0|false
239.10|(9152.21,1.02)|(1.00,.05)|9151.21190164881|24.586499776486363|9151|0|0|(9162.21,.00)|(9250.56,.00)|(9170.25,.00)|0.20|1.00|0.00|(9172.21,.00)|(1.00,.00)|9171.21190164881|24.586499776486363|0|null|2.7794963252133567|0|null|false|0|false
239.15|(9154.18,1.15)|(1.00,.06)|9153.17725978283|24.586499776486363|9153|0|0|(9164.18,.00)|(9252.52,.00)|(9172.21,.00)|0.20|1.00|0.00|(9174.18,.00)|(1.00,.00)|9173.17725978283|24.586499776486363|0|null|2.8145383270037794|0|null|false|0|false
239.20|(9156.14,1.28)|(1.00,.06)|9155.142272493182|24.586499776486363|9155|0|0|(9166.14,.00)|(9254.49,.00)|(9174.18,.00)|0.20|1.00|0.00|(9176.14,.00)|(1.00,.00)|9175.142272493182|24.586499776486363|0|null|2.8510042621633267|0|null|false|0|false
239.25|(9158.11,1.42)|(1.00,.06)|9157.106929982776|24.586499776486363|9157|0|0|(9168.11,.00)|(9256.45,.00)|(9176.14,.00)|0.20|1.00|0.00|(9178.11,.00)|(1.00,.00)|9177.106929982776|24.586499776486363|0|null|2.8888780517907477|0|null|false|0|false
239.30|(9160.07,1.52)|(1.00,.06)|9159.073293732697|24.586499776486363|9159|0|0|(9170.07,.00)|(9258.42,.00)|(9178.11,.00)|-0.58|1.00|0.00|(9180.07,.00)|(1.00,.00)|9179.073293732697|24.586499776486363|0|null|2.9147478503185558|0|null|false|0|false
239.35|(9162.04,1.60)|(1.00,.05)|9161.040249969965|24.586499776486363|9161|0|0|(9172.04,.00)|(9260.39,.00)|(9180.07,.00)|-0.58|1.00|0.00|(9182.04,.00)|(1.00,.00)|9181.040249969965|24.586499776486363|0|null|2.937398477909218|0|null|false|0|false
239.40|(9164.01,1.67)|(1.00,.05)|9163.007730529618|24.586499776486363|9163|0|0|(9174.01,.00)|(9262.35,.00)|(9182.04,.00)|-0.58|1.00|0.00|(9184.01,.00)|(1.00,.00)|9183.007730529618|24.586499776486363|0|null|2.9567727029836295|0|null|false|0|false
239.45|(9165.98,1.71)|(1.00,.04)|9164.97513665231|24.586499776486363|9164|0|0|(9175.98,.00)|(9264.32,.00)|(9184.01,.00)|-0.94|1.00|0.00|(9185.98,.00)|(1.00,.00)|9184.97513665231|24.586499776486363|0|null|2.9665655583913138|0|null|false|0|false
239.50|(9167.94,1.72)|(1.00,.03)|9166.942910513024|24.586499776486363|9166|0|0|(9177.94,.00)|(9266.29,.00)|(9185.98,.00)|-0.94|1.00|0.00|(9187.94,.00)|(1.00,.00)|9186.942910513024|24.586499776486363|0|null|2.9708393972937746|0|null|false|0|false
239.55|(9169.91,1.72)|(1.00,.02)|9168.910836082143|24.586499776486363|9168|0|0|(9179.91,.00)|(9268.26,.00)|(9187.94,.00)|-0.94|1.00|0.00|(9189.91,.00)|(1.00,.00)|9188.910836082143|24.586499776486363|0|null|2.9695341978465524|0|null|false|0|false
239.60|(9171.88,1.69)|(1.00,.02)|9170.87869158008|24.586499776486363|9170|0|0|(9181.88,.00)|(9270.22,.00)|(9189.91,.00)|-0.94|1.00|0.00|(9191.88,.00)|(1.00,.00)|9190.87869158008|24.586499776486363|0|null|2.9625981177294802|0|null|false|0|false
239.65|(9173.85,1.65)|(1.00,.01)|9172.846684806702|24.586499776486363|9172|0|0|(9183.85,.00)|(9272.19,.00)|(9191.88,.00)|-0.84|1.00|0.00|(9193.85,.00)|(1.00,.00)|9192.846684806702|24.586499776486363|0|null|2.9517066658075395|0|null|false|0|false
239.70|(9175.81,1.59)|(1.00,-.00)|9174.814269768076|24.586499776486363|9174|0|0|(9185.81,.00)|(9274.16,.00)|(9193.85,.00)|-0.84|1.00|0.00|(9195.81,.00)|(1.00,.00)|9194.814269768076|24.586499776486363|0|null|2.935694149904836|0|null|false|0|false
239.75|(9177.78,1.52)|(1.00,-.01)|9176.78125941835|24.586499776486363|9176|0|0|(9187.78,.00)|(9276.13,.00)|(9195.81,.00)|-0.84|1.00|0.00|(9197.78,.00)|(1.00,.00)|9196.78125941835|24.586499776486363|0|null|2.9145359271999842|0|null|false|0|false
239.80|(9179.75,1.43)|(1.00,-.02)|9178.748378267348|24.586499776486363|9178|0|0|(9189.75,.00)|(9278.09,.00)|(9197.78,.00)|-0.66|1.00|0.00|(9199.75,.00)|(1.00,.00)|9198.748378267348|24.586499776486363|0|null|2.8913283753522383|0|null|false|0|false
239.85|(9181.71,1.33)|(1.00,-.03)|9180.714821855076|24.586499776486363|9180|0|0|(9191.71,.00)|(9280.06,.00)|(9199.75,.00)|-0.66|1.00|0.00|(9201.71,.00)|(1.00,.00)|9200.714821855076|24.586499776486363|0|null|2.8640123496871785|0|null|false|0|false
239.90|(9183.68,1.22)|(1.00,-.03)|9182.680472232172|24.586499776486363|9182|0|0|(9193.68,.00)|(9282.03,.00)|(9201.71,.00)|-0.66|1.00|0.00|(9203.68,.00)|(1.00,.00)|9202.680472232172|24.586499776486363|0|null|2.832587828009279|0|null|false|0|false
239.95|(9185.65,1.10)|(1.00,-.04)|9184.646391816928|24.586499776486363|9184|0|0|(9195.65,.00)|(9283.99,.00)|(9203.68,.00)|-0.43|1.00|0.00|(9205.65,.00)|(1.00,.00)|9204.646391816928|24.586499776486363|0|null|2.801059726555734|0|null|false|0|false
240.00|(9187.61,.98)|(1.00,-.05)|9186.611718205739|24.586499776486363|9186|0|0|(9197.61,.00)|(9285.96,.00)|(9205.65,.00)|-0.43|1.00|0.00|(9207.61,.00)|(1.00,.00)|9206.611718205739|24.586499776486363|0|null|2.7668054646275095|0|null|false|0|false
240.05|(9189.58,.84)|(1.00,-.05)|9188.576403669325|24.586499776486363|9188|0|0|(9199.58,.00)|(9287.92,.00)|(9207.61,.00)|-0.43|1.00|0.00|(9209.58,.00)|(1.00,.00)|9208.576403669325|24.586499776486363|0|null|2.7298443278225055|0|null|false|0|false
240.10|(9191.54,.70)|(1.00,-.06)|9190.540401785089|24.586499776486363|9190|0|0|(9201.54,.00)|(9289.89,.00)|(9209.58,.00)|-0.43|1.00|0.00|(9211.54,.00)|(1.00,.00)|9210.540401785089|24.586499776486363|0|null|2.690195860662|0|null|false|0|false
240.15|(9193.50,.54)|(1.00,-.06)|9192.503667318997|24.586499776486363|9192|0|0|(9203.50,.00)|(9291.85,.00)|(9211.54,.00)|-0.43|1.00|0.00|(9213.50,.00)|(1.00,.00)|9212.503667318997|24.586499776486363|0|null|2.647879543117806|0|null|false|0|false
240.20|(9195.47,.40)|(1.00,-.06)|9194.4677181107|24.586499776486363|9194|0|0|(9205.47,.00)|(9293.81,.00)|(9213.50,.00)|-0.10|1.00|0.00|(9215.47,.00)|(1.00,.00)|9214.4677181107|24.586499776486363|0|null|2.6084463356104677|0|null|false|0|false
240.25|(9197.43,.25)|(1.00,-.07)|9196.431595200189|24.586499776486363|9196|0|0|(9207.43,.00)|(9295.78,.00)|(9215.47,.00)|-0.10|1.00|0.00|(9217.43,.00)|(1.00,.00)|9216.431595200189|24.586499776486363|0|null|2.568280191741973|0|null|false|0|false
240.30|(9199.40,.10)|(1.00,-.07)|9198.395302023466|24.586499776486363|9198|0|0|(9209.40,.00)|(9297.74,.00)|(9217.43,.00)|-0.10|1.00|0.00|(9219.40,.00)|(1.00,.00)|9218.395302023466|24.586499776486363|0|null|2.527415119397013|0|null|false|0|false
240.35|(9201.36,-.03)|(1.00,-.07)|9200.359933412657|24.586499776486363|9200|0|0|(9211.36,.00)|(9299.71,.00)|(9219.40,.00)|0.23|1.00|0.00|(9221.36,.00)|(1.00,.00)|9220.359933412657|24.586499776486363|0|null|2.4915872467244524|0|null|false|0|false
240.40|(9203.32,-.16)|(1.00,-.07)|9202.324932984786|24.586499776486363|9202|0|0|(9213.32,.00)|(9301.67,.00)|(9221.36,.00)|0.23|1.00|0.00|(9223.32,.00)|(1.00,.00)|9222.324932984786|24.586499776486363|0|null|2.457075102609137|0|null|false|0|false
240.45|(9205.29,-.28)|(1.00,-.07)|9204.290293919677|24.586499776486363|9204|0|0|(9215.29,.00)|(9303.64,.00)|(9223.32,.00)|0.23|1.00|0.00|(9225.29,.00)|(1.00,.00)|9224.290293919677|24.586499776486363|0|null|2.423921110868925|0|null|false|0|false
240.50|(9207.26,-.38)|(1.00,-.06)|9206.25628824082|24.586499776486363|9206|0|0|(9217.26,.00)|(9305.60,.00)|(9225.29,.00)|0.41|1.00|0.00|(9227.26,.00)|(1.00,.00)|9226.25628824082|24.586499776486363|0|null|2.3953143946563173|0|null|false|0|false
240.55|(9209.22,-.48)|(1.00,-.06)|9208.222814970817|24.586499776486363|9208|0|0|(9219.22,.00)|(9307.57,.00)|(9227.26,.00)|0.41|1.00|0.00|(9229.22,.00)|(1.00,.00)|9228.222814970817|24.586499776486363|0|null|2.369215450986336|0|null|false|0|false
240.60|(9211.19,-.56)|(1.00,-.06)|9210.189831587715|24.586499776486363|9210|0|0|(9221.19,.00)|(9309.54,.00)|(9229.22,.00)|0.41|1.00|0.00|(9231.19,.00)|(1.00,.00)|9230.189831587715|24.586499776486363|0|null|2.3456610034546532|0|null|false|0|false
240.65|(9213.16,-.64)|(1.00,-.05)|9212.157303611179|24.586499776486363|9212|0|0|(9223.16,.00)|(9311.50,.00)|(9231.19,.00)|0.50|1.00|0.00|(9233.16,.00)|(1.00,.00)|9232.157303611179|24.586499776486363|0|null|2.3263119640148617|0|null|false|0|false
240.70|(9215.13,-.69)|(1.00,-.05)|9214.125221126627|24.586499776486363|9214|0|0|(9225.13,.00)|(9313.47,.00)|(9233.16,.00)|0.50|1.00|0.00|(9235.13,.00)|(1.00,.00)|9234.125221126627|24.586499776486363|0|null|2.310121759021415|0|null|false|0|false
240.75|(9217.09,-.74)|(1.00,-.04)|9216.093512950078|24.586499776486363|9216|0|0|(9227.09,.00)|(9315.44,.00)|(9235.13,.00)|0.50|1.00|0.00|(9237.09,.00)|(1.00,.00)|9236.093512950078|24.586499776486363|0|null|2.2971144152213943|0|null|false|0|false
240.80|(9219.06,-.78)|(1.00,-.04)|9218.062106367419|24.586499776486363|9218|0|0|(9229.06,.00)|(9317.41,.00)|(9237.09,.00)|0.50|1.00|0.00|(9239.06,.00)|(1.00,.00)|9238.062106367419|24.586499776486363|0|null|2.287307899932731|0|null|false|0|false
240.85|(9221.03,-.80)|(1.00,-.03)|9220.030888694308|24.586499776486363|9220|0|0|(9231.03,.00)|(9319.38,.00)|(9239.06,.00)|0.53|1.00|0.00|(9241.03,.00)|(1.00,.00)|9240.030888694308|24.586499776486363|0|null|2.2812166082992285|0|null|false|0|false
240.90|(9223.00,-.81)|(1.00,-.02)|9221.999820356172|24.586499776486363|9221|0|0|(9233.00,.00)|(9321.35,.00)|(9241.03,.00)|0.53|1.00|0.00|(9243.00,.00)|(1.00,.00)|9241.999820356172|24.586499776486363|0|null|2.2785178798469072|0|null|false|0|false
240.95|(9224.97,-.81)|(1.00,-.02)|9223.968818866428|24.586499776486363|9223|0|0|(9234.97,.00)|(9323.31,.00)|(9243.00,.00)|0.53|1.00|0.00|(9244.97,.00)|(1.00,.00)|9243.968818866428|24.586499776486363|0|null|2.2792155426921488|0|null|false|0|false
241.00|(9226.94,-.79)|(1.00,-.01)|9225.937801917637|24.586499776486363|9225|0|0|(9236.94,.00)|(9325.28,.00)|(9244.97,.00)|0.53|1.00|0.00|(9246.94,.00)|(1.00,.00)|9245.937801917637|24.586499776486363|0|null|2.283308878599656|0|null|false|0|false
241.05|(9228.91,-.77)|(1.00,-.01)|9227.906899983993|24.586499776486363|9227|0|0|(9238.91,.00)|(9327.25,.00)|(9246.94,.00)|0.44|1.00|0.00|(9248.91,.00)|(1.00,.00)|9247.906899983993|24.586499776486363|0|null|2.289240092661479|0|null|false|0|false
241.10|(9230.88,-.74)|(1.00,-.00)|9229.87588108604|24.586499776486363|9229|0|0|(9240.88,.00)|(9329.22,.00)|(9248.91,.00)|0.44|1.00|0.00|(9250.88,.00)|(1.00,.00)|9249.87588108604|24.586499776486363|0|null|2.2980205371404594|0|null|false|0|false
241.15|(9232.84,-.70)|(1.00,.00)|9231.844688778849|24.586499776486363|9231|0|0|(9242.84,.00)|(9331.19,.00)|(9250.88,.00)|0.44|1.00|0.00|(9252.84,.00)|(1.00,.00)|9251.844688778849|24.586499776486363|0|null|2.3096340726030804|0|null|false|0|false
241.20|(9234.81,-.65)|(1.00,.01)|9233.813550691671|24.586499776486363|9233|0|0|(9244.81,.00)|(9333.16,.00)|(9252.84,.00)|0.33|1.00|0.00|(9254.81,.00)|(1.00,.00)|9253.813550691671|24.586499776486363|0|null|2.322143424266558|0|null|false|0|false
241.25|(9236.78,-.60)|(1.00,.01)|9235.782229280818|24.586499776486363|9235|0|0|(9246.78,.00)|(9335.13,.00)|(9254.81,.00)|0.33|1.00|0.00|(9256.78,.00)|(1.00,.00)|9255.782229280818|24.586499776486363|0|null|2.3367892270045925|0|null|false|0|false
241.30|(9238.75,-.54)|(1.00,.02)|9237.750694968034|24.586499776486363|9237|0|0|(9248.75,.00)|(9337.10,.00)|(9256.78,.00)|0.33|1.00|0.00|(9258.75,.00)|(1.00,.00)|9257.750694968034|24.586499776486363|0|null|2.3535450990929765|0|null|false|0|false
241.35|(9240.72,-.47)|(1.00,.02)|9239.718919460227|24.586499776486363|9239|0|0|(9250.72,.00)|(9339.06,.00)|(9258.75,.00)|0.33|1.00|0.00|(9260.72,.00)|(1.00,.00)|9259.718919460227|24.586499776486363|0|null|2.3723848326416492|0|null|false|0|false
241.40|(9242.69,-.40)|(1.00,.02)|9241.687211407543|24.586499776486363|9241|0|0|(9252.69,.00)|(9341.03,.00)|(9260.72,.00)|0.20|1.00|0.00|(9262.69,.00)|(1.00,.00)|9261.687211407543|24.586499776486363|0|null|2.3910732800110304|0|null|false|0|false
241.45|(9244.66,-.33)|(1.00,.03)|9243.65534471017|24.586499776486363|9243|0|0|(9254.66,.00)|(9343.00,.00)|(9262.69,.00)|0.20|1.00|0.00|(9264.66,.00)|(1.00,.00)|9263.65534471017|24.586499776486363|0|null|2.411036593341531|0|null|false|0|false
241.50|(9246.62,-.25)|(1.00,.03)|9245.623311756548|24.586499776486363|9245|0|0|(9256.62,.00)|(9344.97,.00)|(9264.66,.00)|0.20|1.00|0.00|(9266.62,.00)|(1.00,.00)|9265.623311756548|24.586499776486363|0|null|2.4322444430985963|0|null|false|0|false
241.55|(9248.59,-.18)|(1.00,.03)|9247.591514175148|24.586499776486363|9247|0|0|(9258.59,.00)|(9346.94,.00)|(9266.62,.00)|0.01|1.00|0.00|(9268.59,.00)|(1.00,.00)|9267.591514175148|24.586499776486363|0|null|2.4512468252305473|0|null|false|0|false
241.60|(9250.56,-.11)|(1.00,.03)|9249.559728848582|24.586499776486363|9249|0|0|(9260.56,.00)|(9348.91,.00)|(9268.59,.00)|0.01|1.00|0.00|(9270.56,.00)|(1.00,.00)|9269.559728848582|24.586499776486363|0|null|2.4702654854168995|0|null|false|0|false
241.65|(9252.53,-.04)|(1.00,.03)|9251.527958973193|24.586499776486363|9251|0|0|(9262.53,.00)|(9350.87,.00)|(9270.56,.00)|0.01|1.00|0.00|(9272.53,.00)|(1.00,.00)|9271.527958973193|24.586499776486363|0|null|2.4892667797591392|0|null|false|0|false
241.70|(9254.50,.03)|(1.00,.03)|9253.496207357894|24.586499776486363|9253|0|0|(9264.50,.00)|(9352.84,.00)|(9272.53,.00)|0.01|1.00|0.00|(9274.50,.00)|(1.00,.00)|9273.496207357894|24.586499776486363|0|null|2.5082210285856283|0|null|false|0|false
241.75|(9256.46,.09)|(1.00,.03)|9255.464645438027|24.586499776486363|9255|0|0|(9266.46,.00)|(9354.81,.00)|(9274.50,.00)|-0.15|1.00|0.00|(9276.46,.00)|(1.00,.00)|9275.464645438027|24.586499776486363|0|null|2.524410805862594|0|null|false|0|false
241.80|(9258.43,.14)|(1.00,.03)|9257.433213849115|24.586499776486363|9257|0|0|(9268.43,.00)|(9356.78,.00)|(9276.46,.00)|-0.15|1.00|0.00|(9278.43,.00)|(1.00,.00)|9277.433213849115|24.586499776486363|0|null|2.539581919771434|0|null|false|0|false
241.85|(9260.40,.20)|(1.00,.03)|9259.401906498124|24.586499776486363|9259|0|0|(9270.40,.00)|(9358.75,.00)|(9278.43,.00)|-0.15|1.00|0.00|(9280.40,.00)|(1.00,.00)|9279.401906498124|24.586499776486363|0|null|2.5537076677738813|0|null|false|0|false
241.90|(9262.37,.24)|(1.00,.03)|9261.370716423819|24.586499776486363|9261|0|0|(9272.37,.00)|(9360.72,.00)|(9280.40,.00)|-0.15|1.00|0.00|(9282.37,.00)|(1.00,.00)|9281.370716423819|24.586499776486363|0|null|2.566765931414567|0|null|false|0|false
241.95|(9264.34,.28)|(1.00,.03)|9263.33964330556|24.586499776486363|9263|0|0|(9274.34,.00)|(9362.69,.00)|(9282.37,.00)|-0.22|1.00|0.00|(9284.34,.00)|(1.00,.00)|9283.33964330556|24.586499776486363|0|null|2.57746406135778|0|null|false|0|false
242.00|(9266.31,.32)|(1.00,.02)|9265.308695964466|24.586499776486363|9265|0|0|(9276.31,.00)|(9364.65,.00)|(9284.34,.00)|-0.22|1.00|0.00|(9286.31,.00)|(1.00,.00)|9285.308695964466|24.586499776486363|0|null|2.586625453091383|0|null|false|0|false
242.05|(9268.28,.34)|(1.00,.02)|9267.277857343359|24.586499776486363|9267|0|0|(9278.28,.00)|(9366.62,.00)|(9286.31,.00)|-0.22|1.00|0.00|(9288.28,.00)|(1.00,.00)|9287.277857343359|24.586499776486363|0|null|2.5942360021143194|0|null|false|0|false
242.10|(9270.25,.36)|(1.00,.02)|9269.24708993468|24.586499776486363|9269|0|0|(9280.25,.00)|(9368.59,.00)|(9288.28,.00)|-0.26|1.00|0.00|(9290.25,.00)|(1.00,.00)|9289.24708993468|24.586499776486363|0|null|2.599695897335729|0|null|false|0|false
242.15|(9272.22,.38)|(1.00,.02)|9271.216397431228|24.586499776486363|9271|0|0|(9282.22,.00)|(9370.56,.00)|(9290.25,.00)|-0.26|1.00|0.00|(9292.22,.00)|(1.00,.00)|9291.216397431228|24.586499776486363|0|null|2.60338539699825|0|null|false|0|false
242.20|(9274.19,.39)|(1.00,.01)|9273.18575689568|24.586499776486363|9273|0|0|(9284.19,.00)|(9372.53,.00)|(9292.22,.00)|-0.26|1.00|0.00|(9294.19,.00)|(1.00,.00)|9293.18575689568|24.586499776486363|0|null|2.6052988021629457|0|null|false|0|false
242.25|(9276.16,.39)|(1.00,.01)|9275.155156936524|24.586499776486363|9275|0|0|(9286.16,.00)|(9374.50,.00)|(9294.19,.00)|-0.25|1.00|0.00|(9296.16,.00)|(1.00,.00)|9295.155156936524|24.586499776486363|0|null|2.605617534899897|0|null|false|0|false
242.30|(9278.12,.38)|(1.00,.01)|9277.124564948279|24.586499776486363|9277|0|0|(9288.12,.00)|(9376.47,.00)|(9296.16,.00)|-0.25|1.00|0.00|(9298.12,.00)|(1.00,.00)|9297.124564948279|24.586499776486363|0|null|2.604220023023885|0|null|false|0|false
242.35|(9280.09,.37)|(1.00,.00)|9279.093959561105|24.586499776486363|9279|0|0|(9290.09,.00)|(9378.44,.00)|(9298.12,.00)|-0.25|1.00|0.00|(9300.09,.00)|(1.00,.00)|9299.093959561105|24.586499776486363|0|null|2.6011081945771126|0|null|false|0|false
242.40|(9282.06,.35)|(1.00,.00)|9281.063319604496|24.586499776486363|9281|0|0|(9292.06,.00)|(9380.41,.00)|(9300.09,.00)|-0.25|1.00|0.00|(9302.06,.00)|(1.00,.00)|9301.063319604496|24.586499776486363|0|null|2.5962853671680683|0|null|false|0|false
242.45|(9284.03,.33)|(1.00,-.00)|9283.032624153784|24.586499776486363|9283|0|0|(9294.03,.00)|(9382.38,.00)|(9302.06,.00)|-0.25|1.00|0.00|(9304.03,.00)|(1.00,.00)|9303.032624153784|24.586499776486363|0|null|2.5897558248825674|0|null|false|0|false
242.50|(9286.00,.30)|(1.00,-.00)|9285.001852552346|24.586499776486363|9285|0|0|(9296.00,.00)|(9384.35,.00)|(9304.03,.00)|-0.25|1.00|0.00|(9306.00,.00)|(1.00,.00)|9305.001852552346|24.586499776486363|0|null|2.5815244155730572|0|null|false|0|false
242.55|(9287.97,.27)|(1.00,-.01)|9286.971140014886|24.586499776486363|9286|0|0|(9297.97,.00)|(9386.32,.00)|(9306.00,.00)|-0.15|1.00|0.00|(9307.97,.00)|(1.00,.00)|9306.971140014886|24.586499776486363|0|null|2.573197338189589|0|null|false|0|false
242.60|(9289.94,.23)|(1.00,-.01)|9288.940363001817|24.586499776486363|9288|0|0|(9299.94,.00)|(9388.29,.00)|(9307.97,.00)|-0.15|1.00|0.00|(9309.94,.00)|(1.00,.00)|9308.940363001817|24.586499776486363|0|null|2.563728228440451|0|null|false|0|false
242.65|(9291.91,.19)|(1.00,-.01)|9290.90951272916|24.586499776486363|9290|0|0|(9301.91,.00)|(9390.26,.00)|(9309.94,.00)|-0.15|1.00|0.00|(9311.91,.00)|(1.00,.00)|9310.90951272916|24.586499776486363|0|null|2.5531265381407366|0|null|false|0|false
242.70|(9293.88,.15)|(1.00,-.01)|9292.87858060399|24.586499776486363|9292|0|0|(9303.88,.00)|(9392.22,.00)|(9311.91,.00)|-0.15|1.00|0.00|(9313.88,.00)|(1.00,.00)|9312.87858060399|24.586499776486363|0|null|2.541400428801529|0|null|false|0|false
242.75|(9295.85,.11)|(1.00,-.02)|9294.847753343778|24.586499776486363|9294|0|0|(9305.85,.00)|(9394.19,.00)|(9313.88,.00)|-0.02|1.00|0.00|(9315.85,.00)|(1.00,.00)|9314.847753343778|24.586499776486363|0|null|2.5308985539684823|0|null|false|0|false
242.80|(9297.82,.07)|(1.00,-.02)|9296.816907295683|24.586499776486363|9296|0|0|(9307.82,.00)|(9396.16,.00)|(9315.85,.00)|-0.02|1.00|0.00|(9317.82,.00)|(1.00,.00)|9316.816907295683|24.586499776486363|0|null|2.5200883135003536|0|null|false|0|false
242.85|(9299.79,.03)|(1.00,-.02)|9298.786042315407|24.586499776486363|9298|0|0|(9309.79,.00)|(9398.13,.00)|(9317.82,.00)|-0.02|1.00|0.00|(9319.79,.00)|(1.00,.00)|9318.786042315407|24.586499776486363|0|null|2.5089805096646494|0|null|false|0|false
242.90|(9301.76,-.00)|(1.00,-.02)|9300.75522983834|24.586499776486363|9300|0|0|(9311.76,.00)|(9400.10,.00)|(9319.79,.00)|0.06|1.00|0.00|(9321.76,.00)|(1.00,.00)|9320.75522983834|24.586499776486363|0|null|2.4989195877620016|0|null|false|0|false
242.95|(9303.72,-.04)|(1.00,-.02)|9302.724434375466|24.586499776486363|9302|0|0|(9313.72,.00)|(9402.07,.00)|(9321.76,.00)|0.06|1.00|0.00|(9323.72,.00)|(1.00,.00)|9322.724434375466|24.586499776486363|0|null|2.4890340163717535|0|null|false|0|false
243.00|(9305.69,-.08)|(1.00,-.02)|9304.693655877796|24.586499776486363|9304|0|0|(9315.69,.00)|(9404.04,.00)|(9323.72,.00)|0.06|1.00|0.00|(9325.69,.00)|(1.00,.00)|9324.693655877796|24.586499776486363|0|null|2.4793314883889117|0|null|false|0|false
243.05|(9307.66,-.11)|(1.00,-.02)|9306.6628941168|24.586499776486363|9306|0|0|(9317.66,.00)|(9406.01,.00)|(9325.69,.00)|0.06|1.00|0.00|(9327.66,.00)|(1.00,.00)|9326.6628941168|24.586499776486363|0|null|2.4698170341318457|0|null|false|0|false
243.10|(9309.63,-.14)|(1.00,-.02)|9308.632148702633|24.586499776486363|9308|0|0|(9319.63,.00)|(9407.98,.00)|(9327.66,.00)|0.06|1.00|0.00|(9329.63,.00)|(1.00,.00)|9328.632148702633|24.586499776486363|0|null|2.46049324846399|0|null|false|0|false
243.15|(9311.60,-.17)|(1.00,-.02)|9310.60145168377|24.586499776486363|9310|0|0|(9321.60,.00)|(9409.95,.00)|(9329.63,.00)|0.13|1.00|0.00|(9331.60,.00)|(1.00,.00)|9330.60145168377|24.586499776486363|0|null|2.452561490341666|0|null|false|0|false
243.20|(9313.57,-.20)|(1.00,-.02)|9312.570792467708|24.586499776486363|9312|0|0|(9323.57,.00)|(9411.92,.00)|(9331.60,.00)|0.13|1.00|0.00|(9333.57,.00)|(1.00,.00)|9332.570792467708|24.586499776486363|0|null|2.4452317882467076|0|null|false|0|false
243.25|(9315.54,-.23)|(1.00,-.02)|9314.540168099476|24.586499776486363|9314|0|0|(9325.54,.00)|(9413.89,.00)|(9333.57,.00)|0.13|1.00|0.00|(9335.54,.00)|(1.00,.00)|9334.540168099476|24.586499776486363|0|null|2.4385049558003704|0|null|false|0|false
243.30|(9317.51,-.24)|(1.00,-.01)|9316.509575862885|24.586499776486363|9316|0|0|(9327.51,.00)|(9415.86,.00)|(9335.54,.00)|0.18|1.00|0.00|(9337.51,.00)|(1.00,.00)|9336.509575862885|24.586499776486363|0|null|2.4332370802570633|0|null|false|0|false
243.35|(9319.48,-.26)|(1.00,-.01)|9318.479020366021|24.586499776486363|9318|0|0|(9329.48,.00)|(9417.83,.00)|(9337.51,.00)|0.18|1.00|0.00|(9339.48,.00)|(1.00,.00)|9338.479020366021|24.586499776486363|0|null|2.4288634445809762|0|null|false|0|false
243.40|(9321.45,-.27)|(1.00,-.01)|9320.448495472492|24.586499776486363|9320|0|0|(9331.45,.00)|(9419.79,.00)|(9339.48,.00)|0.18|1.00|0.00|(9341.45,.00)|(1.00,.00)|9340.448495472492|24.586499776486363|0|null|2.425383811613895|0|null|false|0|false
243.45|(9323.42,-.28)|(1.00,-.01)|9322.417991192891|24.586499776486363|9322|0|0|(9333.42,.00)|(9421.76,.00)|(9341.45,.00)|0.19|1.00|0.00|(9343.42,.00)|(1.00,.00)|9342.417991192891|24.586499776486363|0|null|2.42297642128842|0|null|false|0|false
243.50|(9325.39,-.29)|(1.00,-.01)|9324.387505316337|24.586499776486363|9324|0|0|(9335.39,.00)|(9423.73,.00)|(9343.42,.00)|0.19|1.00|0.00|(9345.39,.00)|(1.00,.00)|9344.387505316337|24.586499776486363|0|null|2.421522133394478|0|null|false|0|false
243.55|(9327.36,-.29)|(1.00,-.01)|9326.357031008814|24.586499776486363|9326|0|0|(9337.36,.00)|(9425.70,.00)|(9345.39,.00)|0.19|1.00|0.00|(9347.36,.00)|(1.00,.00)|9346.357031008814|24.586499776486363|0|null|2.4210200578667775|0|null|false|0|false
243.60|(9329.33,-.29)|(1.00,-.00)|9328.326561489734|24.586499776486363|9328|0|0|(9339.33,.00)|(9427.67,.00)|(9347.36,.00)|0.19|1.00|0.00|(9349.33,.00)|(1.00,.00)|9348.326561489734|24.586499776486363|0|null|2.4214695743146293|0|null|false|0|false
243.65|(9331.30,-.28)|(1.00,-.00)|9330.296090025111|24.586499776486363|9330|0|0|(9341.30,.00)|(9429.64,.00)|(9349.33,.00)|0.19|1.00|0.00|(9351.30,.00)|(1.00,.00)|9350.296090025111|24.586499776486363|0|null|2.422870664839498|0|null|false|0|false
243.70|(9333.27,-.27)|(1.00,-.00)|9332.265609909562|24.586499776486363|9332|0|0|(9343.27,.00)|(9431.61,.00)|(9351.30,.00)|0.19|1.00|0.00|(9353.27,.00)|(1.00,.00)|9352.265609909562|24.586499776486363|0|null|2.4252242132561563|0|null|false|0|false
243.75|(9335.24,-.26)|(1.00,.00)|9334.235114438354|24.586499776486363|9334|0|0|(9345.24,.00)|(9433.58,.00)|(9353.27,.00)|0.19|1.00|0.00|(9355.24,.00)|(1.00,.00)|9354.235114438354|24.586499776486363|0|null|2.428532265959351|0|null|false|0|false
243.80|(9337.20,-.25)|(1.00,.00)|9336.204596870968|24.586499776486363|9336|0|0|(9347.20,.00)|(9435.55,.00)|(9355.24,.00)|0.19|1.00|0.00|(9357.20,.00)|(1.00,.00)|9356.204596870968|24.586499776486363|0|null|2.4327982504274477|0|null|false|0|false
243.85|(9339.17,-.23)|(1.00,.00)|9338.17405038786|24.586499776486363|9338|0|0|(9349.17,.00)|(9437.52,.00)|(9357.20,.00)|0.19|1.00|0.00|(9359.17,.00)|(1.00,.00)|9358.17405038786|24.586499776486363|0|null|2.4380271481874973|0|null|false|0|false
243.90|(9341.14,-.20)|(1.00,.01)|9340.14346804218|24.586499776486363|9340|0|0|(9351.14,.00)|(9439.49,.00)|(9359.17,.00)|0.19|1.00|0.00|(9361.14,.00)|(1.00,.00)|9360.14346804218|24.586499776486363|0|null|2.444225619965747|0|null|false|0|false
243.95|(9343.11,-.18)|(1.00,.01)|9342.112842708391|24.586499776486363|9342|0|0|(9353.11,.00)|(9441.46,.00)|(9361.14,.00)|0.19|1.00|0.00|(9363.11,.00)|(1.00,.00)|9362.112842708391|24.586499776486363|0|null|2.4514020816952025|0|null|false|0|false
244.00|(9345.08,-.15)|(1.00,.01)|9344.082167029628|24.586499776486363|9344|0|0|(9355.08,.00)|(9443.43,.00)|(9363.11,.00)|0.19|1.00|0.00|(9365.08,.00)|(1.00,.00)|9364.082167029628|24.586499776486363|0|null|2.4595667310278957|0|null|false|0|false
244.05|(9347.05,-.11)|(1.00,.01)|9346.051433365825|24.586499776486363|9346|0|0|(9357.05,.00)|(9445.40,.00)|(9365.08,.00)|0.19|1.00|0.00|(9367.05,.00)|(1.00,.00)|9366.051433365825|24.586499776486363|0|null|2.468731524983613|0|null|false|0|false
244.10|(9349.02,-.08)|(1.00,.01)|9348.02063374443|24.586499776486363|9348|0|0|(9359.02,.00)|(9447.37,.00)|(9367.05,.00)|0.19|1.00|0.00|(9369.02,.00)|(1.00,.00)|9368.02063374443|24.586499776486363|0|null|2.478910110338357|0|null|false|0|false
244.15|(9350.99,-.04)|(1.00,.01)|9349.989759815575|24.586499776486363|9349|0|0|(9360.99,.00)|(9449.34,.00)|(9369.02,.00)|0.19|1.00|0.00|(9370.99,.00)|(1.00,.00)|9369.989759815575|24.586499776486363|0|null|2.490117709294325|0|null|false|0|false
244.20|(9352.96,.01)|(1.00,.02)|9351.958802813384|24.586499776486363|9351|0|0|(9362.96,.00)|(9451.30,.00)|(9370.99,.00)|0.19|1.00|0.00|(9372.96,.00)|(1.00,.00)|9371.958802813384|24.586499776486363|0|null|2.502370963858717|0|null|false|0|false
244.25|(9354.93,.06)|(1.00,.02)|9353.927753525004|24.586499776486363|9353|0|0|(9364.93,.00)|(9453.27,.00)|(9372.96,.00)|0.19|1.00|0.00|(9374.93,.00)|(1.00,.00)|9373.927753525004|24.586499776486363|0|null|2.5156877431725277|0|null|false|0|false
244.30|(9356.90,.11)|(1.00,.02)|9355.89660226871|24.586499776486363|9355|0|0|(9366.90,.00)|(9455.24,.00)|(9374.93,.00)|0.19|1.00|0.00|(9376.90,.00)|(1.00,.00)|9375.89660226871|24.586499776486363|0|null|2.530086918755159|0|null|false|0|false
244.35|(9358.87,.17)|(1.00,.02)|9357.865338882239|24.586499776486363|9357|0|0|(9368.87,.00)|(9457.21,.00)|(9376.90,.00)|0.19|1.00|0.00|(9378.87,.00)|(1.00,.00)|9377.865338882239|24.586499776486363|0|null|2.545588113250683|0|null|false|0|false
244.40|(9360.83,.21)|(1.00,.02)|9359.834333966564|24.586499776486363|9359|0|0|(9370.83,.00)|(9459.18,.00)|(9378.87,.00)|-0.05|1.00|0.00|(9380.83,.00)|(1.00,.00)|9379.834333966564|24.586499776486363|0|null|2.5580846979127747|0|null|false|0|false
244.45|(9362.80,.26)|(1.00,.02)|9361.80335915191|24.586499776486363|9361|0|0|(9372.80,.00)|(9461.15,.00)|(9380.83,.00)|-0.05|1.00|0.00|(9382.80,.00)|(1.00,.00)|9381.80335915191|24.586499776486363|0|null|2.5703065822122935|0|null|false|0|false
244.50|(9364.77,.30)|(1.00,.02)|9363.772412703493|24.586499776486363|9363|0|0|(9374.77,.00)|(9463.12,.00)|(9382.80,.00)|-0.05|1.00|0.00|(9384.77,.00)|(1.00,.00)|9383.772412703493|24.586499776486363|0|null|2.582260879685951|0|null|false|0|false
244.55|(9366.74,.34)|(1.00,.02)|9365.741492863433|24.586499776486363|9365|0|0|(9376.74,.00)|(9465.09,.00)|(9384.77,.00)|-0.05|1.00|0.00|(9386.74,.00)|(1.00,.00)|9385.741492863433|24.586499776486363|0|null|2.593955731060868|0|null|false|0|false
244.60|(9368.71,.39)|(1.00,.02)|9367.710597889003|24.586499776486363|9367|0|0|(9378.71,.00)|(9467.06,.00)|(9386.74,.00)|-0.05|1.00|0.00|(9388.71,.00)|(1.00,.00)|9387.710597889003|24.586499776486363|0|null|2.6053999136613912|0|null|false|0|false
244.65|(9370.68,.43)|(1.00,.02)|9369.679726087445|24.586499776486363|9369|0|0|(9380.68,.00)|(9469.03,.00)|(9388.71,.00)|-0.05|1.00|0.00|(9390.68,.00)|(1.00,.00)|9389.679726087445|24.586499776486363|0|null|2.61660246759726|0|null|false|0|false
244.70|(9372.65,.47)|(1.00,.02)|9371.648875846464|24.586499776486363|9371|0|0|(9382.65,.00)|(9470.99,.00)|(9390.68,.00)|-0.05|1.00|0.00|(9392.65,.00)|(1.00,.00)|9391.648875846464|24.586499776486363|0|null|2.6275723451629354|0|null|false|0|false
244.75|(9374.62,.51)|(1.00,.02)|9373.618045659781|24.586499776486363|9373|0|0|(9384.62,.00)|(9472.96,.00)|(9392.65,.00)|-0.05|1.00|0.00|(9394.62,.00)|(1.00,.00)|9393.618045659781|24.586499776486363|0|null|2.6383180893501894|0|null|false|0|false
244.80|(9376.59,.54)|(1.00,.02)|9375.587234147406|24.586499776486363|9375|0|0|(9386.59,.00)|(9474.93,.00)|(9394.62,.00)|-0.05|1.00|0.00|(9396.59,.00)|(1.00,.00)|9395.587234147406|24.586499776486363|0|null|2.6488475467350057|0|null|false|0|false
244.85|(9378.56,.58)|(1.00,.02)|9377.556440070493|24.586499776486363|9377|0|0|(9388.56,.00)|(9476.90,.00)|(9396.59,.00)|-0.05|1.00|0.00|(9398.56,.00)|(1.00,.00)|9397.556440070493|24.586499776486363|0|null|2.65916761925754|0|null|false|0|false
244.90|(9380.53,.62)|(1.00,.02)|9379.525662340833|24.586499776486363|9379|0|0|(9390.53,.00)|(9478.87,.00)|(9398.56,.00)|-0.05|1.00|0.00|(9400.53,.00)|(1.00,.00)|9399.525662340833|24.586499776486363|0|null|2.6692840585846715|0|null|false|0|false
244.95|(9382.49,.66)|(1.00,.02)|9381.494900025127|24.586499776486363|9381|0|0|(9392.49,.00)|(9480.84,.00)|(9400.53,.00)|-0.05|1.00|0.00|(9402.49,.00)|(1.00,.00)|9401.494900025127|24.586499776486363|0|null|2.6792013058450825|0|null|false|0|false
245.00|(9384.46,.69)|(1.00,.02)|9383.464152344339|24.586499776486363|9383|0|0|(9394.46,.00)|(9482.81,.00)|(9402.49,.00)|-0.05|1.00|0.00|(9404.46,.00)|(1.00,.00)|9403.464152344339|24.586499776486363|0|null|2.68892237857486|0|null|false|0|false
245.05|(9386.43,.73)|(1.00,.02)|9385.433418668501|24.586499776486363|9385|0|0|(9396.43,.00)|(9484.78,.00)|(9404.46,.00)|-0.05|1.00|0.00|(9406.43,.00)|(1.00,.00)|9405.433418668501|24.586499776486363|0|null|2.6984488057266853|0|null|false|0|false
245.10|(9388.40,.76)|(1.00,.02)|9387.402698507427|24.586499776486363|9387|0|0|(9398.40,.00)|(9486.75,.00)|(9406.43,.00)|-0.05|1.00|0.00|(9408.40,.00)|(1.00,.00)|9407.402698507427|24.586499776486363|0|null|2.7077806105979794|0|null|false|0|false
245.15|(9390.37,.79)|(1.00,.02)|9389.371991497832|24.586499776486363|9389|0|0|(9400.37,.00)|(9488.72,.00)|(9408.40,.00)|-0.05|1.00|0.00|(9410.37,.00)|(1.00,.00)|9409.371991497832|24.586499776486363|0|null|2.7169163405434293|0|null|false|0|false
245.20|(9392.34,.83)|(1.00,.02)|9391.34129738747|24.586499776486363|9391|0|0|(9402.34,.00)|(9490.69,.00)|(9410.37,.00)|-0.05|1.00|0.00|(9412.34,.00)|(1.00,.00)|9411.34129738747|24.586499776486363|0|null|2.725853141375648|0|null|false|0|false
245.25|(9394.31,.86)|(1.00,.02)|9393.310616016892|24.586499776486363|9393|0|0|(9404.31,.00)|(9492.66,.00)|(9412.34,.00)|-0.05|1.00|0.00|(9414.31,.00)|(1.00,.00)|9413.310616016892|24.586499776486363|0|null|2.7345868734443433|0|null|false|0|false
245.30|(9396.28,.89)|(1.00,.02)|9395.279947299525|24.586499776486363|9395|0|0|(9406.28,.00)|(9494.63,.00)|(9414.31,.00)|-0.05|1.00|0.00|(9416.28,.00)|(1.00,.00)|9415.279947299525|24.586499776486363|0|null|2.7431122655382625|0|null|false|0|false
245.35|(9398.25,.92)|(1.00,.02)|9397.249291200753|24.586499776486363|9397|0|0|(9408.25,.00)|(9496.60,.00)|(9416.28,.00)|-0.05|1.00|0.00|(9418.25,.00)|(1.00,.00)|9417.249291200753|24.586499776486363|0|null|2.7514231019931183|0|null|false|0|false
245.40|(9400.22,.95)|(1.00,.02)|9399.218647716732|24.586499776486363|9399|0|0|(9410.22,.00)|(9498.56,.00)|(9418.25,.00)|-0.05|1.00|0.00|(9420.22,.00)|(1.00,.00)|9419.218647716732|24.586499776486363|0|null|2.759512437728512|0|null|false|0|false
245.45|(9402.19,.98)|(1.00,.02)|9401.188016853668|24.586499776486363|9401|0|0|(9412.19,.00)|(9500.53,.00)|(9420.22,.00)|-0.05|1.00|0.00|(9422.19,.00)|(1.00,.00)|9421.188016853668|24.586499776486363|0|null|2.7673728353914413|0|null|false|0|false
245.50|(9404.16,1.01)|(1.00,.02)|9403.157398608217|24.586499776486363|9403|0|0|(9414.16,.00)|(9502.50,.00)|(9422.19,.00)|-0.05|1.00|0.00|(9424.16,.00)|(1.00,.00)|9423.157398608217|24.586499776486363|0|null|2.7749966183647303|0|null|false|0|false
245.55|(9406.13,1.03)|(1.00,.02)|9405.12679294969|24.586499776486363|9405|0|0|(9416.13,.00)|(9504.47,.00)|(9424.16,.00)|-0.05|1.00|0.00|(9426.13,.00)|(1.00,.00)|9425.12679294969|24.586499776486363|0|null|2.7823761331143433|0|null|false|0|false
245.60|(9408.10,1.04)|(1.00,.01)|9407.096089294067|24.586499776486363|9407|0|0|(9418.10,.00)|(9506.44,.00)|(9426.13,.00)|-0.42|1.00|0.00|(9428.10,.00)|(1.00,.00)|9427.096089294067|24.586499776486363|0|null|2.783165800222172|0|null|false|0|false
245.65|(9410.07,1.03)|(1.00,.01)|9409.06539066805|24.586499776486363|9409|0|0|(9420.07,.00)|(9508.41,.00)|(9428.10,.00)|-0.42|1.00|0.00|(9430.07,.00)|(1.00,.00)|9429.06539066805|24.586499776486363|0|null|2.7815202459043995|0|null|false|0|false
245.70|(9412.03,1.02)|(1.00,.00)|9411.034655104015|24.586499776486363|9411|0|0|(9422.03,.00)|(9510.38,.00)|(9430.07,.00)|-0.42|1.00|0.00|(9432.03,.00)|(1.00,.00)|9431.034655104015|24.586499776486363|0|null|2.7774132448214734|0|null|false|0|false
245.75|(9414.00,.99)|(1.00,-.00)|9413.00369156021|24.586499776486363|9413|0|0|(9424.00,.00)|(9512.35,.00)|(9432.03,.00)|-0.48|1.00|0.00|(9434.00,.00)|(1.00,.00)|9433.00369156021|24.586499776486363|0|null|2.7696865138771694|0|null|false|0|false
245.80|(9415.97,.95)|(1.00,-.01)|9414.972561051864|24.586499776486363|9414|0|0|(9425.97,.00)|(9514.32,.00)|(9434.00,.00)|-0.48|1.00|0.00|(9435.97,.00)|(1.00,.00)|9434.972561051864|24.586499776486363|0|null|2.7590658015651606|0|null|false|0|false
245.85|(9417.94,.90)|(1.00,-.01)|9416.941203901855|24.586499776486363|9416|0|0|(9427.94,.00)|(9516.29,.00)|(9435.97,.00)|-0.48|1.00|0.00|(9437.94,.00)|(1.00,.00)|9436.941203901855|24.586499776486363|0|null|2.745531260870428|0|null|false|0|false
245.90|(9419.91,.84)|(1.00,-.01)|9418.909840753568|24.586499776486363|9418|0|0|(9429.91,.00)|(9518.26,.00)|(9437.94,.00)|-0.39|1.00|0.00|(9439.91,.00)|(1.00,.00)|9438.909840753568|24.586499776486363|0|null|2.730655154586329|0|null|false|0|false
245.95|(9421.88,.78)|(1.00,-.02)|9420.878222682992|24.586499776486363|9420|0|0|(9431.88,.00)|(9520.22,.00)|(9439.91,.00)|-0.39|1.00|0.00|(9441.88,.00)|(1.00,.00)|9440.878222682992|24.586499776486363|0|null|2.7133822461095063|0|null|false|0|false
246.00|(9423.85,.71)|(1.00,-.02)|9422.846309662844|24.586499776486363|9422|0|0|(9433.85,.00)|(9522.19,.00)|(9441.88,.00)|-0.39|1.00|0.00|(9443.85,.00)|(1.00,.00)|9442.846309662844|24.586499776486363|0|null|2.6937086328841526|0|null|false|0|false
246.05|(9425.81,.63)|(1.00,-.03)|9424.814061939345|24.586499776486363|9424|0|0|(9435.81,.00)|(9524.16,.00)|(9443.85,.00)|-0.39|1.00|0.00|(9445.81,.00)|(1.00,.00)|9444.814061939345|24.586499776486363|0|null|2.6716333311077953|0|null|false|0|false
246.10|(9427.78,.54)|(1.00,-.03)|9426.781440192564|24.586499776486363|9426|0|0|(9437.78,.00)|(9526.13,.00)|(9445.81,.00)|-0.39|1.00|0.00|(9447.78,.00)|(1.00,.00)|9446.781440192564|24.586499776486363|0|null|2.647158161393932|0|null|false|0|false
246.15|(9429.75,.45)|(1.00,-.03)|9428.749046496469|24.586499776486363|9428|0|0|(9439.75,.00)|(9528.10,.00)|(9447.78,.00)|-0.21|1.00|0.00|(9449.75,.00)|(1.00,.00)|9448.749046496469|24.586499776486363|0|null|2.623464242966145|0|null|false|0|false
246.20|(9431.72,.36)|(1.00,-.04)|9430.716442441653|24.586499776486363|9430|0|0|(9441.72,.00)|(9530.06,.00)|(9449.75,.00)|-0.21|1.00|0.00|(9451.72,.00)|(1.00,.00)|9450.716442441653|24.586499776486363|0|null|2.598472568154196|0|null|false|0|false
246.25|(9433.68,.26)|(1.00,-.04)|9432.683619509771|24.586499776486363|9432|0|0|(9443.68,.00)|(9532.03,.00)|(9451.72,.00)|-0.21|1.00|0.00|(9453.68,.00)|(1.00,.00)|9452.683619509771|24.586499776486363|0|null|2.5722020366768943|0|null|false|0|false
246.30|(9435.65,.18)|(1.00,-.04)|9434.651167404612|24.586499776486363|9434|0|0|(9445.65,.00)|(9534.00,.00)|(9453.68,.00)|0.01|1.00|0.00|(9455.65,.00)|(1.00,.00)|9454.651167404612|24.586499776486363|0|null|2.548422004806178|0|null|false|0|false
246.35|(9437.62,.09)|(1.00,-.04)|9436.618733825571|24.586499776486363|9436|0|0|(9447.62,.00)|(9535.96,.00)|(9455.65,.00)|0.01|1.00|0.00|(9457.62,.00)|(1.00,.00)|9456.618733825571|24.586499776486363|0|null|2.5246905268607174|0|null|false|0|false
246.40|(9439.59,.00)|(1.00,-.04)|9438.58632291082|24.586499776486363|9438|0|0|(9449.59,.00)|(9537.93,.00)|(9457.62,.00)|0.01|1.00|0.00|(9459.59,.00)|(1.00,.00)|9458.58632291082|24.586499776486363|0|null|2.501040321853434|0|null|false|0|false
246.45|(9441.55,-.07)|(1.00,-.04)|9440.554185581821|24.586499776486363|9440|0|0|(9451.55,.00)|(9539.90,.00)|(9459.59,.00)|0.15|1.00|0.00|(9461.55,.00)|(1.00,.00)|9460.554185581821|24.586499776486363|0|null|2.4799541611374796|0|null|false|0|false
246.50|(9443.52,-.15)|(1.00,-.04)|9442.522202522716|24.586499776486363|9442|0|0|(9453.52,.00)|(9541.87,.00)|(9461.55,.00)|0.15|1.00|0.00|(9463.52,.00)|(1.00,.00)|9462.522202522716|24.586499776486363|0|null|2.459852714129419|0|null|false|0|false
246.55|(9445.49,-.22)|(1.00,-.04)|9444.490370334597|24.586499776486363|9444|0|0|(9455.49,.00)|(9543.84,.00)|(9463.52,.00)|0.15|1.00|0.00|(9465.49,.00)|(1.00,.00)|9464.490370334597|24.586499776486363|0|null|2.4407728272098526|0|null|false|0|false
246.60|(9447.46,-.28)|(1.00,-.04)|9446.458684722562|24.586499776486363|9446|0|0|(9457.46,.00)|(9545.80,.00)|(9465.49,.00)|0.15|1.00|0.00|(9467.46,.00)|(1.00,.00)|9466.458684722562|24.586499776486363|0|null|2.4227488641718953|0|null|false|0|false
246.65|(9449.43,-.34)|(1.00,-.04)|9448.427216909178|24.586499776486363|9448|0|0|(9459.43,.00)|(9547.77,.00)|(9467.46,.00)|0.27|1.00|0.00|(9469.43,.00)|(1.00,.00)|9468.427216909178|24.586499776486363|0|null|2.407908020175141|0|null|false|0|false
246.70|(9451.40,-.38)|(1.00,-.03)|9450.395942691497|24.586499776486363|9450|0|0|(9461.40,.00)|(9549.74,.00)|(9469.43,.00)|0.27|1.00|0.00|(9471.40,.00)|(1.00,.00)|9470.395942691497|24.586499776486363|0|null|2.394903241959395|0|null|false|0|false
246.75|(9453.36,-.43)|(1.00,-.03)|9452.364839923337|24.586499776486363|9452|0|0|(9463.36,.00)|(9551.71,.00)|(9471.40,.00)|0.27|1.00|0.00|(9473.36,.00)|(1.00,.00)|9472.364839923337|24.586499776486363|0|null|2.3837673906219994|0|null|false|0|false
246.80|(9455.33,-.46)|(1.00,-.03)|9454.33388515906|24.586499776486363|9454|0|0|(9465.33,.00)|(9553.68,.00)|(9473.36,.00)|0.27|1.00|0.00|(9475.33,.00)|(1.00,.00)|9474.33388515906|24.586499776486363|0|null|2.374529559584235|0|null|false|0|false
246.85|(9457.30,-.48)|(1.00,-.02)|9456.30303201438|24.586499776486363|9456|0|0|(9467.30,.00)|(9555.65,.00)|(9475.33,.00)|0.31|1.00|0.00|(9477.30,.00)|(1.00,.00)|9476.30303201438|24.586499776486363|0|null|2.367937058915808|0|null|false|0|false
246.90|(9459.27,-.50)|(1.00,-.02)|9458.2722777187|24.586499776486363|9458|0|0|(9469.27,.00)|(9557.62,.00)|(9477.30,.00)|0.31|1.00|0.00|(9479.27,.00)|(1.00,.00)|9478.2722777187|24.586499776486363|0|null|2.3635371975334074|0|null|false|0|false
246.95|(9461.24,-.51)|(1.00,-.02)|9460.241588593952|24.586499776486363|9460|0|0|(9471.24,.00)|(9559.59,.00)|(9479.27,.00)|0.31|1.00|0.00|(9481.24,.00)|(1.00,.00)|9480.241588593952|24.586499776486363|0|null|2.361349817622958|0|null|false|0|false
247.00|(9463.21,-.51)|(1.00,-.01)|9462.210952872216|24.586499776486363|9462|0|0|(9473.21,.00)|(9561.56,.00)|(9481.24,.00)|0.30|1.00|0.00|(9483.21,.00)|(1.00,.00)|9482.210952872216|24.586499776486363|0|null|2.3610645263397823|0|null|false|0|false
247.05|(9465.18,-.50)|(1.00,-.01)|9464.180318206338|24.586499776486363|9464|0|0|(9475.18,.00)|(9563.53,.00)|(9483.21,.00)|0.30|1.00|0.00|(9485.18,.00)|(1.00,.00)|9484.180318206338|24.586499776486363|0|null|2.362907107508904|0|null|false|0|false
247.10|(9467.15,-.49)|(1.00,-.01)|9466.149652764969|24.586499776486363|9466|0|0|(9477.15,.00)|(9565.50,.00)|(9485.18,.00)|0.30|1.00|0.00|(9487.15,.00)|(1.00,.00)|9486.149652764969|24.586499776486363|0|null|2.3668842412952125|0|null|false|0|false
247.15|(9469.12,-.46)|(1.00,-.00)|9468.118924658977|24.586499776486363|9468|0|0|(9479.12,.00)|(9567.46,.00)|(9487.15,.00)|0.30|1.00|0.00|(9489.12,.00)|(1.00,.00)|9488.118924658977|24.586499776486363|0|null|2.3729989058515004|0|null|false|0|false
247.20|(9471.09,-.44)|(1.00,.00)|9470.088239566705|24.586499776486363|9470|0|0|(9481.09,.00)|(9569.43,.00)|(9489.12,.00)|0.22|1.00|0.00|(9491.09,.00)|(1.00,.00)|9490.088239566705|24.586499776486363|0|null|2.3798669894894413|0|null|false|0|false
247.25|(9473.06,-.41)|(1.00,.01)|9472.057474219664|24.586499776486363|9472|0|0|(9483.06,.00)|(9571.40,.00)|(9491.09,.00)|0.22|1.00|0.00|(9493.06,.00)|(1.00,.00)|9492.057474219664|24.586499776486363|0|null|2.388392974455411|0|null|false|0|false
247.30|(9475.03,-.37)|(1.00,.01)|9474.026610226701|24.586499776486363|9474|0|0|(9485.03,.00)|(9573.37,.00)|(9493.06,.00)|0.22|1.00|0.00|(9495.03,.00)|(1.00,.00)|9494.026610226701|24.586499776486363|0|null|2.3985655139869975|0|null|false|0|false
247.35|(9477.00,-.33)|(1.00,.01)|9475.995629807025|24.586499776486363|9475|0|0|(9487.00,.00)|(9575.34,.00)|(9495.03,.00)|0.22|1.00|0.00|(9497.00,.00)|(1.00,.00)|9495.995629807025|24.586499776486363|0|null|2.410370909913363|0|null|false|0|false
247.40|(9478.96,-.29)|(1.00,.01)|9477.964725439706|24.586499776486363|9477|0|0|(9488.96,.00)|(9577.31,.00)|(9497.00,.00)|0.10|1.00|0.00|(9498.96,.00)|(1.00,.00)|9497.964725439706|24.586499776486363|0|null|2.42174168153921|0|null|false|0|false
247.45|(9480.93,-.24)|(1.00,.02)|9479.93375324291|24.586499776486363|9479|0|0|(9490.93,.00)|(9579.28,.00)|(9498.96,.00)|0.10|1.00|0.00|(9500.93,.00)|(1.00,.00)|9499.93375324291|24.586499776486363|0|null|2.43400734079062|0|null|false|0|false
247.50|(9482.90,-.19)|(1.00,.02)|9481.902709631559|24.586499776486363|9481|0|0|(9492.90,.00)|(9581.25,.00)|(9500.93,.00)|0.10|1.00|0.00|(9502.90,.00)|(1.00,.00)|9501.902709631559|24.586499776486363|0|null|2.447142342468643|0|null|false|0|false
247.55|(9484.87,-.14)|(1.00,.02)|9483.871591569363|24.586499776486363|9483|0|0|(9494.87,.00)|(9583.22,.00)|(9502.90,.00)|0.10|1.00|0.00|(9504.87,.00)|(1.00,.00)|9503.871591569363|24.586499776486363|0|null|2.4611206786634647|0|null|false|0|false
247.60|(9486.84,-.10)|(1.00,.02)|9485.840572371026|24.586499776486363|9485|0|0|(9496.84,.00)|(9585.19,.00)|(9504.87,.00)|-0.03|1.00|0.00|(9506.84,.00)|(1.00,.00)|9505.840572371026|24.586499776486363|0|null|2.473731170891895|0|null|false|0|false
247.65|(9488.81,-.05)|(1.00,.02)|9487.809554994754|24.586499776486363|9487|0|0|(9498.81,.00)|(9587.16,.00)|(9506.84,.00)|-0.03|1.00|0.00|(9508.81,.00)|(1.00,.00)|9507.809554994754|24.586499776486363|0|null|2.486382432631743|0|null|false|0|false
247.70|(9490.78,-.00)|(1.00,.02)|9489.778541691488|24.586499776486363|9489|0|0|(9500.78,.00)|(9589.12,.00)|(9508.81,.00)|-0.03|1.00|0.00|(9510.78,.00)|(1.00,.00)|9509.778541691488|24.586499776486363|0|null|2.4990418582020224|0|null|false|0|false
247.75|(9492.75,.04)|(1.00,.02)|9491.747598320735|24.586499776486363|9491|0|0|(9502.75,.00)|(9591.09,.00)|(9510.78,.00)|-0.11|1.00|0.00|(9512.75,.00)|(1.00,.00)|9511.747598320735|24.586499776486363|0|null|2.5103262234120858|0|null|false|0|false
247.80|(9494.72,.08)|(1.00,.02)|9493.716700607245|24.586499776486363|9493|0|0|(9504.72,.00)|(9593.06,.00)|(9512.75,.00)|-0.11|1.00|0.00|(9514.72,.00)|(1.00,.00)|9513.716700607245|24.586499776486363|0|null|2.5210938104898406|0|null|false|0|false
247.85|(9496.69,.11)|(1.00,.02)|9495.685848350986|24.586499776486363|9495|0|0|(9506.69,.00)|(9595.03,.00)|(9514.72,.00)|-0.11|1.00|0.00|(9516.69,.00)|(1.00,.00)|9515.685848350986|24.586499776486363|0|null|2.531312674428113|0|null|false|0|false
247.90|(9498.66,.15)|(1.00,.02)|9497.655040910442|24.586499776486363|9497|0|0|(9508.66,.00)|(9597.00,.00)|(9516.69,.00)|-0.11|1.00|0.00|(9518.66,.00)|(1.00,.00)|9517.655040910442|24.586499776486363|0|null|2.540953400507571|0|null|false|0|false
247.95|(9500.62,.18)|(1.00,.02)|9499.624289805959|24.586499776486363|9499|0|0|(9510.62,.00)|(9598.97,.00)|(9518.66,.00)|-0.16|1.00|0.00|(9520.62,.00)|(1.00,.00)|9519.624289805959|24.586499776486363|0|null|2.5490404864973844|0|null|false|0|false
248.00|(9502.59,.21)|(1.00,.02)|9501.593595546306|24.586499776486363|9501|0|0|(9512.59,.00)|(9600.94,.00)|(9520.62,.00)|-0.16|1.00|0.00|(9522.59,.00)|(1.00,.00)|9521.593595546306|24.586499776486363|0|null|2.556172884054352|0|null|false|0|false
248.05|(9504.56,.23)|(1.00,.02)|9503.562952412267|24.586499776486363|9503|0|0|(9514.56,.00)|(9602.91,.00)|(9522.59,.00)|-0.16|1.00|0.00|(9524.56,.00)|(1.00,.00)|9523.562952412267|24.586499776486363|0|null|2.562326403601223|0|null|false|0|false
248.10|(9506.53,.25)|(1.00,.01)|9505.532354147419|24.586499776486363|9505|0|0|(9516.53,.00)|(9604.88,.00)|(9524.56,.00)|-0.16|1.00|0.00|(9526.53,.00)|(1.00,.00)|9525.532354147419|24.586499776486363|0|null|2.5674800571701257|0|null|false|0|false
248.15|(9508.50,.26)|(1.00,.01)|9507.501775466626|24.586499776486363|9507|0|0|(9518.50,.00)|(9606.85,.00)|(9526.53,.00)|-0.21|1.00|0.00|(9528.50,.00)|(1.00,.00)|9527.501775466626|24.586499776486363|0|null|2.5708328476034383|0|null|false|0|false
248.20|(9510.47,.27)|(1.00,.01)|9509.471228443543|24.586499776486363|9509|0|0|(9520.47,.00)|(9608.82,.00)|(9528.50,.00)|-0.21|1.00|0.00|(9530.47,.00)|(1.00,.00)|9529.471228443543|24.586499776486363|0|null|2.572884288014639|0|null|false|0|false
248.25|(9512.44,.27)|(1.00,.01)|9511.440701129939|24.586499776486363|9511|0|0|(9522.44,.00)|(9610.79,.00)|(9530.47,.00)|-0.21|1.00|0.00|(9532.44,.00)|(1.00,.00)|9531.440701129939|24.586499776486363|0|null|2.5736201913941685|0|null|false|0|false
248.30|(9514.41,.27)|(1.00,.01)|9513.410195369384|24.586499776486363|9513|0|0|(9524.41,.00)|(9612.76,.00)|(9532.44,.00)|-0.19|1.00|0.00|(9534.41,.00)|(1.00,.00)|9533.410195369384|24.586499776486363|0|null|2.5733174917458475|0|null|false|0|false
248.35|(9516.38,.26)|(1.00,.00)|9515.379687492536|24.586499776486363|9515|0|0|(9526.38,.00)|(9614.73,.00)|(9534.41,.00)|-0.19|1.00|0.00|(9536.38,.00)|(1.00,.00)|9535.379687492536|24.586499776486363|0|null|2.5717790220084904|0|null|false|0|false
248.40|(9518.35,.25)|(1.00,.00)|9517.349166649967|24.586499776486363|9517|0|0|(9528.35,.00)|(9616.70,.00)|(9536.38,.00)|-0.19|1.00|0.00|(9538.35,.00)|(1.00,.00)|9537.349166649967|24.586499776486363|0|null|2.5690003154088337|0|null|false|0|false
248.45|(9520.32,.24)|(1.00,.00)|9519.318621958713|24.586499776486363|9519|0|0|(9530.32,.00)|(9618.66,.00)|(9538.35,.00)|-0.19|1.00|0.00|(9540.32,.00)|(1.00,.00)|9539.318621958713|24.586499776486363|0|null|2.5649792553553077|0|null|false|0|false
248.50|(9522.29,.22)|(1.00,-.00)|9521.288042568774|24.586499776486363|9521|0|0|(9532.29,.00)|(9620.63,.00)|(9540.32,.00)|-0.19|1.00|0.00|(9542.29,.00)|(1.00,.00)|9541.288042568774|24.586499776486363|0|null|2.5597157911952033|0|null|false|0|false
248.55|(9524.26,.19)|(1.00,-.00)|9523.257417717732|24.586499776486363|9523|0|0|(9534.26,.00)|(9622.60,.00)|(9542.29,.00)|-0.19|1.00|0.00|(9544.26,.00)|(1.00,.00)|9543.257417717732|24.586499776486363|0|null|2.5532116304184163|0|null|false|0|false
248.60|(9526.23,.17)|(1.00,-.01)|9525.226736772158|24.586499776486363|9525|0|0|(9536.23,.00)|(9624.57,.00)|(9544.26,.00)|-0.19|1.00|0.00|(9546.23,.00)|(1.00,.00)|9545.226736772158|24.586499776486363|0|null|2.545469912400502|0|null|false|0|false
248.65|(9528.20,.13)|(1.00,-.01)|9527.195989254924|24.586499776486363|9527|0|0|(9538.20,.00)|(9626.54,.00)|(9546.23,.00)|-0.19|1.00|0.00|(9548.20,.00)|(1.00,.00)|9547.195989254924|24.586499776486363|0|null|2.536494869280897|0|null|false|0|false
248.70|(9530.17,.10)|(1.00,-.01)|9529.165164857968|24.586499776486363|9529|0|0|(9540.17,.00)|(9628.51,.00)|(9548.20,.00)|-0.19|1.00|0.00|(9550.17,.00)|(1.00,.00)|9549.165164857968|24.586499776486363|0|null|2.526291479952626|0|null|false|0|false
248.75|(9532.13,.05)|(1.00,-.01)|9531.134253440561|24.586499776486363|9531|0|0|(9542.13,.00)|(9630.48,.00)|(9550.17,.00)|-0.19|1.00|0.00|(9552.13,.00)|(1.00,.00)|9551.134253440561|24.586499776486363|0|null|2.5148651233887227|0|null|false|0|false
248.80|(9534.10,.01)|(1.00,-.02)|9533.103245013528|24.586499776486363|9533|0|0|(9544.10,.00)|(9632.45,.00)|(9552.13,.00)|-0.19|1.00|0.00|(9554.10,.00)|(1.00,.00)|9553.103245013528|24.586499776486363|0|null|2.5022212376417268|0|null|false|0|false
248.85|(9536.07,-.04)|(1.00,-.02)|9535.072129710326|24.586499776486363|9535|0|0|(9546.07,.00)|(9634.42,.00)|(9554.10,.00)|-0.19|1.00|0.00|(9556.07,.00)|(1.00,.00)|9555.072129710326|24.586499776486363|0|null|2.488364990823233|0|null|false|0|false
248.90|(9538.04,-.10)|(1.00,-.02)|9537.040897746218|24.586499776486363|9537|0|0|(9548.04,.00)|(9636.39,.00)|(9556.07,.00)|-0.19|1.00|0.00|(9558.04,.00)|(1.00,.00)|9557.040897746218|24.586499776486363|0|null|2.4733009702007083|0|null|false|0|false
248.95|(9540.01,-.16)|(1.00,-.02)|9539.00953936713|24.586499776486363|9539|0|0|(9550.01,.00)|(9638.36,.00)|(9558.04,.00)|-0.19|1.00|0.00|(9560.01,.00)|(1.00,.00)|9559.00953936713|24.586499776486363|0|null|2.4570328952421527|0|null|false|0|false
249.00|(9541.98,-.22)|(1.00,-.03)|9540.97804479005|24.586499776486363|9540|0|0|(9551.98,.00)|(9640.32,.00)|(9560.01,.00)|-0.19|1.00|0.00|(9561.98,.00)|(1.00,.00)|9560.97804479005|24.586499776486363|0|null|2.4395633600020927|0|null|false|0|false
249.05|(9543.95,-.29)|(1.00,-.03)|9542.946404136994|24.586499776486363|9542|0|0|(9553.95,.00)|(9642.29,.00)|(9561.98,.00)|-0.19|1.00|0.00|(9563.95,.00)|(1.00,.00)|9562.946404136994|24.586499776486363|0|null|2.4208936096841733|0|null|false|0|false
249.10|(9545.91,-.36)|(1.00,-.03)|9544.91460736479|24.586499776486363|9544|0|0|(9555.91,.00)|(9644.26,.00)|(9563.95,.00)|-0.19|1.00|0.00|(9565.91,.00)|(1.00,.00)|9564.91460736479|24.586499776486363|0|null|2.401023355548337|0|null|false|0|false
249.15|(9547.88,-.44)|(1.00,-.03)|9546.882644192967|24.586499776486363|9546|0|0|(9557.88,.00)|(9646.23,.00)|(9565.91,.00)|-0.19|1.00|0.00|(9567.88,.00)|(1.00,.00)|9566.882644192967|24.586499776486363|0|null|2.3799506315685326|0|null|false|0|false
249.20|(9549.85,-.50)|(1.00,-.03)|9548.85117370632|24.586499776486363|9548|0|0|(9559.85,.00)|(9648.20,.00)|(9567.88,.00)|0.16|1.00|0.00|(9569.85,.00)|(1.00,.00)|9568.85117370632|24.586499776486363|0|null|2.363663749551182|0|null|false|0|false
249.25|(9551.82,-.56)|(1.00,-.03)|9550.81980790953|24.586499776486363|9550|0|0|(9561.82,.00)|(9650.17,.00)|(9569.85,.00)|0.16|1.00|0.00|(9571.82,.00)|(1.00,.00)|9570.81980790953|24.586499776486363|0|null|2.3482224988697107|0|null|false|0|false
249.30|(9553.79,-.61)|(1.00,-.03)|9552.788542159144|24.586499776486363|9552|0|0|(9563.79,.00)|(9652.13,.00)|(9571.82,.00)|0.16|1.00|0.00|(9573.79,.00)|(1.00,.00)|9572.788542159144|24.586499776486363|0|null|2.333638520160904|0|null|false|0|false
249.35|(9555.76,-.65)|(1.00,-.03)|9554.757408236757|24.586499776486363|9554|0|0|(9565.76,.00)|(9654.10,.00)|(9573.79,.00)|0.36|1.00|0.00|(9575.76,.00)|(1.00,.00)|9574.757408236757|24.586499776486363|0|null|2.323388975841908|0|null|false|0|false
249.40|(9557.73,-.68)|(1.00,-.02)|9556.726430383016|24.586499776486363|9556|0|0|(9567.73,.00)|(9656.07,.00)|(9575.76,.00)|0.36|1.00|0.00|(9577.73,.00)|(1.00,.00)|9576.726430383016|24.586499776486363|0|null|2.315199896625658|0|null|false|0|false
249.45|(9559.70,-.70)|(1.00,-.02)|9558.69557827152|24.586499776486363|9558|0|0|(9569.70,.00)|(9658.04,.00)|(9577.73,.00)|0.36|1.00|0.00|(9579.70,.00)|(1.00,.00)|9578.69557827152|24.586499776486363|0|null|2.309083307567911|0|null|false|0|false
249.50|(9561.66,-.71)|(1.00,-.02)|9560.66482104475|24.586499776486363|9560|0|0|(9571.66,.00)|(9660.01,.00)|(9579.70,.00)|0.36|1.00|0.00|(9581.66,.00)|(1.00,.00)|9580.66482104475|24.586499776486363|0|null|2.3050469722546323|0|null|false|0|false
249.55|(9563.63,-.72)|(1.00,-.01)|9562.634104699886|24.586499776486363|9562|0|0|(9573.63,.00)|(9661.98,.00)|(9581.66,.00)|0.38|1.00|0.00|(9583.63,.00)|(1.00,.00)|9582.634104699886|24.586499776486363|0|null|2.303429995405832|0|null|false|0|false
249.60|(9565.60,-.72)|(1.00,-.01)|9564.603417296425|24.586499776486363|9564|0|0|(9575.60,.00)|(9663.95,.00)|(9583.63,.00)|0.38|1.00|0.00|(9585.60,.00)|(1.00,.00)|9584.603417296425|24.586499776486363|0|null|2.3040128392614654|0|null|false|0|false
249.65|(9567.57,-.71)|(1.00,-.01)|9566.572724196863|24.586499776486363|9566|0|0|(9577.57,.00)|(9665.92,.00)|(9585.60,.00)|0.38|1.00|0.00|(9587.57,.00)|(1.00,.00)|9586.572724196863|24.586499776486363|0|null|2.306794169724449|0|null|false|0|false
249.70|(9569.54,-.69)|(1.00,-.00)|9568.541990987991|24.586499776486363|9568|0|0|(9579.54,.00)|(9667.89,.00)|(9587.57,.00)|0.38|1.00|0.00|(9589.54,.00)|(1.00,.00)|9588.541990987991|24.586499776486363|0|null|2.3117700719237315|0|null|false|0|false
249.75|(9571.51,-.66)|(1.00,.00)|9570.51118361208|24.586499776486363|9570|0|0|(9581.51,.00)|(9669.86,.00)|(9589.54,.00)|0.38|1.00|0.00|(9591.51,.00)|(1.00,.00)|9590.51118361208|24.586499776486363|0|null|2.3189345351768|0|null|false|0|false
249.80|(9573.48,-.63)|(1.00,.00)|9572.480388518483|24.586499776486363|9572|0|0|(9583.48,.00)|(9671.83,.00)|(9591.51,.00)|0.32|1.00|0.00|(9593.48,.00)|(1.00,.00)|9592.480388518483|24.586499776486363|0|null|2.3272613274642504|0|null|false|0|false
249.85|(9575.45,-.60)|(1.00,.01)|9574.449488998867|24.586499776486363|9574|0|0|(9585.45,.00)|(9673.80,.00)|(9593.48,.00)|0.32|1.00|0.00|(9595.45,.00)|(1.00,.00)|9594.449488998867|24.586499776486363|0|null|2.337410441405653|0|null|false|0|false
249.90|(9577.42,-.55)|(1.00,.01)|9576.418462417885|24.586499776486363|9576|0|0|(9587.42,.00)|(9675.76,.00)|(9595.45,.00)|0.32|1.00|0.00|(9597.42,.00)|(1.00,.00)|9596.418462417885|24.586499776486363|0|null|2.3493692436179536|0|null|false|0|false
249.95|(9579.39,-.50)|(1.00,.01)|9578.387286676905|24.586499776486363|9578|0|0|(9589.39,.00)|(9677.73,.00)|(9597.42,.00)|0.32|1.00|0.00|(9599.39,.00)|(1.00,.00)|9598.387286676905|24.586499776486363|0|null|2.3631252158322873|0|null|false|0|false
250.00|(9581.36,-.44)|(1.00,.02)|9580.355940163072|24.586499776486363|9580|0|0|(9591.36,.00)|(9679.70,.00)|(9599.39,.00)|0.32|1.00|0.00|(9601.36,.00)|(1.00,.00)|9600.355940163072|24.586499776486363|0|null|2.378666335316229|0|null|false|0|false
250.05|(9583.32,-.38)|(1.00,.02)|9582.324401678414|24.586499776486363|9582|0|0|(9593.32,.00)|(9681.67,.00)|(9601.36,.00)|0.32|1.00|0.00|(9603.32,.00)|(1.00,.00)|9602.324401678414|24.586499776486363|0|null|2.395981422389159|0|null|false|0|false
250.10|(9585.29,-.31)|(1.00,.02)|9584.292650352405|24.586499776486363|9584|0|0|(9595.29,.00)|(9683.64,.00)|(9603.32,.00)|0.32|1.00|0.00|(9605.29,.00)|(1.00,.00)|9604.292650352405|24.586499776486363|0|null|2.4150604500873842|0|null|false|0|false
250.15|(9587.26,-.23)|(1.00,.03)|9586.260665541675|24.586499776486363|9586|0|0|(9597.26,.00)|(9685.61,.00)|(9605.29,.00)|0.32|1.00|0.00|(9607.26,.00)|(1.00,.00)|9606.260665541675|24.586499776486363|0|null|2.435894811699462|0|null|false|0|false
250.20|(9589.23,-.15)|(1.00,.03)|9588.228426720696|24.586499776486363|9588|0|0|(9599.23,.00)|(9687.57,.00)|(9607.26,.00)|0.32|1.00|0.00|(9609.23,.00)|(1.00,.00)|9608.228426720696|24.586499776486363|0|null|2.4584775426514076|0|null|false|0|false
250.25|(9591.20,-.09)|(1.00,.03)|9590.196792733379|24.586499776486363|9590|0|0|(9601.20,.00)|(9689.54,.00)|(9609.23,.00)|-0.07|1.00|0.00|(9611.20,.00)|(1.00,.00)|9610.196792733379|24.586499776486363|0|null|2.4761327812665983|0|null|false|0|false
250.30|(9593.17,-.02)|(1.00,.03)|9592.165237628196|24.586499776486363|9592|0|0|(9603.17,.00)|(9691.51,.00)|(9611.20,.00)|-0.07|1.00|0.00|(9613.17,.00)|(1.00,.00)|9612.165237628196|24.586499776486363|0|null|2.49323771881418|0|null|false|0|false
250.35|(9595.13,.04)|(1.00,.03)|9594.133760900162|24.586499776486363|9594|0|0|(9605.13,.00)|(9693.48,.00)|(9613.17,.00)|-0.07|1.00|0.00|(9615.13,.00)|(1.00,.00)|9614.133760900162|24.586499776486363|0|null|2.5097701137801542|0|null|false|0|false
250.40|(9597.10,.09)|(1.00,.03)|9596.10236140265|24.586499776486363|9596|0|0|(9607.10,.00)|(9695.45,.00)|(9615.13,.00)|-0.07|1.00|0.00|(9617.10,.00)|(1.00,.00)|9616.10236140265|24.586499776486363|0|null|2.525712055663359|0|null|false|0|false
250.45|(9599.07,.14)|(1.00,.03)|9598.071120008362|24.586499776486363|9598|0|0|(9609.07,.00)|(9697.42,.00)|(9617.10,.00)|-0.20|1.00|0.00|(9619.07,.00)|(1.00,.00)|9618.071120008362|24.586499776486363|0|null|2.53875166871401|0|null|false|0|false
250.50|(9601.04,.18)|(1.00,.03)|9600.040016444833|24.586499776486363|9600|0|0|(9611.04,.00)|(9699.39,.00)|(9619.07,.00)|-0.20|1.00|0.00|(9621.04,.00)|(1.00,.00)|9620.040016444833|24.586499776486363|0|null|2.550388139045455|0|null|false|0|false
250.55|(9603.01,.22)|(1.00,.03)|9602.009036865498|24.586499776486363|9602|0|0|(9613.01,.00)|(9701.36,.00)|(9621.04,.00)|-0.20|1.00|0.00|(9623.01,.00)|(1.00,.00)|9622.009036865498|24.586499776486363|0|null|2.5606078068364315|0|null|false|0|false
250.60|(9604.98,.25)|(1.00,.02)|9603.978155482615|24.586499776486363|9603|0|0|(9614.98,.00)|(9703.32,.00)|(9623.01,.00)|-0.25|1.00|0.00|(9624.98,.00)|(1.00,.00)|9623.978155482615|24.586499776486363|0|null|2.568609757560729|0|null|false|0|false
250.65|(9606.95,.27)|(1.00,.02)|9605.947376666976|24.586499776486363|9605|0|0|(9616.95,.00)|(9705.29,.00)|(9624.98,.00)|-0.25|1.00|0.00|(9626.95,.00)|(1.00,.00)|9625.947376666976|24.586499776486363|0|null|2.5749078000089916|0|null|false|0|false
250.70|(9608.92,.29)|(1.00,.02)|9607.91667929841|24.586499776486363|9607|0|0|(9618.92,.00)|(9707.26,.00)|(9626.95,.00)|-0.25|1.00|0.00|(9628.92,.00)|(1.00,.00)|9627.91667929841|24.586499776486363|0|null|2.5794968867398094|0|null|false|0|false
250.75|(9610.89,.30)|(1.00,.01)|9609.886041004806|24.586499776486363|9609|0|0|(9620.89,.00)|(9709.23,.00)|(9628.92,.00)|-0.25|1.00|0.00|(9630.89,.00)|(1.00,.00)|9629.886041004806|24.586499776486363|0|null|2.582352549253569|0|null|false|0|false
250.80|(9612.86,.31)|(1.00,.01)|9611.855441412912|24.586499776486363|9611|0|0|(9622.86,.00)|(9711.20,.00)|(9630.89,.00)|-0.25|1.00|0.00|(9632.86,.00)|(1.00,.00)|9631.855441412912|24.586499776486363|0|null|2.583490429908517|0|null|false|0|false
250.85|(9614.82,.30)|(1.00,.01)|9613.824859096268|24.586499776486363|9613|0|0|(9624.82,.00)|(9713.17,.00)|(9632.86,.00)|-0.25|1.00|0.00|(9634.82,.00)|(1.00,.00)|9633.824859096268|24.586499776486363|0|null|2.5829135124264635|0|null|false|0|false
250.90|(9616.79,.30)|(1.00,.01)|9615.794272824467|24.586499776486363|9615|0|0|(9626.79,.00)|(9715.14,.00)|(9634.82,.00)|-0.25|1.00|0.00|(9636.79,.00)|(1.00,.00)|9635.794272824467|24.586499776486363|0|null|2.580626571675737|0|null|false|0|false
250.95|(9618.76,.28)|(1.00,.00)|9617.763661638579|24.586499776486363|9617|0|0|(9628.76,.00)|(9717.11,.00)|(9636.79,.00)|-0.25|1.00|0.00|(9638.76,.00)|(1.00,.00)|9637.763661638579|24.586499776486363|0|null|2.5766357273814036|0|null|false|0|false
251.00|(9620.73,.26)|(1.00,.00)|9619.733077941168|24.586499776486363|9619|0|0|(9630.73,.00)|(9719.08,.00)|(9638.76,.00)|-0.20|1.00|0.00|(9640.73,.00)|(1.00,.00)|9639.733077941168|24.586499776486363|0|null|2.57184883704337|0|null|false|0|false
251.05|(9622.70,.24)|(1.00,-.00)|9621.702449725944|24.586499776486363|9621|0|0|(9632.70,.00)|(9721.05,.00)|(9640.73,.00)|-0.20|1.00|0.00|(9642.70,.00)|(1.00,.00)|9641.702449725944|24.586499776486363|0|null|2.5656820238249662|0|null|false|0|false
251.10|(9624.67,.21)|(1.00,-.01)|9623.671763779063|24.586499776486363|9623|0|0|(9634.67,.00)|(9723.02,.00)|(9642.70,.00)|-0.20|1.00|0.00|(9644.67,.00)|(1.00,.00)|9643.671763779063|24.586499776486363|0|null|2.5581458194152944|0|null|false|0|false
251.15|(9626.64,.18)|(1.00,-.01)|9625.641007223829|24.586499776486363|9625|0|0|(9636.64,.00)|(9724.99,.00)|(9644.67,.00)|-0.20|1.00|0.00|(9646.64,.00)|(1.00,.00)|9645.641007223829|24.586499776486363|0|null|2.5492502388193965|0|null|false|0|false
251.20|(9628.61,.14)|(1.00,-.01)|9627.610167477807|24.586499776486363|9627|0|0|(9638.61,.00)|(9726.96,.00)|(9646.64,.00)|-0.20|1.00|0.00|(9648.61,.00)|(1.00,.00)|9647.610167477807|24.586499776486363|0|null|2.539004504347373|0|null|false|0|false
251.25|(9630.58,.10)|(1.00,-.01)|9629.579232200065|24.586499776486363|9629|0|0|(9640.58,.00)|(9728.93,.00)|(9648.61,.00)|-0.20|1.00|0.00|(9650.58,.00)|(1.00,.00)|9649.579232200065|24.586499776486363|0|null|2.527416812548642|0|null|false|0|false
251.30|(9632.55,.05)|(1.00,-.02)|9631.548189231471|24.586499776486363|9631|0|0|(9642.55,.00)|(9730.89,.00)|(9650.58,.00)|-0.20|1.00|0.00|(9652.55,.00)|(1.00,.00)|9651.548189231471|24.586499776486363|0|null|2.5144941470936795|0|null|false|0|false
251.35|(9634.52,.01)|(1.00,-.02)|9633.517337153726|24.586499776486363|9633|0|0|(9644.52,.00)|(9732.86,.00)|(9652.55,.00)|0.01|1.00|0.00|(9654.52,.00)|(1.00,.00)|9653.517337153726|24.586499776486363|0|null|2.503751939055864|0|null|false|0|false
251.40|(9636.49,-.03)|(1.00,-.02)|9635.486480428988|24.586499776486363|9635|0|0|(9646.49,.00)|(9734.83,.00)|(9654.52,.00)|0.01|1.00|0.00|(9656.49,.00)|(1.00,.00)|9655.486480428988|24.586499776486363|0|null|2.49288990447086|0|null|false|0|false
251.45|(9638.46,-.07)|(1.00,-.02)|9637.455619670223|24.586499776486363|9637|0|0|(9648.46,.00)|(9736.80,.00)|(9656.49,.00)|0.01|1.00|0.00|(9658.46,.00)|(1.00,.00)|9657.455619670223|24.586499776486363|0|null|2.481921853702829|0|null|false|0|false
251.50|(9640.42,-.11)|(1.00,-.02)|9639.424755361697|24.586499776486363|9639|0|0|(9650.42,.00)|(9738.77,.00)|(9658.46,.00)|0.01|1.00|0.00|(9660.42,.00)|(1.00,.00)|9659.424755361697|24.586499776486363|0|null|2.4708589170750193|0|null|false|0|false
251.55|(9642.39,-.14)|(1.00,-.02)|9641.39395035442|24.586499776486363|9641|0|0|(9652.39,.00)|(9740.74,.00)|(9660.42,.00)|0.09|1.00|0.00|(9662.39,.00)|(1.00,.00)|9661.39395035442|24.586499776486363|0|null|2.461100711808009|0|null|false|0|false
251.60|(9644.36,-.18)|(1.00,-.02)|9643.363177262177|24.586499776486363|9643|0|0|(9654.36,.00)|(9742.71,.00)|(9662.39,.00)|0.09|1.00|0.00|(9664.36,.00)|(1.00,.00)|9663.363177262177|24.586499776486363|0|null|2.4517401467617885|0|null|false|0|false
251.65|(9646.33,-.21)|(1.00,-.02)|9645.332435114811|24.586499776486363|9645|0|0|(9656.33,.00)|(9744.68,.00)|(9664.36,.00)|0.09|1.00|0.00|(9666.33,.00)|(1.00,.00)|9665.332435114811|24.586499776486363|0|null|2.442785778236171|0|null|false|0|false
251.70|(9648.30,-.24)|(1.00,-.02)|9647.301741022105|24.586499776486363|9647|0|0|(9658.30,.00)|(9746.65,.00)|(9666.33,.00)|0.15|1.00|0.00|(9668.30,.00)|(1.00,.00)|9667.301741022105|24.586499776486363|0|null|2.435419802049948|0|null|false|0|false
251.75|(9650.27,-.26)|(1.00,-.02)|9649.27109387858|24.586499776486363|9649|0|0|(9660.27,.00)|(9748.62,.00)|(9668.30,.00)|0.15|1.00|0.00|(9670.27,.00)|(1.00,.00)|9669.27109387858|24.586499776486363|0|null|2.428874255515586|0|null|false|0|false
251.80|(9652.24,-.28)|(1.00,-.01)|9651.240488707728|24.586499776486363|9651|0|0|(9662.24,.00)|(9750.59,.00)|(9670.27,.00)|0.15|1.00|0.00|(9672.24,.00)|(1.00,.00)|9671.240488707728|24.586499776486363|0|null|2.423155378114682|0|null|false|0|false
251.85|(9654.21,-.30)|(1.00,-.01)|9653.209915814974|24.586499776486363|9653|0|0|(9664.21,.00)|(9752.56,.00)|(9672.24,.00)|0.18|1.00|0.00|(9674.21,.00)|(1.00,.00)|9673.209915814974|24.586499776486363|0|null|2.4186799814971938|0|null|false|0|false
251.90|(9656.18,-.31)|(1.00,-.01)|9655.179376840537|24.586499776486363|9655|0|0|(9666.18,.00)|(9754.53,.00)|(9674.21,.00)|0.18|1.00|0.00|(9676.18,.00)|(1.00,.00)|9675.179376840537|24.586499776486363|0|null|2.4151804838808983|0|null|false|0|false
251.95|(9658.15,-.32)|(1.00,-.01)|9657.148864669773|24.586499776486363|9657|0|0|(9668.15,.00)|(9756.49,.00)|(9676.18,.00)|0.18|1.00|0.00|(9678.15,.00)|(1.00,.00)|9677.148864669773|24.586499776486363|0|null|2.412660368175781|0|null|false|0|false
252.00|(9660.12,-.33)|(1.00,-.01)|9659.118372134759|24.586499776486363|9659|0|0|(9670.12,.00)|(9758.46,.00)|(9678.15,.00)|0.18|1.00|0.00|(9680.12,.00)|(1.00,.00)|9679.118372134759|24.586499776486363|0|null|2.411122390564726|0|null|false|0|false
252.05|(9662.09,-.33)|(1.00,-.01)|9661.087892039146|24.586499776486363|9661|0|0|(9672.09,.00)|(9760.43,.00)|(9680.12,.00)|0.18|1.00|0.00|(9682.09,.00)|(1.00,.00)|9681.087892039146|24.586499776486363|0|null|2.4105689616471535|0|null|false|0|false
252.10|(9664.06,-.33)|(1.00,-.00)|9663.057417170341|24.586499776486363|9663|0|0|(9674.06,.00)|(9762.40,.00)|(9682.09,.00)|0.18|1.00|0.00|(9684.06,.00)|(1.00,.00)|9683.057417170341|24.586499776486363|0|null|2.4110025076322437|0|null|false|0|false
252.15|(9666.03,-.32)|(1.00,-.00)|9665.026940299376|24.586499776486363|9665|0|0|(9676.03,.00)|(9764.37,.00)|(9684.06,.00)|0.18|1.00|0.00|(9686.03,.00)|(1.00,.00)|9685.026940299376|24.586499776486363|0|null|2.4124258054924095|0|null|false|0|false
252.20|(9668.00,-.31)|(1.00,-.00)|9666.996454169179|24.586499776486363|9666|0|0|(9678.00,.00)|(9766.34,.00)|(9686.03,.00)|0.18|1.00|0.00|(9688.00,.00)|(1.00,.00)|9686.996454169179|24.586499776486363|0|null|2.414842286491665|0|null|false|0|false
252.25|(9669.97,-.30)|(1.00,.00)|9668.965951472368|24.586499776486363|9668|0|0|(9679.97,.00)|(9768.31,.00)|(9688.00,.00)|0.18|1.00|0.00|(9689.97,.00)|(1.00,.00)|9688.965951472368|24.586499776486363|0|null|2.418256303122227|0|null|false|0|false
252.30|(9671.94,-.28)|(1.00,.00)|9670.935424819943|24.586499776486363|9670|0|0|(9681.94,.00)|(9770.28,.00)|(9689.97,.00)|0.18|1.00|0.00|(9691.94,.00)|(1.00,.00)|9690.935424819943|24.586499776486363|0|null|2.4226733552040547|0|null|false|0|false
252.35|(9673.90,-.26)|(1.00,.00)|9672.904866702507|24.586499776486363|9672|0|0|(9683.90,.00)|(9772.25,.00)|(9691.94,.00)|0.18|1.00|0.00|(9693.90,.00)|(1.00,.00)|9692.904866702507|24.586499776486363|0|null|2.4281002717117124|0|null|false|0|false
252.40|(9675.87,-.24)|(1.00,.01)|9674.874269445816|24.586499776486363|9674|0|0|(9685.87,.00)|(9774.22,.00)|(9693.90,.00)|0.18|1.00|0.00|(9695.87,.00)|(1.00,.00)|9694.874269445816|24.586499776486363|0|null|2.43454534577455|0|null|false|0|false
252.45|(9677.84,-.21)|(1.00,.01)|9676.843625162603|24.586499776486363|9676|0|0|(9687.84,.00)|(9776.19,.00)|(9695.87,.00)|0.18|1.00|0.00|(9697.84,.00)|(1.00,.00)|9696.843625162603|24.586499776486363|0|null|2.442018421231671|0|null|false|0|false
252.50|(9679.81,-.18)|(1.00,.01)|9678.812925702663|24.586499776486363|9678|0|0|(9689.81,.00)|(9778.16,.00)|(9697.84,.00)|0.18|1.00|0.00|(9699.81,.00)|(1.00,.00)|9698.812925702663|24.586499776486363|0|null|2.4505309300930946|0|null|false|0|false
252.55|(9681.78,-.15)|(1.00,.01)|9680.782162603278|24.586499776486363|9680|0|0|(9691.78,.00)|(9780.13,.00)|(9699.81,.00)|0.18|1.00|0.00|(9701.78,.00)|(1.00,.00)|9700.782162603278|24.586499776486363|0|null|2.4600958812427507|0|null|false|0|false
252.60|(9683.75,-.11)|(1.00,.01)|9682.751327041964|24.586499776486363|9682|0|0|(9693.75,.00)|(9782.10,.00)|(9701.78,.00)|0.18|1.00|0.00|(9703.75,.00)|(1.00,.00)|9702.751327041964|24.586499776486363|0|null|2.4707278016968055|0|null|false|0|false
252.65|(9685.72,-.06)|(1.00,.02)|9684.720409793552|24.586499776486363|9684|0|0|(9695.72,.00)|(9784.07,.00)|(9703.75,.00)|0.18|1.00|0.00|(9705.72,.00)|(1.00,.00)|9704.720409793552|24.586499776486363|0|null|2.4824426326817504|0|null|false|0|false
252.70|(9687.69,-.02)|(1.00,.02)|9686.689401193444|24.586499776486363|9686|0|0|(9697.69,.00)|(9786.04,.00)|(9705.72,.00)|0.18|1.00|0.00|(9707.69,.00)|(1.00,.00)|9706.689401193444|24.586499776486363|0|null|2.4952575837004725|0|null|false|0|false
252.75|(9689.66,.03)|(1.00,.02)|9688.658291108768|24.586499776486363|9688|0|0|(9699.66,.00)|(9788.00,.00)|(9707.69,.00)|0.18|1.00|0.00|(9709.66,.00)|(1.00,.00)|9708.658291108768|24.586499776486363|0|null|2.5091909485920696|0|null|false|0|false
252.80|(9691.63,.08)|(1.00,.02)|9690.627363823303|24.586499776486363|9690|0|0|(9701.63,.00)|(9789.97,.00)|(9709.66,.00)|-0.01|1.00|0.00|(9711.63,.00)|(1.00,.00)|9710.627363823303|24.586499776486363|0|null|2.521069337174848|0|null|false|0|false
252.85|(9693.60,.12)|(1.00,.02)|9692.596435668185|24.586499776486363|9692|0|0|(9703.60,.00)|(9791.94,.00)|(9711.63,.00)|-0.01|1.00|0.00|(9713.60,.00)|(1.00,.00)|9712.596435668185|24.586499776486363|0|null|2.5330087254859386|0|null|false|0|false
252.90|(9695.57,.16)|(1.00,.02)|9694.565505424409|24.586499776486363|9694|0|0|(9705.57,.00)|(9793.91,.00)|(9713.60,.00)|-0.01|1.00|0.00|(9715.57,.00)|(1.00,.00)|9714.565505424409|24.586499776486363|0|null|2.5450191488865324|0|null|false|0|false
252.95|(9697.53,.21)|(1.00,.02)|9696.534571771144|24.586499776486363|9696|0|0|(9707.53,.00)|(9795.88,.00)|(9715.57,.00)|-0.01|1.00|0.00|(9717.53,.00)|(1.00,.00)|9716.534571771144|24.586499776486363|0|null|2.557111815255897|0|null|false|0|false
253.00|(9699.50,.24)|(1.00,.02)|9698.503750847762|24.586499776486363|9698|0|0|(9709.50,.00)|(9797.85,.00)|(9717.53,.00)|-0.17|1.00|0.00|(9719.50,.00)|(1.00,.00)|9718.503750847762|24.586499776486363|0|null|2.566518134593288|0|null|false|0|false
253.05|(9701.47,.27)|(1.00,.02)|9700.472992381041|24.586499776486363|9700|0|0|(9711.47,.00)|(9799.82,.00)|(9719.50,.00)|-0.17|1.00|0.00|(9721.47,.00)|(1.00,.00)|9720.472992381041|24.586499776486363|0|null|2.575076267543301|0|null|false|0|false
253.10|(9703.44,.30)|(1.00,.02)|9702.442290262012|24.586499776486363|9702|0|0|(9713.44,.00)|(9801.79,.00)|(9721.47,.00)|-0.17|1.00|0.00|(9723.44,.00)|(1.00,.00)|9722.442290262012|24.586499776486363|0|null|2.5827898236870723|0|null|false|0|false
253.15|(9705.41,.33)|(1.00,.02)|9704.411637558367|24.586499776486363|9704|0|0|(9715.41,.00)|(9803.76,.00)|(9723.44,.00)|-0.21|1.00|0.00|(9725.41,.00)|(1.00,.00)|9724.411637558367|24.586499776486363|0|null|2.588967008945174|0|null|false|0|false
253.20|(9707.38,.34)|(1.00,.01)|9706.38103612732|24.586499776486363|9706|0|0|(9717.38,.00)|(9805.73,.00)|(9725.41,.00)|-0.21|1.00|0.00|(9727.38,.00)|(1.00,.00)|9726.38103612732|24.586499776486363|0|null|2.5940694125747616|0|null|false|0|false
253.25|(9709.35,.36)|(1.00,.01)|9708.350476947862|24.586499776486363|9708|0|0|(9719.35,.00)|(9807.70,.00)|(9727.38,.00)|-0.21|1.00|0.00|(9729.35,.00)|(1.00,.00)|9728.350476947862|24.586499776486363|0|null|2.598099277926822|0|null|false|0|false
253.30|(9711.32,.37)|(1.00,.01)|9710.319951120535|24.586499776486363|9710|0|0|(9721.32,.00)|(9809.67,.00)|(9729.35,.00)|-0.21|1.00|0.00|(9731.32,.00)|(1.00,.00)|9730.319951120535|24.586499776486363|0|null|2.6010586677925676|0|null|false|0|false
253.35|(9713.29,.38)|(1.00,.01)|9712.289442594432|24.586499776486363|9712|0|0|(9723.29,.00)|(9811.64,.00)|(9731.32,.00)|-0.22|1.00|0.00|(9733.29,.00)|(1.00,.00)|9732.289442594432|24.586499776486363|0|null|2.6027063278498073|0|null|false|0|false
253.40|(9715.26,.38)|(1.00,.01)|9714.25894918852|24.586499776486363|9714|0|0|(9725.26,.00)|(9813.60,.00)|(9733.29,.00)|-0.22|1.00|0.00|(9735.26,.00)|(1.00,.00)|9734.25894918852|24.586499776486363|0|null|2.6032025026409613|0|null|false|0|false
253.45|(9717.23,.38)|(1.00,.01)|9716.228461005445|24.586499776486363|9716|0|0|(9727.23,.00)|(9815.57,.00)|(9735.26,.00)|-0.22|1.00|0.00|(9737.23,.00)|(1.00,.00)|9736.228461005445|24.586499776486363|0|null|2.6025462614425603|0|null|false|0|false
253.50|(9719.20,.37)|(1.00,.00)|9718.197968195658|24.586499776486363|9718|0|0|(9729.20,.00)|(9817.54,.00)|(9737.23,.00)|-0.22|1.00|0.00|(9739.20,.00)|(1.00,.00)|9738.197968195658|24.586499776486363|0|null|2.600735616960645|0|null|false|0|false
253.55|(9721.17,.36)|(1.00,.00)|9720.16746092041|24.586499776486363|9720|0|0|(9731.17,.00)|(9819.51,.00)|(9739.20,.00)|-0.22|1.00|0.00|(9741.17,.00)|(1.00,.00)|9740.16746092041|24.586499776486363|0|null|2.597767402463679|0|null|false|0|false
253.60|(9723.14,.35)|(1.00,-.00)|9722.136974483772|24.586499776486363|9722|0|0|(9733.14,.00)|(9821.48,.00)|(9741.17,.00)|-0.17|1.00|0.00|(9743.14,.00)|(1.00,.00)|9742.136974483772|24.586499776486363|0|null|2.594484029821819|0|null|false|0|false
253.65|(9725.11,.33)|(1.00,-.00)|9724.10646790702|24.586499776486363|9724|0|0|(9735.11,.00)|(9823.45,.00)|(9743.14,.00)|-0.17|1.00|0.00|(9745.11,.00)|(1.00,.00)|9744.10646790702|24.586499776486363|0|null|2.590323829091469|0|null|false|0|false
253.70|(9727.08,.31)|(1.00,-.00)|9726.075935473174|24.586499776486363|9726|0|0|(9737.08,.00)|(9825.42,.00)|(9745.11,.00)|-0.17|1.00|0.00|(9747.08,.00)|(1.00,.00)|9746.075935473174|24.586499776486363|0|null|2.5852825531358934|0|null|false|0|false
253.75|(9729.05,.29)|(1.00,-.01)|9728.045371380662|24.586499776486363|9728|0|0|(9739.05,.00)|(9827.39,.00)|(9747.08,.00)|-0.17|1.00|0.00|(9749.05,.00)|(1.00,.00)|9748.045371380662|24.586499776486363|0|null|2.5793544902423604|0|null|false|0|false
253.80|(9731.01,.27)|(1.00,-.01)|9730.014820617454|24.586499776486363|9730|0|0|(9741.01,.00)|(9829.36,.00)|(9749.05,.00)|-0.12|1.00|0.00|(9751.01,.00)|(1.00,.00)|9750.014820617454|24.586499776486363|0|null|2.573438363839839|0|null|false|0|false
253.85|(9732.98,.24)|(1.00,-.01)|9731.984245810403|24.586499776486363|9731|0|0|(9742.98,.00)|(9831.33,.00)|(9751.01,.00)|-0.12|1.00|0.00|(9752.98,.00)|(1.00,.00)|9751.984245810403|24.586499776486363|0|null|2.566931297637237|0|null|false|0|false
253.90|(9734.95,.22)|(1.00,-.01)|9733.953644149307|24.586499776486363|9733|0|0|(9744.95,.00)|(9833.30,.00)|(9752.98,.00)|-0.12|1.00|0.00|(9754.95,.00)|(1.00,.00)|9753.953644149307|24.586499776486363|0|null|2.55982701942086|0|null|false|0|false
253.95|(9736.92,.19)|(1.00,-.01)|9735.923012711926|24.586499776486363|9735|0|0|(9746.92,.00)|(9835.27,.00)|(9754.95,.00)|-0.12|1.00|0.00|(9756.92,.00)|(1.00,.00)|9755.923012711926|24.586499776486363|0|null|2.5521182240867177|0|null|false|0|false
254.00|(9738.89,.16)|(1.00,-.01)|9737.892397892652|24.586499776486363|9737|0|0|(9748.89,.00)|(9837.24,.00)|(9756.92,.00)|-0.07|1.00|0.00|(9758.89,.00)|(1.00,.00)|9757.892397892652|24.586499776486363|0|null|2.5447125630209526|0|null|false|0|false
254.05|(9740.86,.14)|(1.00,-.01)|9739.861768591209|24.586499776486363|9739|0|0|(9750.86,.00)|(9839.21,.00)|(9758.89,.00)|-0.07|1.00|0.00|(9760.86,.00)|(1.00,.00)|9759.861768591209|24.586499776486363|0|null|2.5370002671022798|0|null|false|0|false
254.10|(9742.83,.11)|(1.00,-.01)|9741.83112371674|24.586499776486363|9741|0|0|(9752.83,.00)|(9841.18,.00)|(9760.86,.00)|-0.07|1.00|0.00|(9762.83,.00)|(1.00,.00)|9761.83112371674|24.586499776486363|0|null|2.5289755132158467|0|null|false|0|false
254.15|(9744.80,.08)|(1.00,-.01)|9743.80046213451|24.586499776486363|9743|0|0|(9754.80,.00)|(9843.15,.00)|(9762.83,.00)|-0.07|1.00|0.00|(9764.80,.00)|(1.00,.00)|9763.80046213451|24.586499776486363|0|null|2.5206322613521164|0|null|false|0|false
254.20|(9746.77,.05)|(1.00,-.01)|9745.769837735988|24.586499776486363|9745|0|0|(9756.77,.00)|(9845.12,.00)|(9764.80,.00)|0.01|1.00|0.00|(9766.77,.00)|(1.00,.00)|9765.769837735988|24.586499776486363|0|null|2.5132381148646905|0|null|false|0|false
254.25|(9748.74,.02)|(1.00,-.01)|9747.739221393833|24.586499776486363|9747|0|0|(9758.74,.00)|(9847.09,.00)|(9766.77,.00)|0.01|1.00|0.00|(9768.74,.00)|(1.00,.00)|9767.739221393833|24.586499776486363|0|null|2.5059513113144214|0|null|false|0|false
254.30|(9750.71,-.00)|(1.00,-.01)|9749.708612685792|24.586499776486363|9749|0|0|(9760.71,.00)|(9849.05,.00)|(9768.74,.00)|0.01|1.00|0.00|(9770.71,.00)|(1.00,.00)|9769.708612685792|24.586499776486363|0|null|2.4987709534117277|0|null|false|0|false
254.35|(9752.68,-.03)|(1.00,-.01)|9751.678011226964|24.586499776486363|9751|0|0|(9762.68,.00)|(9851.02,.00)|(9770.71,.00)|0.01|1.00|0.00|(9772.68,.00)|(1.00,.00)|9771.678011226964|24.586499776486363|0|null|2.4916965746086213|0|null|false|0|false
254.40|(9754.65,-.05)|(1.00,-.01)|9753.647439897568|24.586499776486363|9753|0|0|(9764.65,.00)|(9852.99,.00)|(9772.68,.00)|0.07|1.00|0.00|(9774.65,.00)|(1.00,.00)|9773.647439897568|24.586499776486363|0|null|2.485786723035448|0|null|false|0|false
254.45|(9756.62,-.07)|(1.00,-.01)|9755.616890255418|24.586499776486363|9755|0|0|(9766.62,.00)|(9854.96,.00)|(9774.65,.00)|0.07|1.00|0.00|(9776.62,.00)|(1.00,.00)|9775.616890255418|24.586499776486363|0|null|2.480347588834713|0|null|false|0|false
254.50|(9758.59,-.09)|(1.00,-.01)|9757.58636053457|24.586499776486363|9757|0|0|(9768.59,.00)|(9856.93,.00)|(9776.62,.00)|0.07|1.00|0.00|(9778.59,.00)|(1.00,.00)|9777.58636053457|24.586499776486363|0|null|2.475384629364814|0|null|false|0|false
254.55|(9760.56,-.11)|(1.00,-.01)|9759.55584897422|24.586499776486363|9759|0|0|(9770.56,.00)|(9858.90,.00)|(9778.59,.00)|0.07|1.00|0.00|(9780.56,.00)|(1.00,.00)|9779.55584897422|24.586499776486363|0|null|2.4709040673835627|0|null|false|0|false
254.60|(9762.53,-.12)|(1.00,-.01)|9761.525353850393|24.586499776486363|9761|0|0|(9772.53,.00)|(9860.87,.00)|(9780.56,.00)|0.09|1.00|0.00|(9782.53,.00)|(1.00,.00)|9781.525353850393|24.586499776486363|0|null|2.467287390320511|0|null|false|0|false
254.65|(9764.49,-.13)|(1.00,-.01)|9763.49487537036|24.586499776486363|9763|0|0|(9774.49,.00)|(9862.84,.00)|(9782.53,.00)|0.09|1.00|0.00|(9784.49,.00)|(1.00,.00)|9783.49487537036|24.586499776486363|0|null|2.464296764165173|0|null|false|0|false
254.70|(9766.46,-.14)|(1.00,-.01)|9765.46441065801|24.586499776486363|9765|0|0|(9776.46,.00)|(9864.81,.00)|(9784.49,.00)|0.09|1.00|0.00|(9786.46,.00)|(1.00,.00)|9785.46441065801|24.586499776486363|0|null|2.461942268877935|0|null|false|0|false
254.75|(9768.43,-.15)|(1.00,-.01)|9767.433956756648|24.586499776486363|9767|0|0|(9778.43,.00)|(9866.78,.00)|(9786.46,.00)|0.09|1.00|0.00|(9788.43,.00)|(1.00,.00)|9787.433956756648|24.586499776486363|0|null|2.4602347105419144|0|null|false|0|false
254.80|(9770.40,-.15)|(1.00,-.01)|9769.403510611997|24.586499776486363|9769|0|0|(9780.40,.00)|(9868.75,.00)|(9788.43,.00)|0.09|1.00|0.00|(9790.40,.00)|(1.00,.00)|9789.403510611997|24.586499776486363|0|null|2.4591855412086066|0|null|false|0|false
254.85|(9772.37,-.15)|(1.00,-.00)|9771.373069154648|24.586499776486363|9771|0|0|(9782.37,.00)|(9870.72,.00)|(9790.40,.00)|0.09|1.00|0.00|(9792.37,.00)|(1.00,.00)|9791.373069154648|24.586499776486363|0|null|2.4588018179182036|0|null|false|0|false
254.90|(9774.34,-.15)|(1.00,-.00)|9773.342629010825|24.586499776486363|9773|0|0|(9784.34,.00)|(9872.69,.00)|(9792.37,.00)|0.09|1.00|0.00|(9794.34,.00)|(1.00,.00)|9793.342629010825|24.586499776486363|0|null|2.4590991192828664|0|null|false|0|false
254.95|(9776.31,-.15)|(1.00,-.00)|9775.312186761828|24.586499776486363|9775|0|0|(9786.31,.00)|(9874.66,.00)|(9794.34,.00)|0.09|1.00|0.00|(9796.31,.00)|(1.00,.00)|9795.312186761828|24.586499776486363|0|null|2.460089960401257|0|null|false|0|false
255.00|(9778.28,-.14)|(1.00,-.00)|9777.281738843385|24.586499776486363|9777|0|0|(9788.28,.00)|(9876.63,.00)|(9796.31,.00)|0.09|1.00|0.00|(9798.28,.00)|(1.00,.00)|9797.281738843385|24.586499776486363|0|null|2.46178682845794|0|null|false|0|false
255.05|(9780.25,-.13)|(1.00,.00)|9779.25129488902|24.586499776486363|9779|0|0|(9790.25,.00)|(9878.60,.00)|(9798.28,.00)|0.06|1.00|0.00|(9800.25,.00)|(1.00,.00)|9799.25129488902|24.586499776486363|0|null|2.46378487624908|0|null|false|0|false
255.10|(9782.22,-.12)|(1.00,.00)|9781.220842183266|24.586499776486363|9781|0|0|(9792.22,.00)|(9880.57,.00)|(9800.25,.00)|0.06|1.00|0.00|(9802.22,.00)|(1.00,.00)|9801.220842183266|24.586499776486363|0|null|2.466369652181492|0|null|false|0|false
255.15|(9784.19,-.11)|(1.00,.00)|9783.190378120787|24.586499776486363|9783|0|0|(9794.19,.00)|(9882.54,.00)|(9802.22,.00)|0.06|1.00|0.00|(9804.19,.00)|(1.00,.00)|9803.190378120787|24.586499776486363|0|null|2.469550792405357|0|null|false|0|false
255.20|(9786.16,-.10)|(1.00,.00)|9785.15990001787|24.586499776486363|9785|0|0|(9796.16,.00)|(9884.51,.00)|(9804.19,.00)|0.06|1.00|0.00|(9806.16,.00)|(1.00,.00)|9805.15990001787|24.586499776486363|0|null|2.473337066290404|0|null|false|0|false
255.25|(9788.13,-.08)|(1.00,.00)|9787.1294051307|24.586499776486363|9787|0|0|(9798.13,.00)|(9886.48,.00)|(9806.16,.00)|0.06|1.00|0.00|(9808.13,.00)|(1.00,.00)|9807.1294051307|24.586499776486363|0|null|2.477736120495724|0|null|false|0|false
255.30|(9790.10,-.06)|(1.00,.01)|9789.098890679179|24.586499776486363|9789|0|0|(9800.10,.00)|(9888.44,.00)|(9808.13,.00)|0.06|1.00|0.00|(9810.10,.00)|(1.00,.00)|9809.098890679179|24.586499776486363|0|null|2.482754236543207|0|null|false|0|false
255.35|(9792.07,-.04)|(1.00,.01)|9791.068353875724|24.586499776486363|9791|0|0|(9802.07,.00)|(9890.41,.00)|(9810.10,.00)|0.06|1.00|0.00|(9812.07,.00)|(1.00,.00)|9811.068353875724|24.586499776486363|0|null|2.488396108013897|0|null|false|0|false
255.40|(9794.04,-.02)|(1.00,.01)|9793.03779195823|24.586499776486363|9793|0|0|(9804.04,.00)|(9892.38,.00)|(9812.07,.00)|0.06|1.00|0.00|(9814.04,.00)|(1.00,.00)|9813.03779195823|24.586499776486363|0|null|2.494664643012335|0|null|false|0|false
255.45|(9796.01,.01)|(1.00,.01)|9795.007202226205|24.586499776486363|9795|0|0|(9806.01,.00)|(9894.35,.00)|(9814.04,.00)|0.06|1.00|0.00|(9816.01,.00)|(1.00,.00)|9815.007202226205|24.586499776486363|0|null|2.50156079694923|0|null|false|0|false
255.50|(9797.98,.03)|(1.00,.01)|9796.976582078874|24.586499776486363|9796|0|0|(9807.98,.00)|(9896.32,.00)|(9816.01,.00)|0.06|1.00|0.00|(9817.98,.00)|(1.00,.00)|9816.976582078874|24.586499776486363|0|null|2.509083439990437|0|null|false|0|false
255.55|(9799.95,.06)|(1.00,.01)|9798.945929053916|24.586499776486363|9798|0|0|(9809.95,.00)|(9898.29,.00)|(9817.98,.00)|0.06|1.00|0.00|(9819.95,.00)|(1.00,.00)|9818.945929053916|24.586499776486363|0|null|2.5172292627255985|0|null|false|0|false
255.60|(9801.92,.10)|(1.00,.01)|9800.915240865434|24.586499776486363|9800|0|0|(9811.92,.00)|(9900.26,.00)|(9819.95,.00)|0.06|1.00|0.00|(9821.92,.00)|(1.00,.00)|9820.915240865434|24.586499776486363|0|null|2.525992722740286|0|null|false|0|false
255.65|(9803.88,.13)|(1.00,.01)|9802.884515439722|24.586499776486363|9802|0|0|(9813.88,.00)|(9902.23,.00)|(9821.92,.00)|0.06|1.00|0.00|(9823.88,.00)|(1.00,.00)|9822.884515439722|24.586499776486363|0|null|2.5353660338499697|0|null|false|0|false
255.70|(9805.85,.17)|(1.00,.02)|9804.853750947428|24.586499776486363|9804|0|0|(9815.85,.00)|(9904.20,.00)|(9823.88,.00)|0.06|1.00|0.00|(9825.85,.00)|(1.00,.00)|9824.853750947428|24.586499776486363|0|null|2.545339198792835|0|null|false|0|false
255.75|(9807.82,.20)|(1.00,.02)|9806.822945830809|24.586499776486363|9806|0|0|(9817.82,.00)|(9906.17,.00)|(9825.85,.00)|0.06|1.00|0.00|(9827.82,.00)|(1.00,.00)|9826.822945830809|24.586499776486363|0|null|2.5559000852022553|0|null|false|0|false
255.80|(9809.79,.25)|(1.00,.02)|9808.792098824966|24.586499776486363|9808|0|0|(9819.79,.00)|(9908.14,.00)|(9827.82,.00)|0.06|1.00|0.00|(9829.79,.00)|(1.00,.00)|9828.792098824966|24.586499776486363|0|null|2.5670345437098607|0|null|false|0|false
255.85|(9811.76,.29)|(1.00,.02)|9810.761208972115|24.586499776486363|9810|0|0|(9821.76,.00)|(9910.11,.00)|(9829.79,.00)|0.06|1.00|0.00|(9831.76,.00)|(1.00,.00)|9830.761208972115|24.586499776486363|0|null|2.578726566087632|0|null|false|0|false
255.90|(9813.73,.33)|(1.00,.02)|9812.730275628222|24.586499776486363|9812|0|0|(9823.73,.00)|(9912.08,.00)|(9831.76,.00)|0.06|1.00|0.00|(9833.73,.00)|(1.00,.00)|9832.730275628222|24.586499776486363|0|null|2.5909584804427475|0|null|false|0|false
255.95|(9815.70,.38)|(1.00,.02)|9814.699298461617|24.586499776486363|9814|0|0|(9825.70,.00)|(9914.05,.00)|(9833.73,.00)|0.06|1.00|0.00|(9835.70,.00)|(1.00,.00)|9834.699298461617|24.586499776486363|0|null|2.603711179651351|0|null|false|0|false
256.00|(9817.67,.43)|(1.00,.02)|9816.668277443498|24.586499776486363|9816|0|0|(9827.67,.00)|(9916.01,.00)|(9835.70,.00)|0.06|1.00|0.00|(9837.67,.00)|(1.00,.00)|9836.668277443498|24.586499776486363|0|null|2.6169643784748486|0|null|false|0|false
256.05|(9819.64,.48)|(1.00,.02)|9818.637212830527|24.586499776486363|9818|0|0|(9829.64,.00)|(9917.98,.00)|(9837.67,.00)|0.06|1.00|0.00|(9839.64,.00)|(1.00,.00)|9838.637212830527|24.586499776486363|0|null|2.63069689416076|0|null|false|0|false
256.10|(9821.61,.53)|(1.00,.02)|9820.60610514003|24.586499776486363|9820|0|0|(9831.61,.00)|(9919.95,.00)|(9839.64,.00)|0.06|1.00|0.00|(9841.61,.00)|(1.00,.00)|9840.60610514003|24.586499776486363|0|null|2.6448869448033157|0|null|false|0|false
256.15|(9823.57,.58)|(1.00,.02)|9822.574955118554|24.586499776486363|9822|0|0|(9833.57,.00)|(9921.92,.00)|(9841.61,.00)|0.06|1.00|0.00|(9843.57,.00)|(1.00,.00)|9842.574955118554|24.586499776486363|0|null|2.6595124593381274|0|null|false|0|false
256.20|(9825.54,.64)|(1.00,.03)|9824.54376370476|24.586499776486363|9824|0|0|(9835.54,.00)|(9923.89,.00)|(9843.57,.00)|0.06|1.00|0.00|(9845.54,.00)|(1.00,.00)|9844.54376370476|24.586499776486363|0|null|2.674551392778902|0|null|false|0|false
256.25|(9827.51,.70)|(1.00,.03)|9826.512531987848|24.586499776486363|9826|0|0|(9837.51,.00)|(9925.86,.00)|(9845.54,.00)|0.06|1.00|0.00|(9847.51,.00)|(1.00,.00)|9846.512531987848|24.586499776486363|0|null|2.6899820401778927|0|null|false|0|false
256.30|(9829.48,.75)|(1.00,.03)|9828.481261162782|24.586499776486363|9828|0|0|(9839.48,.00)|(9927.83,.00)|(9847.51,.00)|0.06|1.00|0.00|(9849.48,.00)|(1.00,.00)|9848.481261162782|24.586499776486363|0|null|2.705783342808134|0|null|false|0|false
256.35|(9831.45,.81)|(1.00,.03)|9830.449952483694|24.586499776486363|9830|0|0|(9841.45,.00)|(9929.80,.00)|(9849.48,.00)|0.06|1.00|0.00|(9851.45,.00)|(1.00,.00)|9850.449952483694|24.586499776486363|0|null|2.721935180223972|0|null|false|0|false
256.40|(9833.42,.85)|(1.00,.03)|9832.418933288462|24.586499776486363|9832|0|0|(9843.42,.00)|(9931.76,.00)|(9851.45,.00)|-0.32|1.00|0.00|(9853.42,.00)|(1.00,.00)|9852.418933288462|24.586499776486363|0|null|2.7317873727836997|0|null|false|0|false
256.45|(9835.39,.88)|(1.00,.02)|9834.388045891299|24.586499776486363|9834|0|0|(9845.39,.00)|(9933.73,.00)|(9853.42,.00)|-0.32|1.00|0.00|(9855.39,.00)|(1.00,.00)|9854.388045891299|24.586499776486363|0|null|2.739676569659923|0|null|false|0|false
256.50|(9837.36,.90)|(1.00,.02)|9836.35726467228|24.586499776486363|9836|0|0|(9847.36,.00)|(9935.70,.00)|(9855.39,.00)|-0.32|1.00|0.00|(9857.36,.00)|(1.00,.00)|9856.35726467228|24.586499776486363|0|null|2.7455656984998615|0|null|false|0|false
256.55|(9839.33,.91)|(1.00,.02)|9838.326562503351|24.586499776486363|9838|0|0|(9849.33,.00)|(9937.67,.00)|(9857.36,.00)|-0.32|1.00|0.00|(9859.33,.00)|(1.00,.00)|9858.326562503351|24.586499776486363|0|null|2.7494218289041403|0|null|false|0|false
256.60|(9841.30,.92)|(1.00,.01)|9840.295910931864|24.586499776486363|9840|0|0|(9851.30,.00)|(9939.64,.00)|(9859.33,.00)|-0.32|1.00|0.00|(9861.30,.00)|(1.00,.00)|9860.295910931864|24.586499776486363|0|null|2.7512161496775662|0|null|false|0|false
256.65|(9843.27,.92)|(1.00,.01)|9842.265280374375|24.586499776486363|9842|0|0|(9853.27,.00)|(9941.61,.00)|(9861.30,.00)|-0.32|1.00|0.00|(9863.27,.00)|(1.00,.00)|9862.265280374375|24.586499776486363|0|null|2.7509239105567898|0|null|false|0|false
256.70|(9845.23,.91)|(1.00,.01)|9844.234640315803|24.586499776486363|9844|0|0|(9855.23,.00)|(9943.58,.00)|(9863.27,.00)|-0.32|1.00|0.00|(9865.23,.00)|(1.00,.00)|9864.234640315803|24.586499776486363|0|null|2.7485243268239627|0|null|false|0|false
256.75|(9847.20,.89)|(1.00,.00)|9846.203959509076|24.586499776486363|9846|0|0|(9857.20,.00)|(9945.55,.00)|(9865.23,.00)|-0.32|1.00|0.00|(9867.20,.00)|(1.00,.00)|9866.203959509076|24.586499776486363|0|null|2.7440004460658884|0|null|false|0|false
256.80|(9849.17,.87)|(1.00,-.00)|9848.17320617047|24.586499776486363|9848|0|0|(9859.17,.00)|(9947.52,.00)|(9867.20,.00)|-0.32|1.00|0.00|(9869.17,.00)|(1.00,.00)|9868.17320617047|24.586499776486363|0|null|2.737338977224698|0|null|false|0|false
256.85|(9851.14,.84)|(1.00,-.00)|9850.142348166019|24.586499776486363|9850|0|0|(9861.14,.00)|(9949.49,.00)|(9869.17,.00)|-0.32|1.00|0.00|(9871.14,.00)|(1.00,.00)|9870.142348166019|24.586499776486363|0|null|2.728530082985804|0|null|false|0|false
256.90|(9853.11,.80)|(1.00,-.01)|9852.111353184682|24.586499776486363|9852|0|0|(9863.11,.00)|(9951.46,.00)|(9871.14,.00)|-0.32|1.00|0.00|(9873.11,.00)|(1.00,.00)|9872.111353184682|24.586499776486363|0|null|2.71756713743879|0|null|false|0|false
256.95|(9855.08,.75)|(1.00,-.01)|9854.080188894368|24.586499776486363|9854|0|0|(9865.08,.00)|(9953.43,.00)|(9873.11,.00)|-0.32|1.00|0.00|(9875.08,.00)|(1.00,.00)|9874.080188894368|24.586499776486363|0|null|2.7044464518045053|0|null|false|0|false
257.00|(9857.05,.69)|(1.00,-.02)|9856.04882307742|24.586499776486363|9856|0|0|(9867.05,.00)|(9955.39,.00)|(9875.08,.00)|-0.32|1.00|0.00|(9877.05,.00)|(1.00,.00)|9876.04882307742|24.586499776486363|0|null|2.6891669718255344|0|null|false|0|false
257.05|(9859.02,.63)|(1.00,-.02)|9858.017223742821|24.586499776486363|9858|0|0|(9869.02,.00)|(9957.36,.00)|(9877.05,.00)|-0.32|1.00|0.00|(9879.02,.00)|(1.00,.00)|9878.017223742821|24.586499776486363|0|null|2.671729951147341|0|null|false|0|false
257.10|(9860.99,.56)|(1.00,-.02)|9859.985359213006|24.586499776486363|9859|0|0|(9870.99,.00)|(9959.33,.00)|(9879.02,.00)|-0.32|1.00|0.00|(9880.99,.00)|(1.00,.00)|9879.985359213006|24.586499776486363|0|null|2.6521386056558667|0|null|false|0|false
257.15|(9862.95,.48)|(1.00,-.03)|9861.953198183988|24.586499776486363|9861|0|0|(9872.95,.00)|(9961.30,.00)|(9880.99,.00)|-0.32|1.00|0.00|(9882.95,.00)|(1.00,.00)|9881.953198183988|24.586499776486363|0|null|2.6303977542684467|0|null|false|0|false
257.20|(9864.92,.39)|(1.00,-.03)|9863.92070975823|24.586499776486363|9863|0|0|(9874.92,.00)|(9963.27,.00)|(9882.95,.00)|-0.32|1.00|0.00|(9884.92,.00)|(1.00,.00)|9883.92070975823|24.586499776486363|0|null|2.606513452085639|0|null|false|0|false
257.25|(9866.89,.29)|(1.00,-.04)|9865.8878634505|24.586499776486363|9865|0|0|(9876.89,.00)|(9965.23,.00)|(9884.92,.00)|-0.32|1.00|0.00|(9886.89,.00)|(1.00,.00)|9885.8878634505|24.586499776486363|0|null|2.5804926220918882|0|null|false|0|false
257.30|(9868.85,.19)|(1.00,-.04)|9867.854629167732|24.586499776486363|9867|0|0|(9878.85,.00)|(9967.20,.00)|(9886.89,.00)|-0.32|1.00|0.00|(9888.85,.00)|(1.00,.00)|9887.854629167732|24.586499776486363|0|null|2.552342691735884|0|null|false|0|false
257.35|(9870.82,.08)|(1.00,-.04)|9869.820977164596|24.586499776486363|9869|0|0|(9880.82,.00)|(9969.17,.00)|(9888.85,.00)|-0.32|1.00|0.00|(9890.82,.00)|(1.00,.00)|9889.820977164596|24.586499776486363|0|null|2.5220712407233057|0|null|false|0|false
257.40|(9872.79,-.04)|(1.00,-.05)|9871.78687797721|24.586499776486363|9871|0|0|(9882.79,.00)|(9971.13,.00)|(9890.82,.00)|-0.32|1.00|0.00|(9892.79,.00)|(1.00,.00)|9891.78687797721|24.586499776486363|0|null|2.4896856662149127|0|null|false|0|false
257.45|(9874.75,-.16)|(1.00,-.05)|9873.752302337967|24.586499776486363|9873|0|0|(9884.75,.00)|(9973.10,.00)|(9892.79,.00)|-0.32|1.00|0.00|(9894.75,.00)|(1.00,.00)|9893.752302337967|24.586499776486363|0|null|2.4551928713443285|0|null|false|0|false
257.50|(9876.72,-.30)|(1.00,-.06)|9875.71722107495|24.586499776486363|9875|0|0|(9886.72,.00)|(9975.06,.00)|(9894.75,.00)|-0.32|1.00|0.00|(9896.72,.00)|(1.00,.00)|9895.71722107495|24.586499776486363|0|null|2.4185989825583234|0|null|false|0|false
257.55|(9878.68,-.44)|(1.00,-.06)|9877.681604999856|24.586499776486363|9877|0|0|(9888.68,.00)|(9977.03,.00)|(9896.72,.00)|-0.32|1.00|0.00|(9898.68,.00)|(1.00,.00)|9897.681604999856|24.586499776486363|0|null|2.379909100746683|0|null|false|0|false
257.60|(9880.65,-.56)|(1.00,-.06)|9879.647130781921|24.586499776486363|9879|0|0|(9890.65,.00)|(9978.99,.00)|(9898.68,.00)|0.09|1.00|0.00|(9900.65,.00)|(1.00,.00)|9899.647130781921|24.586499776486363|0|null|2.346258161187431|0|null|false|0|false
257.65|(9882.61,-.68)|(1.00,-.06)|9881.612758372654|24.586499776486363|9881|0|0|(9892.61,.00)|(9980.96,.00)|(9900.65,.00)|0.09|1.00|0.00|(9902.61,.00)|(1.00,.00)|9901.612758372654|24.586499776486363|0|null|2.312964660909806|0|null|false|0|false
257.70|(9884.58,-.81)|(1.00,-.06)|9883.578490427772|24.586499776486363|9883|0|0|(9894.58,.00)|(9982.92,.00)|(9902.61,.00)|0.09|1.00|0.00|(9904.58,.00)|(1.00,.00)|9903.578490427772|24.586499776486363|0|null|2.2800516832431947|0|null|false|0|false
257.75|(9886.54,-.92)|(1.00,-.06)|9885.544328660277|24.586499776486363|9885|0|0|(9896.54,.00)|(9984.89,.00)|(9904.58,.00)|0.09|1.00|0.00|(9906.54,.00)|(1.00,.00)|9905.544328660277|24.586499776486363|0|null|2.24753823220056|0|null|false|0|false
257.80|(9888.51,-1.01)|(1.00,-.06)|9887.51102082074|24.586499776486363|9887|0|0|(9898.51,.00)|(9986.86,.00)|(9906.54,.00)|0.57|1.00|0.00|(9908.51,.00)|(1.00,.00)|9907.51102082074|24.586499776486363|0|null|2.2236545243737753|0|null|false|0|false
257.85|(9890.48,-1.09)|(1.00,-.05)|9889.478273584426|24.586499776486363|9889|0|0|(9900.48,.00)|(9988.82,.00)|(9908.51,.00)|0.57|1.00|0.00|(9910.48,.00)|(1.00,.00)|9909.478273584426|24.586499776486363|0|null|2.2030154535923394|0|null|false|0|false
257.90|(9892.45,-1.15)|(1.00,-.05)|9891.446013876757|24.586499776486363|9891|0|0|(9902.45,.00)|(9990.79,.00)|(9910.48,.00)|0.57|1.00|0.00|(9912.45,.00)|(1.00,.00)|9911.446013876757|24.586499776486363|0|null|2.1856560437485726|0|null|false|0|false
257.95|(9894.41,-1.20)|(1.00,-.04)|9893.414089089381|24.586499776486363|9893|0|0|(9904.41,.00)|(9992.76,.00)|(9912.45,.00)|0.66|1.00|0.00|(9914.41,.00)|(1.00,.00)|9913.414089089381|24.586499776486363|0|null|2.173087338435149|0|null|false|0|false
258.00|(9896.38,-1.23)|(1.00,-.04)|9895.382508374498|24.586499776486363|9895|0|0|(9906.38,.00)|(9994.73,.00)|(9914.41,.00)|0.66|1.00|0.00|(9916.38,.00)|(1.00,.00)|9915.382508374498|24.586499776486363|0|null|2.164358955989823|0|null|false|0|false
258.05|(9898.35,-1.25)|(1.00,-.03)|9897.35116667305|24.586499776486363|9897|0|0|(9908.35,.00)|(9996.70,.00)|(9916.38,.00)|0.66|1.00|0.00|(9918.35,.00)|(1.00,.00)|9917.35116667305|24.586499776486363|0|null|2.159493627833579|0|null|false|0|false
258.10|(9900.32,-1.25)|(1.00,-.02)|9899.319998135554|24.586499776486363|9899|0|0|(9910.32,.00)|(9998.67,.00)|(9918.35,.00)|0.64|1.00|0.00|(9920.32,.00)|(1.00,.00)|9919.319998135554|24.586499776486363|0|null|2.1581806415051537|0|null|false|0|false
258.15|(9902.29,-1.24)|(1.00,-.02)|9901.28886287156|24.586499776486363|9901|0|0|(9912.29,.00)|(10000.63,.00)|(9920.32,.00)|0.64|1.00|0.00|(9922.29,.00)|(1.00,.00)|9921.28886287156|24.586499776486363|0|null|2.16064831419504|0|null|false|0|false
258.20|(9904.26,-1.22)|(1.00,-.01)|9903.257659018343|24.586499776486363|9903|0|0|(9914.26,.00)|(10002.60,.00)|(9922.29,.00)|0.64|1.00|0.00|(9924.26,.00)|(1.00,.00)|9923.257659018343|24.586499776486363|0|null|2.1669043636280367|0|null|false|0|false
258.25|(9906.23,-1.18)|(1.00,-.00)|9905.226284619574|24.586499776486363|9905|0|0|(9916.23,.00)|(10004.57,.00)|(9924.26,.00)|0.64|1.00|0.00|(9926.23,.00)|(1.00,.00)|9925.226284619574|24.586499776486363|0|null|2.1769531619495703|0|null|false|0|false
258.30|(9908.20,-1.14)|(1.00,.00)|9907.195038233402|24.586499776486363|9907|0|0|(9918.20,.00)|(10006.54,.00)|(9926.23,.00)|0.51|1.00|0.00|(9928.20,.00)|(1.00,.00)|9927.195038233402|24.586499776486363|0|null|2.1885738335664477|0|null|false|0|false
258.35|(9910.16,-1.09)|(1.00,.01)|9909.163543876819|24.586499776486363|9909|0|0|(9920.16,.00)|(10008.51,.00)|(9928.20,.00)|0.51|1.00|0.00|(9930.16,.00)|(1.00,.00)|9929.163543876819|24.586499776486363|0|null|2.2032250128185056|0|null|false|0|false
258.40|(9912.13,-1.02)|(1.00,.01)|9911.131737697006|24.586499776486363|9911|0|0|(9922.13,.00)|(10010.48,.00)|(9930.16,.00)|0.51|1.00|0.00|(9932.13,.00)|(1.00,.00)|9931.131737697006|24.586499776486363|0|null|2.2208977242335903|0|null|false|0|false
258.45|(9914.10,-.95)|(1.00,.02)|9913.099992818725|24.586499776486363|9913|0|0|(9924.10,.00)|(10012.45,.00)|(9932.13,.00)|0.37|1.00|0.00|(9934.10,.00)|(1.00,.00)|9933.099992818725|24.586499776486363|0|null|2.23923068555032|0|null|false|0|false
258.50|(9916.07,-.88)|(1.00,.02)|9915.067969898008|24.586499776486363|9915|0|0|(9926.07,.00)|(10014.41,.00)|(9934.10,.00)|0.37|1.00|0.00|(9936.07,.00)|(1.00,.00)|9935.067969898008|24.586499776486363|0|null|2.2597591989829775|0|null|false|0|false
258.55|(9918.04,-.80)|(1.00,.03)|9917.035637110546|24.586499776486363|9917|0|0|(9928.04,.00)|(10016.38,.00)|(9936.07,.00)|0.37|1.00|0.00|(9938.04,.00)|(1.00,.00)|9937.035637110546|24.586499776486363|0|null|2.282467567971201|0|null|false|0|false
258.60|(9920.00,-.71)|(1.00,.03)|9919.002963198294|24.586499776486363|9919|0|0|(9930.00,.00)|(10018.35,.00)|(9938.04,.00)|0.37|1.00|0.00|(9940.00,.00)|(1.00,.00)|9939.002963198294|24.586499776486363|0|null|2.3073418435048394|0|null|false|0|false
258.65|(9921.97,-.62)|(1.00,.04)|9920.970418650726|24.586499776486363|9920|0|0|(9931.97,.00)|(10020.32,.00)|(9940.00,.00)|0.22|1.00|0.00|(9941.97,.00)|(1.00,.00)|9940.970418650726|24.586499776486363|0|null|2.331677314313759|0|null|false|0|false
258.70|(9923.94,-.52)|(1.00,.04)|9922.937677457088|24.586499776486363|9922|0|0|(9933.94,.00)|(10022.28,.00)|(9941.97,.00)|0.22|1.00|0.00|(9943.94,.00)|(1.00,.00)|9942.937677457088|24.586499776486363|0|null|2.3572326324346644|0|null|false|0|false
258.75|(9925.90,-.42)|(1.00,.04)|9924.904731342094|24.586499776486363|9924|0|0|(9935.90,.00)|(10024.25,.00)|(9943.94,.00)|0.22|1.00|0.00|(9945.90,.00)|(1.00,.00)|9944.904731342094|24.586499776486363|0|null|2.3839921083032327|0|null|false|0|false
258.80|(9927.87,-.34)|(1.00,.04)|9926.8721483848|24.586499776486363|9926|0|0|(9937.87,.00)|(10026.22,.00)|(9945.90,.00)|-0.01|1.00|0.00|(9947.87,.00)|(1.00,.00)|9946.8721483848|24.586499776486363|0|null|2.4079972863316788|0|null|false|0|false
258.85|(9929.84,-.25)|(1.00,.04)|9928.839615031253|24.586499776486363|9928|0|0|(9939.84,.00)|(10028.19,.00)|(9947.87,.00)|-0.01|1.00|0.00|(9949.84,.00)|(1.00,.00)|9948.839615031253|24.586499776486363|0|null|2.431831019784035|0|null|false|0|false
258.90|(9931.81,-.16)|(1.00,.04)|9930.807132303462|24.586499776486363|9930|0|0|(9941.81,.00)|(10030.15,.00)|(9949.84,.00)|-0.01|1.00|0.00|(9951.81,.00)|(1.00,.00)|9950.807132303462|24.586499776486363|0|null|2.455475193797738|0|null|false|0|false
258.95|(9933.77,-.08)|(1.00,.04)|9932.774700550144|24.586499776486363|9932|0|0|(9943.77,.00)|(10032.12,.00)|(9951.81,.00)|-0.01|1.00|0.00|(9953.77,.00)|(1.00,.00)|9952.774700550144|24.586499776486363|0|null|2.4789162337329|0|null|false|0|false
259.00|(9935.74,.01)|(1.00,.04)|9934.742319480396|24.586499776486363|9934|0|0|(9945.74,.00)|(10034.09,.00)|(9953.77,.00)|-0.01|1.00|0.00|(9955.74,.00)|(1.00,.00)|9954.742319480396|24.586499776486363|0|null|2.502144848625969|0|null|false|0|false
259.05|(9937.71,.08)|(1.00,.04)|9936.710235113253|24.586499776486363|9936|0|0|(9947.71,.00)|(10036.06,.00)|(9955.74,.00)|-0.19|1.00|0.00|(9957.71,.00)|(1.00,.00)|9956.710235113253|24.586499776486363|0|null|2.5221451790985308|0|null|false|0|false
259.10|(9939.68,.15)|(1.00,.04)|9938.67834607266|24.586499776486363|9938|0|0|(9949.68,.00)|(10038.02,.00)|(9957.71,.00)|-0.19|1.00|0.00|(9959.68,.00)|(1.00,.00)|9958.67834607266|24.586499776486363|0|null|2.5408927722622994|0|null|false|0|false
259.15|(9941.65,.21)|(1.00,.04)|9940.646640109488|24.586499776486363|9940|0|0|(9951.65,.00)|(10039.99,.00)|(9959.68,.00)|-0.19|1.00|0.00|(9961.65,.00)|(1.00,.00)|9960.646640109488|24.586499776486363|0|null|2.558379543418416|0|null|false|0|false
259.20|(9943.62,.27)|(1.00,.04)|9942.615143542494|24.586499776486363|9942|0|0|(9953.62,.00)|(10041.96,.00)|(9961.65,.00)|-0.31|1.00|0.00|(9963.62,.00)|(1.00,.00)|9962.615143542494|24.586499776486363|0|null|2.572501760117931|0|null|false|0|false
259.25|(9945.58,.31)|(1.00,.03)|9944.583860138373|24.586499776486363|9944|0|0|(9955.58,.00)|(10043.93,.00)|(9963.62,.00)|-0.31|1.00|0.00|(9965.58,.00)|(1.00,.00)|9964.583860138373|24.586499776486363|0|null|2.5846375722207466|0|null|false|0|false
259.30|(9947.55,.35)|(1.00,.03)|9946.552760152887|24.586499776486363|9946|0|0|(9957.55,.00)|(10045.90,.00)|(9965.58,.00)|-0.31|1.00|0.00|(9967.55,.00)|(1.00,.00)|9966.552760152887|24.586499776486363|0|null|2.5947825152971|0|null|false|0|false
259.35|(9949.52,.38)|(1.00,.03)|9948.521799703798|24.586499776486363|9948|0|0|(9959.52,.00)|(10047.87,.00)|(9967.55,.00)|-0.33|1.00|0.00|(9969.52,.00)|(1.00,.00)|9968.521799703798|24.586499776486363|0|null|2.602507648506478|0|null|false|0|false
259.40|(9951.49,.40)|(1.00,.02)|9950.490965164372|24.586499776486363|9950|0|0|(9961.49,.00)|(10049.84,.00)|(9969.52,.00)|-0.33|1.00|0.00|(9971.49,.00)|(1.00,.00)|9970.490965164372|24.586499776486363|0|null|2.6080953291802427|0|null|false|0|false
259.45|(9953.46,.41)|(1.00,.02)|9952.460222516856|24.586499776486363|9952|0|0|(9963.46,.00)|(10051.81,.00)|(9971.49,.00)|-0.33|1.00|0.00|(9973.46,.00)|(1.00,.00)|9972.460222516856|24.586499776486363|0|null|2.6115478748485232|0|null|false|0|false
259.50|(9955.43,.41)|(1.00,.02)|9954.429538020702|24.586499776486363|9954|0|0|(9965.43,.00)|(10053.78,.00)|(9973.46,.00)|-0.33|1.00|0.00|(9975.43,.00)|(1.00,.00)|9974.429538020702|24.586499776486363|0|null|2.612869439107338|0|null|false|0|false
259.55|(9957.40,.41)|(1.00,.01)|9956.398908684207|24.586499776486363|9956|0|0|(9967.40,.00)|(10055.74,.00)|(9975.43,.00)|-0.31|1.00|0.00|(9977.40,.00)|(1.00,.00)|9976.398908684207|24.586499776486363|0|null|2.6124812725192506|0|null|false|0|false
259.60|(9959.37,.40)|(1.00,.01)|9958.368277842974|24.586499776486363|9958|0|0|(9969.37,.00)|(10057.71,.00)|(9977.40,.00)|-0.31|1.00|0.00|(9979.37,.00)|(1.00,.00)|9978.368277842974|24.586499776486363|0|null|2.610116791781209|0|null|false|0|false
259.65|(9961.34,.39)|(1.00,.00)|9960.337617214507|24.586499776486363|9960|0|0|(9971.34,.00)|(10059.68,.00)|(9979.37,.00)|-0.31|1.00|0.00|(9981.34,.00)|(1.00,.00)|9980.337617214507|24.586499776486363|0|null|2.605784154824947|0|null|false|0|false
259.70|(9963.31,.36)|(1.00,.00)|9962.306899022475|24.586499776486363|9962|0|0|(9973.31,.00)|(10061.65,.00)|(9981.34,.00)|-0.31|1.00|0.00|(9983.31,.00)|(1.00,.00)|9982.306899022475|24.586499776486363|0|null|2.5994914507565894|0|null|false|0|false
259.75|(9965.28,.33)|(1.00,-.00)|9964.276095966545|24.586499776486363|9964|0|0|(9975.28,.00)|(10063.62,.00)|(9983.31,.00)|-0.31|1.00|0.00|(9985.28,.00)|(1.00,.00)|9984.276095966545|24.586499776486363|0|null|2.5912463770998575|0|null|false|0|false
259.80|(9967.25,.30)|(1.00,-.01)|9966.245381608922|24.586499776486363|9966|0|0|(9977.25,.00)|(10065.59,.00)|(9985.28,.00)|-0.19|1.00|0.00|(9987.25,.00)|(1.00,.00)|9986.245381608922|24.586499776486363|0|null|2.5830914403268297|0|null|false|0|false
259.85|(9969.21,.27)|(1.00,-.01)|9968.214598922737|24.586499776486363|9968|0|0|(9979.21,.00)|(10067.56,.00)|(9987.25,.00)|-0.19|1.00|0.00|(9989.21,.00)|(1.00,.00)|9988.214598922737|24.586499776486363|0|null|2.573696377100032|0|null|false|0|false
259.90|(9971.18,.23)|(1.00,-.01)|9970.183737520647|24.586499776486363|9970|0|0|(9981.18,.00)|(10069.53,.00)|(9989.21,.00)|-0.19|1.00|0.00|(9991.18,.00)|(1.00,.00)|9990.183737520647|24.586499776486363|0|null|2.5630726702257207|0|null|false|0|false
259.95|(9973.15,.19)|(1.00,-.01)|9972.152909930504|24.586499776486363|9972|0|0|(9983.15,.00)|(10071.50,.00)|(9991.18,.00)|-0.11|1.00|0.00|(9993.15,.00)|(1.00,.00)|9992.152909930504|24.586499776486363|0|null|2.552681056084218|0|null|false|0|false
260.00|(9975.12,.15)|(1.00,-.01)|9974.122034266165|24.586499776486363|9974|0|0|(9985.12,.00)|(10073.47,.00)|(9993.15,.00)|-0.11|1.00|0.00|(9995.12,.00)|(1.00,.00)|9994.122034266165|24.586499776486363|0|null|2.5415764528789606|0|null|false|0|false
260.05|(9977.09,.11)|(1.00,-.02)|9976.091107492794|24.586499776486363|9976|0|0|(9987.09,.00)|(10075.44,.00)|(9995.12,.00)|-0.11|1.00|0.00|(9997.09,.00)|(1.00,.00)|9996.091107492794|24.586499776486363|0|null|2.5297693017034026|0|null|false|0|false
260.10|(9979.06,.07)|(1.00,-.02)|9978.060227307225|24.586499776486363|9978|0|0|(9989.06,.00)|(10077.41,.00)|(9997.09,.00)|-0.02|1.00|0.00|(9999.06,.00)|(1.00,.00)|9998.060227307225|24.586499776486363|0|null|2.5187315326174913|0|null|false|0|false
260.15|(9981.03,.03)|(1.00,-.02)|9980.029338297596|24.586499776486363|9980|0|0|(9991.03,.00)|(10079.38,.00)|(9999.06,.00)|-0.02|1.00|0.00|(10001.03,.00)|(1.00,.00)|10000.029338297596|24.586499776486363|0|null|2.5075081290154415|0|null|false|0|false
260.20|(9983.00,-.01)|(1.00,-.02)|9981.998440508978|24.586499776486363|9981|0|0|(9993.00,.00)|(10081.34,.00)|(10001.03,.00)|-0.02|1.00|0.00|(10003.00,.00)|(1.00,.00)|10001.998440508978|24.586499776486363|0|null|2.4961079325539615|0|null|false|0|false
260.25|(9984.97,-.06)|(1.00,-.02)|9983.967533875466|24.586499776486363|9983|0|0|(9994.97,.00)|(10083.31,.00)|(10003.00,.00)|-0.02|1.00|0.00|(10004.97,.00)|(1.00,.00)|10003.967533875466|24.586499776486363|0|null|2.4845376316841863|0|null|false|0|false
260.30|(9986.94,-.09)|(1.00,-.02)|9985.936692408068|24.586499776486363|9985|0|0|(9996.94,.00)|(10085.28,.00)|(10004.97,.00)|0.07|1.00|0.00|(10006.94,.00)|(1.00,.00)|10005.936692408068|24.586499776486363|0|null|2.474420981204082|0|null|false|0|false
260.35|(9988.91,-.13)|(1.00,-.02)|9987.90588543918|24.586499776486363|9987|0|0|(9998.91,.00)|(10087.25,.00)|(10006.94,.00)|0.07|1.00|0.00|(10008.91,.00)|(1.00,.00)|10007.90588543918|24.586499776486363|0|null|2.464698307391631|0|null|false|0|false
260.40|(9990.88,-.16)|(1.00,-.02)|9989.875111700636|24.586499776486363|9989|0|0|(10000.88,.00)|(10089.22,.00)|(10008.91,.00)|0.07|1.00|0.00|(10010.88,.00)|(1.00,.00)|10009.875111700636|24.586499776486363|0|null|2.455376895063924|0|null|false|0|false
260.45|(9992.84,-.20)|(1.00,-.02)|9991.844369799524|24.586499776486363|9991|0|0|(10002.84,.00)|(10091.19,.00)|(10010.88,.00)|0.07|1.00|0.00|(10012.84,.00)|(1.00,.00)|10011.844369799524|24.586499776486363|0|null|2.446462620637913|0|null|false|0|false
260.50|(9994.81,-.22)|(1.00,-.02)|9993.813674794526|24.586499776486363|9993|0|0|(10004.81,.00)|(10093.16,.00)|(10012.84,.00)|0.14|1.00|0.00|(10014.81,.00)|(1.00,.00)|10013.813674794526|24.586499776486363|0|null|2.439109855335672|0|null|false|0|false
260.55|(9996.78,-.25)|(1.00,-.02)|9995.783026904573|24.586499776486363|9995|0|0|(10006.78,.00)|(10095.13,.00)|(10014.81,.00)|0.14|1.00|0.00|(10016.78,.00)|(1.00,.00)|10015.783026904573|24.586499776486363|0|null|2.4325680373928202|0|null|false|0|false
260.60|(9998.75,-.27)|(1.00,-.01)|9997.752421053465|24.586499776486363|9997|0|0|(10008.75,.00)|(10097.10,.00)|(10016.78,.00)|0.14|1.00|0.00|(10018.75,.00)|(1.00,.00)|10017.752421053465|24.586499776486363|0|null|2.4268447400405595|0|null|false|0|false
260.65|(10000.72,-.28)|(1.00,-.01)|9999.721846776058|24.586499776486363|9999|0|0|(10010.72,.00)|(10099.07,.00)|(10018.75,.00)|0.16|1.00|0.00|(10020.72,.00)|(1.00,.00)|10019.721846776058|24.586499776486363|0|null|2.4224050777941155|0|null|false|0|false
260.70|(10002.69,-.30)|(1.00,-.01)|10001.691306635199|24.586499776486363|10001|0|0|(10012.69,.00)|(10101.04,.00)|(10020.72,.00)|0.16|1.00|0.00|(10022.69,.00)|(1.00,.00)|10021.691306635199|24.586499776486363|0|null|2.418955592121233|0|null|false|0|false
260.75|(10004.66,-.31)|(1.00,-.01)|10003.66079322717|24.586499776486363|10003|0|0|(10014.66,.00)|(10103.01,.00)|(10022.69,.00)|0.16|1.00|0.00|(10024.66,.00)|(1.00,.00)|10023.66079322717|24.586499776486363|0|null|2.4165052026441294|0|null|false|0|false
260.80|(10006.63,-.31)|(1.00,-.01)|10005.630299032466|24.586499776486363|10005|0|0|(10016.63,.00)|(10104.98,.00)|(10024.66,.00)|0.16|1.00|0.00|(10026.63,.00)|(1.00,.00)|10025.630299032466|24.586499776486363|0|null|2.4150632033137773|0|null|false|0|false
260.85|(10008.60,-.31)|(1.00,-.01)|10007.599816406797|24.586499776486363|10007|0|0|(10018.60,.00)|(10106.95,.00)|(10026.63,.00)|0.16|1.00|0.00|(10028.60,.00)|(1.00,.00)|10027.599816406797|24.586499776486363|0|null|2.414639491403516|0|null|false|0|false
260.90|(10010.57,-.31)|(1.00,-.00)|10009.569336457618|24.586499776486363|10009|0|0|(10020.57,.00)|(10108.92,.00)|(10028.60,.00)|0.17|1.00|0.00|(10030.57,.00)|(1.00,.00)|10029.569336457618|24.586499776486363|0|null|2.4152719429484883|0|null|false|0|false
260.95|(10012.54,-.30)|(1.00,-.00)|10011.538852086616|24.586499776486363|10011|0|0|(10022.54,.00)|(10110.88,.00)|(10030.57,.00)|0.17|1.00|0.00|(10032.54,.00)|(1.00,.00)|10031.538852086616|24.586499776486363|0|null|2.416954307366704|0|null|false|0|false
261.00|(10014.51,-.29)|(1.00,-.00)|10013.508354992446|24.586499776486363|10013|0|0|(10024.51,.00)|(10112.85,.00)|(10032.54,.00)|0.17|1.00|0.00|(10034.51,.00)|(1.00,.00)|10033.508354992446|24.586499776486363|0|null|2.4196992778787454|0|null|false|0|false
261.05|(10016.48,-.28)|(1.00,.00)|10015.477836633934|24.586499776486363|10015|0|0|(10026.48,.00)|(10114.82,.00)|(10034.51,.00)|0.17|1.00|0.00|(10036.48,.00)|(1.00,.00)|10035.477836633934|24.586499776486363|0|null|2.423520576719478|0|null|false|0|false
261.10|(10018.45,-.26)|(1.00,.00)|10017.447288193498|24.586499776486363|10017|0|0|(10028.45,.00)|(10116.79,.00)|(10036.48,.00)|0.17|1.00|0.00|(10038.45,.00)|(1.00,.00)|10037.447288193498|24.586499776486363|0|null|2.428432941531302|0|null|false|0|false
261.15|(10020.42,-.24)|(1.00,.00)|10019.416700541402|24.586499776486363|10019|0|0|(10030.42,.00)|(10118.76,.00)|(10038.45,.00)|0.17|1.00|0.00|(10040.42,.00)|(1.00,.00)|10039.416700541402|24.586499776486363|0|null|2.434452064855625|0|null|false|0|false
261.20|(10022.39,-.22)|(1.00,.01)|10021.386157694085|24.586499776486363|10021|0|0|(10032.39,.00)|(10120.73,.00)|(10040.42,.00)|0.08|1.00|0.00|(10042.39,.00)|(1.00,.00)|10041.386157694085|24.586499776486363|0|null|2.4401025753633796|0|null|false|0|false
261.25|(10024.36,-.20)|(1.00,.01)|10023.355590296542|24.586499776486363|10023|0|0|(10034.36,.00)|(10122.70,.00)|(10042.39,.00)|0.08|1.00|0.00|(10044.36,.00)|(1.00,.00)|10043.355590296542|24.586499776486363|0|null|2.4463812385138697|0|null|false|0|false
261.30|(10026.32,-.17)|(1.00,.01)|10025.324994892228|24.586499776486363|10025|0|0|(10036.32,.00)|(10124.67,.00)|(10044.36,.00)|0.08|1.00|0.00|(10046.32,.00)|(1.00,.00)|10045.324994892228|24.586499776486363|0|null|2.4533010996113562|0|null|false|0|false
261.35|(10028.29,-.14)|(1.00,.01)|10027.29436783322|24.586499776486363|10027|0|0|(10038.29,.00)|(10126.64,.00)|(10046.32,.00)|0.08|1.00|0.00|(10048.29,.00)|(1.00,.00)|10047.29436783322|24.586499776486363|0|null|2.4608760327258494|0|null|false|0|false
261.40|(10030.26,-.11)|(1.00,.01)|10029.263705273095|24.586499776486363|10029|0|0|(10040.26,.00)|(10128.61,.00)|(10048.29,.00)|0.08|1.00|0.00|(10050.26,.00)|(1.00,.00)|10049.263705273095|24.586499776486363|0|null|2.469120467470437|0|null|false|0|false
261.45|(10032.23,-.08)|(1.00,.01)|10031.233003167632|24.586499776486363|10031|0|0|(10042.23,.00)|(10130.58,.00)|(10050.26,.00)|0.08|1.00|0.00|(10052.23,.00)|(1.00,.00)|10051.233003167632|24.586499776486363|0|null|2.478049098756732|0|null|false|0|false
261.50|(10034.20,-.05)|(1.00,.01)|10033.202352139915|24.586499776486363|10033|0|0|(10044.20,.00)|(10132.55,.00)|(10052.23,.00)|-0.01|1.00|0.00|(10054.20,.00)|(1.00,.00)|10053.202352139915|24.586499776486363|0|null|2.4860726678480596|0|null|false|0|false
261.55|(10036.17,-.02)|(1.00,.01)|10035.171694238867|24.586499776486363|10035|0|0|(10046.17,.00)|(10134.52,.00)|(10054.20,.00)|-0.01|1.00|0.00|(10056.17,.00)|(1.00,.00)|10055.171694238867|24.586499776486363|0|null|2.49425857310574|0|null|false|0|false
261.60|(10038.14,.01)|(1.00,.01)|10037.141028560383|24.586499776486363|10037|0|0|(10048.14,.00)|(10136.49,.00)|(10056.17,.00)|-0.01|1.00|0.00|(10058.14,.00)|(1.00,.00)|10057.141028560383|24.586499776486363|0|null|2.502615397314293|0|null|false|0|false
261.65|(10040.11,.04)|(1.00,.01)|10039.110354204764|24.586499776486363|10039|0|0|(10050.11,.00)|(10138.46,.00)|(10058.14,.00)|-0.01|1.00|0.00|(10060.11,.00)|(1.00,.00)|10059.110354204764|24.586499776486363|0|null|2.5111513417854217|0|null|false|0|false
261.70|(10042.08,.07)|(1.00,.01)|10041.079670297058|24.586499776486363|10041|0|0|(10052.08,.00)|(10140.43,.00)|(10060.11,.00)|-0.01|1.00|0.00|(10062.08,.00)|(1.00,.00)|10061.079670297058|24.586499776486363|0|null|2.519873911604176|0|null|false|0|false
261.75|(10044.05,.11)|(1.00,.02)|10043.048976008587|24.586499776486363|10043|0|0|(10054.05,.00)|(10142.39,.00)|(10062.08,.00)|-0.01|1.00|0.00|(10064.05,.00)|(1.00,.00)|10063.048976008587|24.586499776486363|0|null|2.528789624943828|0|null|false|0|false
261.80|(10046.02,.14)|(1.00,.02)|10045.018270578863|24.586499776486363|10045|0|0|(10056.02,.00)|(10144.36,.00)|(10064.05,.00)|-0.01|1.00|0.00|(10066.02,.00)|(1.00,.00)|10065.018270578863|24.586499776486363|0|null|2.537903752065769|0|null|false|0|false
261.85|(10047.99,.17)|(1.00,.02)|10046.987553337194|24.586499776486363|10046|0|0|(10057.99,.00)|(10146.33,.00)|(10066.02,.00)|-0.01|1.00|0.00|(10067.99,.00)|(1.00,.00)|10066.987553337194|24.586499776486363|0|null|2.5472200889573595|0|null|false|0|false
261.90|(10049.96,.21)|(1.00,.02)|10048.956823723216|24.586499776486363|10048|0|0|(10059.96,.00)|(10148.30,.00)|(10067.99,.00)|-0.01|1.00|0.00|(10069.96,.00)|(1.00,.00)|10068.956823723216|24.586499776486363|0|null|2.5567407697986972|0|null|false|0|false
261.95|(10051.93,.24)|(1.00,.02)|10050.926081305637|24.586499776486363|10050|0|0|(10061.93,.00)|(10150.27,.00)|(10069.96,.00)|-0.01|1.00|0.00|(10071.93,.00)|(1.00,.00)|10070.926081305637|24.586499776486363|0|null|2.566466121604237|0|null|false|0|false
262.00|(10053.90,.28)|(1.00,.02)|10052.895325798509|24.586499776486363|10052|0|0|(10063.90,.00)|(10152.24,.00)|(10071.93,.00)|-0.01|1.00|0.00|(10073.90,.00)|(1.00,.00)|10072.895325798509|24.586499776486363|0|null|2.5763945634745316|0|null|false|0|false
262.05|(10055.86,.32)|(1.00,.02)|10054.864557074357|24.586499776486363|10054|0|0|(10065.86,.00)|(10154.21,.00)|(10073.90,.00)|-0.01|1.00|0.00|(10075.86,.00)|(1.00,.00)|10074.864557074357|24.586499776486363|0|null|2.5865225519358033|0|null|false|0|false
262.10|(10057.83,.35)|(1.00,.02)|10056.83377517364|24.586499776486363|10056|0|0|(10067.83,.00)|(10156.18,.00)|(10075.86,.00)|-0.01|1.00|0.00|(10077.83,.00)|(1.00,.00)|10076.83377517364|24.586499776486363|0|null|2.5968445728607605|0|null|false|0|false
262.15|(10059.80,.39)|(1.00,.02)|10058.802980310025|24.586499776486363|10058|0|0|(10069.80,.00)|(10158.15,.00)|(10077.83,.00)|-0.01|1.00|0.00|(10079.80,.00)|(1.00,.00)|10078.802980310025|24.586499776486363|0|null|2.607353179473466|0|null|false|0|false
262.20|(10061.77,.43)|(1.00,.02)|10060.772172871191|24.586499776486363|10060|0|0|(10071.77,.00)|(10160.12,.00)|(10079.80,.00)|-0.01|1.00|0.00|(10081.77,.00)|(1.00,.00)|10080.772172871191|24.586499776486363|0|null|2.618039074965156|0|null|false|0|false
262.25|(10063.74,.47)|(1.00,.02)|10062.741353414935|24.586499776486363|10062|0|0|(10073.74,.00)|(10162.09,.00)|(10081.77,.00)|-0.01|1.00|0.00|(10083.74,.00)|(1.00,.00)|10082.741353414935|24.586499776486363|0|null|2.6288912373070685|0|null|false|0|false
262.30|(10065.71,.51)|(1.00,.02)|10064.710522660573|24.586499776486363|10064|0|0|(10075.71,.00)|(10164.06,.00)|(10083.74,.00)|-0.01|1.00|0.00|(10085.71,.00)|(1.00,.00)|10084.710522660573|24.586499776486363|0|null|2.639897082960612|0|null|false|0|false
262.35|(10067.68,.55)|(1.00,.02)|10066.679681475816|24.586499776486363|10066|0|0|(10077.68,.00)|(10166.03,.00)|(10085.71,.00)|-0.01|1.00|0.00|(10087.68,.00)|(1.00,.00)|10086.679681475816|24.586499776486363|0|null|2.6510426653730725|0|null|false|0|false
262.40|(10069.65,.59)|(1.00,.02)|10068.648830859414|24.586499776486363|10068|0|0|(10079.65,.00)|(10167.99,.00)|(10087.68,.00)|-0.01|1.00|0.00|(10089.65,.00)|(1.00,.00)|10088.648830859414|24.586499776486363|0|null|2.6623129034258737|0|null|false|0|false
262.45|(10071.62,.64)|(1.00,.02)|10070.6179719201|24.586499776486363|10070|0|0|(10081.62,.00)|(10169.96,.00)|(10089.65,.00)|-0.01|1.00|0.00|(10091.62,.00)|(1.00,.00)|10090.6179719201|24.586499776486363|0|null|2.6736918343872444|0|null|false|0|false
262.50|(10073.59,.68)|(1.00,.02)|10072.58710585247|24.586499776486363|10072|0|0|(10083.59,.00)|(10171.93,.00)|(10091.62,.00)|-0.01|1.00|0.00|(10093.59,.00)|(1.00,.00)|10092.58710585247|24.586499776486363|0|null|2.6851628854250187|0|null|false|0|false
262.55|(10075.56,.72)|(1.00,.02)|10074.556233910575|24.586499776486363|10074|0|0|(10085.56,.00)|(10173.90,.00)|(10093.59,.00)|-0.01|1.00|0.00|(10095.56,.00)|(1.00,.00)|10094.556233910575|24.586499776486363|0|null|2.696709157368646|0|null|false|0|false
262.60|(10077.53,.76)|(1.00,.02)|10076.52535738008|24.586499776486363|10076|0|0|(10087.53,.00)|(10175.87,.00)|(10095.56,.00)|-0.01|1.00|0.00|(10097.53,.00)|(1.00,.00)|10096.52535738008|24.586499776486363|0|null|2.7083137141799147|0|null|false|0|false
262.65|(10079.49,.81)|(1.00,.02)|10078.4944775499|24.586499776486363|10078|0|0|(10089.49,.00)|(10177.84,.00)|(10097.53,.00)|-0.01|1.00|0.00|(10099.49,.00)|(1.00,.00)|10098.4944775499|24.586499776486363|0|null|2.719959871504158|0|null|false|0|false
262.70|(10081.46,.83)|(1.00,.02)|10080.463717498833|24.586499776486363|10080|0|0|(10091.46,.00)|(10179.81,.00)|(10099.49,.00)|-0.35|1.00|0.00|(10101.46,.00)|(1.00,.00)|10100.463717498833|24.586499776486363|0|null|2.7258534612000407|0|null|false|0|false
262.75|(10083.43,.84)|(1.00,.02)|10082.433033009733|24.586499776486363|10082|0|0|(10093.43,.00)|(10181.78,.00)|(10101.46,.00)|-0.35|1.00|0.00|(10103.43,.00)|(1.00,.00)|10102.433033009733|24.586499776486363|0|null|2.729772831418969|0|null|false|0|false
262.80|(10085.40,.85)|(1.00,.01)|10084.40239728708|24.586499776486363|10084|0|0|(10095.40,.00)|(10183.75,.00)|(10103.43,.00)|-0.35|1.00|0.00|(10105.40,.00)|(1.00,.00)|10104.40239728708|24.586499776486363|0|null|2.7316851719108204|0|null|false|0|false
262.85|(10087.37,.85)|(1.00,.01)|10086.371782296306|24.586499776486363|10086|0|0|(10097.37,.00)|(10185.72,.00)|(10105.40,.00)|-0.35|1.00|0.00|(10107.37,.00)|(1.00,.00)|10106.371782296306|24.586499776486363|0|null|2.731560943116593|0|null|false|0|false
262.90|(10089.34,.83)|(1.00,.01)|10088.34097955151|24.586499776486363|10088|0|0|(10099.34,.00)|(10187.69,.00)|(10107.37,.00)|-0.46|1.00|0.00|(10109.34,.00)|(1.00,.00)|10108.34097955151|24.586499776486363|0|null|2.7275361602910895|0|null|false|0|false
262.95|(10091.31,.81)|(1.00,.00)|10090.310090631305|24.586499776486363|10090|0|0|(10101.31,.00)|(10189.66,.00)|(10109.34,.00)|-0.46|1.00|0.00|(10111.31,.00)|(1.00,.00)|10110.310090631305|24.586499776486363|0|null|2.7207945619414953|0|null|false|0|false
263.00|(10093.28,.77)|(1.00,-.00)|10092.27906289945|24.586499776486363|10092|0|0|(10103.28,.00)|(10191.63,.00)|(10111.31,.00)|-0.46|1.00|0.00|(10113.28,.00)|(1.00,.00)|10112.27906289945|24.586499776486363|0|null|2.7113108171930898|0|null|false|0|false
263.05|(10095.25,.73)|(1.00,-.01)|10094.247842697572|24.586499776486363|10094|0|0|(10105.25,.00)|(10193.59,.00)|(10113.28,.00)|-0.46|1.00|0.00|(10115.25,.00)|(1.00,.00)|10114.247842697572|24.586499776486363|0|null|2.6990635423231524|0|null|false|0|false
263.10|(10097.22,.68)|(1.00,-.01)|10096.21669495435|24.586499776486363|10096|0|0|(10107.22,.00)|(10195.56,.00)|(10115.25,.00)|-0.34|1.00|0.00|(10117.22,.00)|(1.00,.00)|10116.21669495435|24.586499776486363|0|null|2.6860320495963386|0|null|false|0|false
263.15|(10099.19,.63)|(1.00,-.02)|10098.185350984977|24.586499776486363|10098|0|0|(10109.19,.00)|(10197.53,.00)|(10117.22,.00)|-0.34|1.00|0.00|(10119.19,.00)|(1.00,.00)|10118.185350984977|24.586499776486363|0|null|2.67089132834217|0|null|false|0|false
263.20|(10101.15,.56)|(1.00,-.02)|10100.153779671396|24.586499776486363|10100|0|0|(10111.15,.00)|(10199.50,.00)|(10119.19,.00)|-0.34|1.00|0.00|(10121.15,.00)|(1.00,.00)|10120.153779671396|24.586499776486363|0|null|2.6536370401261506|0|null|false|0|false
263.25|(10103.12,.49)|(1.00,-.02)|10102.12195005016|24.586499776486363|10102|0|0|(10113.12,.00)|(10201.47,.00)|(10121.15,.00)|-0.34|1.00|0.00|(10123.12,.00)|(1.00,.00)|10122.12195005016|24.586499776486363|0|null|2.6342673265578274|0|null|false|0|false
263.30|(10105.09,.42)|(1.00,-.03)|10104.090170968122|24.586499776486363|10104|0|0|(10115.09,.00)|(10203.44,.00)|(10123.12,.00)|-0.22|1.00|0.00|(10125.09,.00)|(1.00,.00)|10124.090170968122|24.586499776486363|0|null|2.6147639035970336|0|null|false|0|false
263.35|(10107.06,.34)|(1.00,-.03)|10106.05819855981|24.586499776486363|10106|0|0|(10117.06,.00)|(10205.40,.00)|(10125.09,.00)|-0.22|1.00|0.00|(10127.06,.00)|(1.00,.00)|10126.05819855981|24.586499776486363|0|null|2.5938282263786046|0|null|false|0|false
263.40|(10109.03,.26)|(1.00,-.03)|10108.02602010788|24.586499776486363|10108|0|0|(10119.03,.00)|(10207.37,.00)|(10127.06,.00)|-0.22|1.00|0.00|(10129.03,.00)|(1.00,.00)|10128.02602010788|24.586499776486363|0|null|2.5714705568353686|0|null|false|0|false
263.45|(10110.99,.19)|(1.00,-.03)|10109.99409906273|24.586499776486363|10109|0|0|(10120.99,.00)|(10209.34,.00)|(10129.03,.00)|-0.04|1.00|0.00|(10130.99,.00)|(1.00,.00)|10129.99409906273|24.586499776486363|0|null|2.550924178243736|0|null|false|0|false
263.50|(10112.96,.11)|(1.00,-.03)|10111.962143824494|24.586499776486363|10111|0|0|(10122.96,.00)|(10211.31,.00)|(10130.99,.00)|-0.04|1.00|0.00|(10132.96,.00)|(1.00,.00)|10131.962143824494|24.586499776486363|0|null|2.5300846114835136|0|null|false|0|false
263.55|(10114.93,.03)|(1.00,-.04)|10113.930156220109|24.586499776486363|10113|0|0|(10124.93,.00)|(10213.28,.00)|(10132.96,.00)|-0.04|1.00|0.00|(10134.93,.00)|(1.00,.00)|10133.930156220109|24.586499776486363|0|null|2.5089736434747203|0|null|false|0|false
263.60|(10116.90,-.04)|(1.00,-.04)|10115.898360077457|24.586499776486363|10115|0|0|(10126.90,.00)|(10215.24,.00)|(10134.93,.00)|0.09|1.00|0.00|(10136.90,.00)|(1.00,.00)|10135.898360077457|24.586499776486363|0|null|2.4897690674465522|0|null|false|0|false
263.65|(10118.87,-.11)|(1.00,-.04)|10117.866640842785|24.586499776486363|10117|0|0|(10128.87,.00)|(10217.21,.00)|(10136.90,.00)|0.09|1.00|0.00|(10138.87,.00)|(1.00,.00)|10137.866640842785|24.586499776486363|0|null|2.4710734533642733|0|null|false|0|false
263.70|(10120.83,-.17)|(1.00,-.04)|10119.834998738066|24.586499776486363|10119|0|0|(10130.83,.00)|(10219.18,.00)|(10138.87,.00)|0.09|1.00|0.00|(10140.83,.00)|(1.00,.00)|10139.834998738066|24.586499776486363|0|null|2.4529112482669|0|null|false|0|false
263.75|(10122.80,-.24)|(1.00,-.03)|10121.80343353037|24.586499776486363|10121|0|0|(10132.80,.00)|(10221.15,.00)|(10140.83,.00)|0.09|1.00|0.00|(10142.80,.00)|(1.00,.00)|10141.80343353037|24.586499776486363|0|null|2.4353043319991636|0|null|false|0|false
263.80|(10124.77,-.30)|(1.00,-.03)|10123.771944529035|24.586499776486363|10123|0|0|(10134.77,.00)|(10223.12,.00)|(10142.80,.00)|0.09|1.00|0.00|(10144.77,.00)|(1.00,.00)|10143.771944529035|24.586499776486363|0|null|2.418271878679116|0|null|false|0|false
263.85|(10126.74,-.35)|(1.00,-.03)|10125.740642656576|24.586499776486363|10125|0|0|(10136.74,.00)|(10225.09,.00)|(10144.77,.00)|0.22|1.00|0.00|(10146.74,.00)|(1.00,.00)|10145.740642656576|24.586499776486363|0|null|2.404128604807882|0|null|false|0|false
263.90|(10128.71,-.40)|(1.00,-.03)|10127.70948375665|24.586499776486363|10127|0|0|(10138.71,.00)|(10227.06,.00)|(10146.74,.00)|0.22|1.00|0.00|(10148.71,.00)|(1.00,.00)|10147.70948375665|24.586499776486363|0|null|2.391378714762066|0|null|false|0|false
263.95|(10130.68,-.44)|(1.00,-.03)|10129.67845477431|24.586499776486363|10129|0|0|(10140.68,.00)|(10229.02,.00)|(10148.71,.00)|0.22|1.00|0.00|(10150.68,.00)|(1.00,.00)|10149.67845477431|24.586499776486363|0|null|2.3800400347809623|0|null|false|0|false
264.00|(10132.65,-.47)|(1.00,-.03)|10131.647536161872|24.586499776486363|10131|0|0|(10142.65,.00)|(10230.99,.00)|(10150.68,.00)|0.29|1.00|0.00|(10152.65,.00)|(1.00,.00)|10151.647536161872|24.586499776486363|0|null|2.3712938745118253|0|null|false|0|false
264.05|(10134.62,-.50)|(1.00,-.02)|10133.616732300643|24.586499776486363|10133|0|0|(10144.62,.00)|(10232.96,.00)|(10152.65,.00)|0.29|1.00|0.00|(10154.62,.00)|(1.00,.00)|10153.616732300643|24.586499776486363|0|null|2.36438392708208|0|null|false|0|false
264.10|(10136.59,-.51)|(1.00,-.02)|10135.586019347782|24.586499776486363|10135|0|0|(10146.59,.00)|(10234.93,.00)|(10154.62,.00)|0.29|1.00|0.00|(10156.59,.00)|(1.00,.00)|10155.586019347782|24.586499776486363|0|null|2.359320395586221|0|null|false|0|false
264.15|(10138.56,-.53)|(1.00,-.02)|10137.555369297901|24.586499776486363|10137|0|0|(10148.56,.00)|(10236.90,.00)|(10156.59,.00)|0.29|1.00|0.00|(10158.56,.00)|(1.00,.00)|10157.555369297901|24.586499776486363|0|null|2.356193520645181|0|null|false|0|false
264.20|(10140.52,-.53)|(1.00,-.01)|10139.524761052799|24.586499776486363|10139|0|0|(10150.52,.00)|(10238.87,.00)|(10158.56,.00)|0.29|1.00|0.00|(10160.52,.00)|(1.00,.00)|10159.524761052799|24.586499776486363|0|null|2.35495044167262|0|null|false|0|false
264.25|(10142.49,-.53)|(1.00,-.01)|10141.494169461032|24.586499776486363|10141|0|0|(10152.49,.00)|(10240.84,.00)|(10160.52,.00)|0.29|1.00|0.00|(10162.49,.00)|(1.00,.00)|10161.494169461032|24.586499776486363|0|null|2.3555901287626986|0|null|false|0|false
264.30|(10144.46,-.52)|(1.00,-.01)|10143.46356953607|24.586499776486363|10143|0|0|(10154.46,.00)|(10242.81,.00)|(10162.49,.00)|0.29|1.00|0.00|(10164.46,.00)|(1.00,.00)|10163.46356953607|24.586499776486363|0|null|2.358108141507561|0|null|false|0|false
264.35|(10146.43,-.50)|(1.00,-.00)|10145.432936613483|24.586499776486363|10145|0|0|(10156.43,.00)|(10244.78,.00)|(10164.46,.00)|0.29|1.00|0.00|(10166.43,.00)|(1.00,.00)|10165.432936613483|24.586499776486363|0|null|2.362496913736023|0|null|false|0|false
264.40|(10148.40,-.48)|(1.00,.00)|10147.402246489017|24.586499776486363|10147|0|0|(10158.40,.00)|(10246.75,.00)|(10166.43,.00)|0.29|1.00|0.00|(10168.40,.00)|(1.00,.00)|10167.402246489017|24.586499776486363|0|null|2.3687460682434747|0|null|false|0|false
264.45|(10150.37,-.45)|(1.00,.00)|10149.371475534976|24.586499776486363|10149|0|0|(10160.37,.00)|(10248.72,.00)|(10168.40,.00)|0.29|1.00|0.00|(10170.37,.00)|(1.00,.00)|10169.371475534976|24.586499776486363|0|null|2.376842757980838|0|null|false|0|false
264.50|(10152.34,-.41)|(1.00,.01)|10151.340600792862|24.586499776486363|10151|0|0|(10162.34,.00)|(10250.69,.00)|(10170.37,.00)|0.29|1.00|0.00|(10172.34,.00)|(1.00,.00)|10171.340600792862|24.586499776486363|0|null|2.386772029443558|0|null|false|0|false
264.55|(10154.31,-.37)|(1.00,.01)|10153.309600040955|24.586499776486363|10153|0|0|(10164.31,.00)|(10252.66,.00)|(10172.34,.00)|0.29|1.00|0.00|(10174.31,.00)|(1.00,.00)|10173.309600040955|24.586499776486363|0|null|2.3985172033651763|0|null|false|0|false
264.60|(10156.28,-.32)|(1.00,.01)|10155.2784518361|24.586499776486363|10155|0|0|(10166.28,.00)|(10254.62,.00)|(10174.31,.00)|0.29|1.00|0.00|(10176.28,.00)|(1.00,.00)|10175.2784518361|24.586499776486363|0|null|2.4120602672896796|0|null|false|0|false
264.65|(10158.25,-.27)|(1.00,.02)|10157.247135529726|24.586499776486363|10157|0|0|(10168.25,.00)|(10256.59,.00)|(10176.28,.00)|0.29|1.00|0.00|(10178.25,.00)|(1.00,.00)|10177.247135529726|24.586499776486363|0|null|2.427382274185434|0|null|false|0|false
264.70|(10160.22,-.20)|(1.00,.02)|10159.215631258732|24.586499776486363|10159|0|0|(10170.22,.00)|(10258.56,.00)|(10178.25,.00)|0.29|1.00|0.00|(10180.22,.00)|(1.00,.00)|10179.215631258732|24.586499776486363|0|null|2.444463740981151|0|null|false|0|false
264.75|(10162.18,-.13)|(1.00,.02)|10161.18391991256|24.586499776486363|10161|0|0|(10172.18,.00)|(10260.53,.00)|(10180.22,.00)|0.29|1.00|0.00|(10182.18,.00)|(1.00,.00)|10181.18391991256|24.586499776486363|0|null|2.463285040757917|0|null|false|0|false
264.80|(10164.15,-.06)|(1.00,.03)|10163.15198307832|24.586499776486363|10163|0|0|(10174.15,.00)|(10262.50,.00)|(10182.18,.00)|0.29|1.00|0.00|(10184.15,.00)|(1.00,.00)|10183.15198307832|24.586499776486363|0|null|2.4838267823246785|0|null|false|0|false
264.85|(10166.12,.02)|(1.00,.03)|10165.119802966363|24.586499776486363|10165|0|0|(10176.12,.00)|(10264.47,.00)|(10184.15,.00)|0.29|1.00|0.00|(10186.12,.00)|(1.00,.00)|10185.119802966363|24.586499776486363|0|null|2.506070171038199|0|null|false|0|false
264.90|(10168.09,.11)|(1.00,.03)|10167.087362319142|24.586499776486363|10167|0|0|(10178.09,.00)|(10266.43,.00)|(10186.12,.00)|0.29|1.00|0.00|(10188.09,.00)|(1.00,.00)|10187.087362319142|24.586499776486363|0|null|2.52999734499987|0|null|false|0|false
264.95|(10170.05,.20)|(1.00,.04)|10169.054644306518|24.586499776486363|10169|0|0|(10180.05,.00)|(10268.40,.00)|(10188.09,.00)|0.29|1.00|0.00|(10190.05,.00)|(1.00,.00)|10189.054644306518|24.586499776486363|0|null|2.5555916811650654|0|null|false|0|false
265.00|(10172.02,.30)|(1.00,.04)|10171.021632410931|24.586499776486363|10171|0|0|(10182.02,.00)|(10270.37,.00)|(10190.05,.00)|0.29|1.00|0.00|(10192.02,.00)|(1.00,.00)|10191.021632410931|24.586499776486363|0|null|2.582838066427478|0|null|false|0|false
265.05|(10173.99,.41)|(1.00,.04)|10172.988310306027|24.586499776486363|10172|0|0|(10183.99,.00)|(10272.33,.00)|(10192.02,.00)|0.29|1.00|0.00|(10193.99,.00)|(1.00,.00)|10192.988310306027|24.586499776486363|0|null|2.6117231293796173|0|null|false|0|false
265.10|(10175.96,.49)|(1.00,.04)|10174.955900922958|24.586499776486363|10174|0|0|(10185.96,.00)|(10274.30,.00)|(10193.99,.00)|-0.19|1.00|0.00|(10195.96,.00)|(1.00,.00)|10194.955900922958|24.586499776486363|0|null|2.6339118636687404|0|null|false|0|false
265.15|(10177.92,.57)|(1.00,.04)|10176.923698612592|24.586499776486363|10176|0|0|(10187.92,.00)|(10276.27,.00)|(10195.96,.00)|-0.19|1.00|0.00|(10197.92,.00)|(1.00,.00)|10196.923698612592|24.586499776486363|0|null|2.6548613355864172|0|null|false|0|false
265.20|(10179.89,.64)|(1.00,.04)|10178.891695607439|24.586499776486363|10178|0|0|(10189.89,.00)|(10278.24,.00)|(10197.92,.00)|-0.19|1.00|0.00|(10199.89,.00)|(1.00,.00)|10198.891695607439|24.586499776486363|0|null|2.674537905742589|0|null|false|0|false
265.25|(10181.86,.69)|(1.00,.04)|10180.859913365275|24.586499776486363|10180|0|0|(10191.86,.00)|(10280.21,.00)|(10199.89,.00)|-0.46|1.00|0.00|(10201.86,.00)|(1.00,.00)|10200.859913365275|24.586499776486363|0|null|2.688183255895102|0|null|false|0|false
265.30|(10183.83,.73)|(1.00,.03)|10182.828424745008|24.586499776486363|10182|0|0|(10193.83,.00)|(10282.17,.00)|(10201.86,.00)|-0.46|1.00|0.00|(10203.83,.00)|(1.00,.00)|10202.828424745008|24.586499776486363|0|null|2.6988799045125815|0|null|false|0|false
265.35|(10185.80,.76)|(1.00,.03)|10184.797168787696|24.586499776486363|10184|0|0|(10195.80,.00)|(10284.14,.00)|(10203.83,.00)|-0.46|1.00|0.00|(10205.80,.00)|(1.00,.00)|10204.797168787696|24.586499776486363|0|null|2.706593334090216|0|null|false|0|false
265.40|(10187.77,.77)|(1.00,.02)|10186.766082473645|24.586499776486363|10186|0|0|(10197.77,.00)|(10286.11,.00)|(10205.80,.00)|-0.46|1.00|0.00|(10207.77,.00)|(1.00,.00)|10206.766082473645|24.586499776486363|0|null|2.7112950819964285|0|null|false|0|false
265.45|(10189.74,.78)|(1.00,.02)|10188.735075617184|24.586499776486363|10188|0|0|(10199.74,.00)|(10288.08,.00)|(10207.77,.00)|-0.48|1.00|0.00|(10209.74,.00)|(1.00,.00)|10208.735075617184|24.586499776486363|0|null|2.712718134698568|0|null|false|0|false
265.50|(10191.70,.77)|(1.00,.01)|10190.704103498168|24.586499776486363|10190|0|0|(10201.70,.00)|(10290.05,.00)|(10209.74,.00)|-0.48|1.00|0.00|(10211.70,.00)|(1.00,.00)|10210.704103498168|24.586499776486363|0|null|2.7110051384115246|0|null|false|0|false
265.55|(10193.67,.75)|(1.00,.01)|10192.67309578951|24.586499776486363|10192|0|0|(10203.67,.00)|(10292.02,.00)|(10211.70,.00)|-0.48|1.00|0.00|(10213.67,.00)|(1.00,.00)|10212.67309578951|24.586499776486363|0|null|2.706142324185931|0|null|false|0|false
265.60|(10195.64,.73)|(1.00,.00)|10194.641981664601|24.586499776486363|10194|0|0|(10205.64,.00)|(10293.99,.00)|(10213.67,.00)|-0.48|1.00|0.00|(10215.64,.00)|(1.00,.00)|10214.641981664601|24.586499776486363|0|null|2.6981202001148206|0|null|false|0|false
265.65|(10197.61,.69)|(1.00,-.00)|10196.610853241455|24.586499776486363|10196|0|0|(10207.61,.00)|(10295.96,.00)|(10215.64,.00)|-0.42|1.00|0.00|(10217.61,.00)|(1.00,.00)|10216.610853241455|24.586499776486363|0|null|2.6879257120308635|0|null|false|0|false
265.70|(10199.58,.64)|(1.00,-.01)|10198.579523851862|24.586499776486363|10198|0|0|(10209.58,.00)|(10297.93,.00)|(10217.61,.00)|-0.42|1.00|0.00|(10219.58,.00)|(1.00,.00)|10218.579523851862|24.586499776486363|0|null|2.674904641007661|0|null|false|0|false
265.75|(10201.55,.58)|(1.00,-.01)|10200.547937451132|24.586499776486363|10200|0|0|(10211.55,.00)|(10299.89,.00)|(10219.58,.00)|-0.42|1.00|0.00|(10221.55,.00)|(1.00,.00)|10220.547937451132|24.586499776486363|0|null|2.659060276639922|0|null|false|0|false
265.80|(10203.52,.51)|(1.00,-.02)|10202.516038535638|24.586499776486363|10202|0|0|(10213.52,.00)|(10301.86,.00)|(10221.55,.00)|-0.42|1.00|0.00|(10223.52,.00)|(1.00,.00)|10222.516038535638|24.586499776486363|0|null|2.6403977560494982|0|null|false|0|false
265.85|(10205.48,.45)|(1.00,-.02)|10204.484423112604|24.586499776486363|10204|0|0|(10215.48,.00)|(10303.83,.00)|(10223.52,.00)|-0.21|1.00|0.00|(10225.48,.00)|(1.00,.00)|10224.484423112604|24.586499776486363|0|null|2.6225145865554182|0|null|false|0|false
265.90|(10207.45,.38)|(1.00,-.02)|10206.452616627668|24.586499776486363|10206|0|0|(10217.45,.00)|(10305.80,.00)|(10225.48,.00)|-0.21|1.00|0.00|(10227.45,.00)|(1.00,.00)|10226.452616627668|24.586499776486363|0|null|2.6030604000723643|0|null|false|0|false
265.95|(10209.42,.30)|(1.00,-.03)|10208.420604010287|24.586499776486363|10208|0|0|(10219.42,.00)|(10307.77,.00)|(10227.45,.00)|-0.21|1.00|0.00|(10229.42,.00)|(1.00,.00)|10228.420604010287|24.586499776486363|0|null|2.5820541554003302|0|null|false|0|false
266.00|(10211.39,.23)|(1.00,-.03)|10210.388761340753|24.586499776486363|10210|0|0|(10221.39,.00)|(10309.73,.00)|(10229.42,.00)|-0.06|1.00|0.00|(10231.39,.00)|(1.00,.00)|10230.388761340753|24.586499776486363|0|null|2.5621689119454514|0|null|false|0|false
266.05|(10213.36,.15)|(1.00,-.03)|10212.356843410418|24.586499776486363|10212|0|0|(10223.36,.00)|(10311.70,.00)|(10231.39,.00)|-0.06|1.00|0.00|(10233.36,.00)|(1.00,.00)|10232.356843410418|24.586499776486363|0|null|2.5416774770999675|0|null|false|0|false
266.10|(10215.32,.08)|(1.00,-.03)|10214.324850267272|24.586499776486363|10214|0|0|(10225.32,.00)|(10313.67,.00)|(10233.36,.00)|-0.06|1.00|0.00|(10235.32,.00)|(1.00,.00)|10234.324850267272|24.586499776486363|0|null|2.5206029381761024|0|null|false|0|false
266.15|(10217.29,.00)|(1.00,-.03)|10216.29303659206|24.586499776486363|10216|0|0|(10227.29,.00)|(10315.64,.00)|(10235.32,.00)|0.08|1.00|0.00|(10237.29,.00)|(1.00,.00)|10236.29303659206|24.586499776486363|0|null|2.5012799019179317|0|null|false|0|false
266.20|(10219.26,-.07)|(1.00,-.03)|10218.261267569702|24.586499776486363|10218|0|0|(10229.26,.00)|(10317.61,.00)|(10237.29,.00)|0.08|1.00|0.00|(10239.26,.00)|(1.00,.00)|10238.261267569702|24.586499776486363|0|null|2.4822062440317865|0|null|false|0|false
266.25|(10221.23,-.13)|(1.00,-.03)|10220.229544685693|24.586499776486363|10220|0|0|(10231.23,.00)|(10319.58,.00)|(10239.26,.00)|0.08|1.00|0.00|(10241.23,.00)|(1.00,.00)|10240.229544685693|24.586499776486363|0|null|2.463404153651749|0|null|false|0|false
266.30|(10223.20,-.20)|(1.00,-.03)|10222.197868943387|24.586499776486363|10222|0|0|(10233.20,.00)|(10321.54,.00)|(10241.23,.00)|0.08|1.00|0.00|(10243.20,.00)|(1.00,.00)|10242.197868943387|24.586499776486363|0|null|2.444892265589291|0|null|false|0|false
266.35|(10225.17,-.26)|(1.00,-.03)|10224.166384304588|24.586499776486363|10224|0|0|(10235.17,.00)|(10323.51,.00)|(10243.20,.00)|0.21|1.00|0.00|(10245.17,.00)|(1.00,.00)|10244.166384304588|24.586499776486363|0|null|2.4289770429587394|0|null|false|0|false
266.40|(10227.14,-.31)|(1.00,-.03)|10226.135032839235|24.586499776486363|10226|0|0|(10237.14,.00)|(10325.48,.00)|(10245.17,.00)|0.21|1.00|0.00|(10247.14,.00)|(1.00,.00)|10246.135032839235|24.586499776486363|0|null|2.4141658341565373|0|null|false|0|false
266.45|(10229.10,-.36)|(1.00,-.03)|10228.103806413139|24.586499776486363|10228|0|0|(10239.10,.00)|(10327.45,.00)|(10247.14,.00)|0.21|1.00|0.00|(10249.10,.00)|(1.00,.00)|10248.103806413139|24.586499776486363|0|null|2.400474933279955|0|null|false|0|false
266.50|(10231.07,-.41)|(1.00,-.03)|10230.07269628552|24.586499776486363|10230|0|0|(10241.07,.00)|(10329.42,.00)|(10249.10,.00)|0.21|1.00|0.00|(10251.07,.00)|(1.00,.00)|10250.07269628552|24.586499776486363|0|null|2.3879170446603855|0|null|false|0|false
266.55|(10233.04,-.45)|(1.00,-.03)|10232.041702433698|24.586499776486363|10232|0|0|(10243.04,.00)|(10331.39,.00)|(10251.07,.00)|0.29|1.00|0.00|(10253.04,.00)|(1.00,.00)|10252.041702433698|24.586499776486363|0|null|2.3779366481890007|0|null|false|0|false
266.60|(10235.01,-.48)|(1.00,-.02)|10234.010829922958|24.586499776486363|10234|0|0|(10245.01,.00)|(10333.36,.00)|(10253.04,.00)|0.29|1.00|0.00|(10255.01,.00)|(1.00,.00)|10254.010829922958|24.586499776486363|0|null|2.3695980361780005|0|null|false|0|false
266.65|(10236.98,-.50)|(1.00,-.02)|10235.980059202635|24.586499776486363|10235|0|0|(10246.98,.00)|(10335.33,.00)|(10255.01,.00)|0.29|1.00|0.00|(10256.98,.00)|(1.00,.00)|10255.980059202635|24.586499776486363|0|null|2.3629098872581524|0|null|false|0|false
266.70|(10238.95,-.52)|(1.00,-.02)|10237.949360112945|24.586499776486363|10237|0|0|(10248.95,.00)|(10337.30,.00)|(10256.98,.00)|0.31|1.00|0.00|(10258.95,.00)|(1.00,.00)|10257.949360112945|24.586499776486363|0|null|2.3581805032813032|0|null|false|0|false
266.75|(10240.92,-.53)|(1.00,-.02)|10239.918722893577|24.586499776486363|10239|0|0|(10250.92,.00)|(10339.26,.00)|(10258.95,.00)|0.31|1.00|0.00|(10260.92,.00)|(1.00,.00)|10259.918722893577|24.586499776486363|0|null|2.3552153545688013|0|null|false|0|false
266.80|(10242.89,-.53)|(1.00,-.01)|10241.888124915029|24.586499776486363|10241|0|0|(10252.89,.00)|(10341.23,.00)|(10260.92,.00)|0.31|1.00|0.00|(10262.89,.00)|(1.00,.00)|10261.888124915029|24.586499776486363|0|null|2.3540176045295986|0|null|false|0|false
266.85|(10244.86,-.53)|(1.00,-.01)|10243.857543522025|24.586499776486363|10243|0|0|(10254.86,.00)|(10343.20,.00)|(10262.89,.00)|0.31|1.00|0.00|(10264.86,.00)|(1.00,.00)|10263.857543522025|24.586499776486363|0|null|2.3545890427484557|0|null|false|0|false
266.90|(10246.83,-.52)|(1.00,-.01)|10245.826956094395|24.586499776486363|10245|0|0|(10256.83,.00)|(10345.17,.00)|(10264.86,.00)|0.31|1.00|0.00|(10266.83,.00)|(1.00,.00)|10265.826956094395|24.586499776486363|0|null|2.3569305273343844|0|null|false|0|false
266.95|(10248.80,-.51)|(1.00,-.00)|10247.796395271038|24.586499776486363|10247|0|0|(10258.80,.00)|(10347.14,.00)|(10266.83,.00)|0.27|1.00|0.00|(10268.80,.00)|(1.00,.00)|10267.796395271038|24.586499776486363|0|null|2.360298472181258|0|null|false|0|false
267.00|(10250.77,-.49)|(1.00,-.00)|10249.76579916524|24.586499776486363|10249|0|0|(10260.77,.00)|(10349.11,.00)|(10268.80,.00)|0.27|1.00|0.00|(10270.77,.00)|(1.00,.00)|10269.76579916524|24.586499776486363|0|null|2.3651815527295152|0|null|false|0|false
267.05|(10252.74,-.47)|(1.00,.00)|10251.735151365812|24.586499776486363|10251|0|0|(10262.74,.00)|(10351.08,.00)|(10270.77,.00)|0.27|1.00|0.00|(10272.74,.00)|(1.00,.00)|10271.735151365812|24.586499776486363|0|null|2.371577930173455|0|null|false|0|false
267.10|(10254.70,-.44)|(1.00,.01)|10253.704435551983|24.586499776486363|10253|0|0|(10264.70,.00)|(10353.05,.00)|(10272.74,.00)|0.27|1.00|0.00|(10274.70,.00)|(1.00,.00)|10273.704435551983|24.586499776486363|0|null|2.3794866304798576|0|null|false|0|false
267.15|(10256.67,-.41)|(1.00,.01)|10255.673635435905|24.586499776486363|10255|0|0|(10266.67,.00)|(10355.02,.00)|(10274.70,.00)|0.27|1.00|0.00|(10276.67,.00)|(1.00,.00)|10275.673635435905|24.586499776486363|0|null|2.3889078222802507|0|null|false|0|false
267.20|(10258.64,-.37)|(1.00,.01)|10257.642734693261|24.586499776486363|10257|0|0|(10268.64,.00)|(10356.99,.00)|(10276.67,.00)|0.27|1.00|0.00|(10278.64,.00)|(1.00,.00)|10277.642734693261|24.586499776486363|0|null|2.3998430516215477|0|null|false|0|false
267.25|(10260.61,-.32)|(1.00,.01)|10259.611716884872|24.586499776486363|10259|0|0|(10270.61,.00)|(10358.96,.00)|(10278.64,.00)|0.27|1.00|0.00|(10280.61,.00)|(1.00,.00)|10279.611716884872|24.586499776486363|0|null|2.412295430362401|0|null|false|0|false
267.30|(10262.58,-.27)|(1.00,.02)|10261.580565372424|24.586499776486363|10261|0|0|(10272.58,.00)|(10360.93,.00)|(10280.61,.00)|0.27|1.00|0.00|(10282.58,.00)|(1.00,.00)|10281.580565372424|24.586499776486363|0|null|2.4262697758672966|0|null|false|0|false
267.35|(10264.55,-.21)|(1.00,.02)|10263.549263231456|24.586499776486363|10263|0|0|(10274.55,.00)|(10362.90,.00)|(10282.58,.00)|0.27|1.00|0.00|(10284.55,.00)|(1.00,.00)|10283.549263231456|24.586499776486363|0|null|2.4417727005702767|0|null|false|0|false
267.40|(10266.52,-.15)|(1.00,.02)|10265.517793164747|24.586499776486363|10265|0|0|(10276.52,.00)|(10364.86,.00)|(10284.55,.00)|0.27|1.00|0.00|(10286.52,.00)|(1.00,.00)|10285.517793164747|24.586499776486363|0|null|2.458812650935823|0|null|false|0|false
267.45|(10268.49,-.08)|(1.00,.03)|10267.48613741917|24.586499776486363|10267|0|0|(10278.49,.00)|(10366.83,.00)|(10286.52,.00)|0.27|1.00|0.00|(10288.49,.00)|(1.00,.00)|10287.48613741917|24.586499776486363|0|null|2.4773998963155623|0|null|false|0|false
267.50|(10270.45,-.01)|(1.00,.03)|10269.45427770897|24.586499776486363|10269|0|0|(10280.45,.00)|(10368.80,.00)|(10288.49,.00)|0.27|1.00|0.00|(10290.45,.00)|(1.00,.00)|10289.45427770897|24.586499776486363|0|null|2.497546469165365|0|null|false|0|false
267.55|(10272.42,.07)|(1.00,.03)|10271.422195148181|24.586499776486363|10271|0|0|(10282.42,.00)|(10370.77,.00)|(10290.45,.00)|0.27|1.00|0.00|(10292.42,.00)|(1.00,.00)|10291.422195148181|24.586499776486363|0|null|2.5192660590274127|0|null|false|0|false
267.60|(10274.39,.16)|(1.00,.03)|10273.389870194691|24.586499776486363|10273|0|0|(10284.39,.00)|(10372.74,.00)|(10292.42,.00)|0.27|1.00|0.00|(10294.39,.00)|(1.00,.00)|10293.389870194691|24.586499776486363|0|null|2.5425738635756407|0|null|false|0|false
267.65|(10276.36,.25)|(1.00,.04)|10275.357282608133|24.586499776486363|10275|0|0|(10286.36,.00)|(10374.70,.00)|(10294.39,.00)|0.27|1.00|0.00|(10296.36,.00)|(1.00,.00)|10295.357282608133|24.586499776486363|0|null|2.5674864008512923|0|null|false|0|false
267.70|(10278.32,.34)|(1.00,.04)|10277.324411423426|24.586499776486363|10277|0|0|(10288.32,.00)|(10376.67,.00)|(10296.36,.00)|0.27|1.00|0.00|(10298.32,.00)|(1.00,.00)|10297.324411423426|24.586499776486363|0|null|2.5940212875600897|0|null|false|0|false
267.75|(10280.29,.45)|(1.00,.04)|10279.291234941382|24.586499776486363|10279|0|0|(10290.29,.00)|(10378.64,.00)|(10298.32,.00)|0.27|1.00|0.00|(10300.29,.00)|(1.00,.00)|10299.291234941382|24.586499776486363|0|null|2.6221969889474575|0|null|false|0|false
267.80|(10282.26,.56)|(1.00,.05)|10281.257730737358|24.586499776486363|10281|0|0|(10292.26,.00)|(10380.60,.00)|(10300.29,.00)|0.27|1.00|0.00|(10302.26,.00)|(1.00,.00)|10301.257730737358|24.586499776486363|0|null|2.6520325462990373|0|null|false|0|false
267.85|(10284.22,.67)|(1.00,.05)|10283.223875688409|24.586499776486363|10283|0|0|(10294.22,.00)|(10382.57,.00)|(10302.26,.00)|0.27|1.00|0.00|(10304.22,.00)|(1.00,.00)|10303.223875688409|24.586499776486363|0|null|2.683547288518642|0|null|false|0|false
267.90|(10286.19,.79)|(1.00,.05)|10285.189646018911|24.586499776486363|10285|0|0|(10296.19,.00)|(10384.54,.00)|(10304.22,.00)|0.27|1.00|0.00|(10306.19,.00)|(1.00,.00)|10305.189646018911|24.586499776486363|0|null|2.7167605345056436|0|null|false|0|false
267.95|(10288.16,.92)|(1.00,.06)|10287.15501736407|24.586499776486363|10287|0|0|(10298.16,.00)|(10386.50,.00)|(10306.19,.00)|0.27|1.00|0.00|(10308.16,.00)|(1.00,.00)|10307.15501736407|24.586499776486363|0|null|2.751691293182331|0|null|false|0|false
268.00|(10290.12,1.06)|(1.00,.06)|10289.119964850179|24.586499776486363|10289|0|0|(10300.12,.00)|(10388.47,.00)|(10308.16,.00)|0.27|1.00|0.00|(10310.12,.00)|(1.00,.00)|10309.119964850179|24.586499776486363|0|null|2.7883579680059394|0|null|false|0|false
268.05|(10292.08,1.20)|(1.00,.06)|10291.084463189956|24.586499776486363|10291|0|0|(10302.08,.00)|(10390.43,.00)|(10310.12,.00)|0.27|1.00|0.00|(10312.08,.00)|(1.00,.00)|10311.084463189956|24.586499776486363|0|null|2.8267780726397147|0|null|false|0|false
268.10|(10294.05,1.30)|(1.00,.06)|10293.050728639682|24.586499776486363|10293|0|0|(10304.05,.00)|(10392.40,.00)|(10312.08,.00)|-0.47|1.00|0.00|(10314.05,.00)|(1.00,.00)|10313.050728639682|24.586499776486363|0|null|2.8542401759036897|0|null|false|0|false
268.15|(10296.02,1.39)|(1.00,.06)|10295.0175165091|24.586499776486363|10295|0|0|(10306.02,.00)|(10394.36,.00)|(10314.05,.00)|-0.47|1.00|0.00|(10316.02,.00)|(1.00,.00)|10315.0175165091|24.586499776486363|0|null|2.879119806843482|0|null|false|0|false
268.20|(10297.98,1.47)|(1.00,.05)|10296.984779549015|24.586499776486363|10296|0|0|(10307.98,.00)|(10396.33,.00)|(10316.02,.00)|-0.47|1.00|0.00|(10317.98,.00)|(1.00,.00)|10316.984779549015|24.586499776486363|0|null|2.9013893532831103|0|null|false|0|false
268.25|(10299.95,1.52)|(1.00,.05)|10298.95218210475|24.586499776486363|10298|0|0|(10309.95,.00)|(10398.30,.00)|(10317.98,.00)|-0.85|1.00|0.00|(10319.95,.00)|(1.00,.00)|10318.95218210475|24.586499776486363|0|null|2.914507782397962|0|null|false|0|false
268.30|(10301.92,1.55)|(1.00,.04)|10300.920045654939|24.586499776486363|10300|0|0|(10311.92,.00)|(10400.27,.00)|(10319.95,.00)|-0.85|1.00|0.00|(10321.92,.00)|(1.00,.00)|10320.920045654939|24.586499776486363|0|null|2.9227323747704435|0|null|false|0|false
268.35|(10303.89,1.56)|(1.00,.03)|10302.888198033079|24.586499776486363|10302|0|0|(10313.89,.00)|(10402.23,.00)|(10321.92,.00)|-0.85|1.00|0.00|(10323.89,.00)|(1.00,.00)|10322.888198033079|24.586499776486363|0|null|2.9260206799182025|0|null|false|0|false
268.40|(10305.86,1.55)|(1.00,.02)|10304.856463647813|24.586499776486363|10304|0|0|(10315.86,.00)|(10404.20,.00)|(10323.89,.00)|-0.85|1.00|0.00|(10325.86,.00)|(1.00,.00)|10324.856463647813|24.586499776486363|0|null|2.9243343199241325|0|null|false|0|false
268.45|(10307.82,1.53)|(1.00,.01)|10306.824827012877|24.586499776486363|10306|0|0|(10317.82,.00)|(10406.17,.00)|(10325.86,.00)|-0.80|1.00|0.00|(10327.82,.00)|(1.00,.00)|10326.824827012877|24.586499776486363|0|null|2.9184328233254755|0|null|false|0|false
268.50|(10309.79,1.49)|(1.00,.01)|10308.792984630096|24.586499776486363|10308|0|0|(10319.79,.00)|(10408.14,.00)|(10327.82,.00)|-0.80|1.00|0.00|(10329.79,.00)|(1.00,.00)|10328.792984630096|24.586499776486363|0|null|2.9077631057489235|0|null|false|0|false
268.55|(10311.76,1.44)|(1.00,-.00)|10310.76077235155|24.586499776486363|10310|0|0|(10321.76,.00)|(10410.11,.00)|(10329.79,.00)|-0.80|1.00|0.00|(10331.76,.00)|(1.00,.00)|10330.76077235155|24.586499776486363|0|null|2.8922989042408442|0|null|false|0|false
268.60|(10313.73,1.37)|(1.00,-.01)|10312.728681245919|24.586499776486363|10312|0|0|(10323.73,.00)|(10412.07,.00)|(10331.76,.00)|-0.65|1.00|0.00|(10333.73,.00)|(1.00,.00)|10332.728681245919|24.586499776486363|0|null|2.8746215245195534|0|null|false|0|false
268.65|(10315.70,1.29)|(1.00,-.02)|10314.69609373017|24.586499776486363|10314|0|0|(10325.70,.00)|(10414.04,.00)|(10333.73,.00)|-0.65|1.00|0.00|(10335.70,.00)|(1.00,.00)|10334.69609373017|24.586499776486363|0|null|2.852998421484755|0|null|false|0|false
268.70|(10317.66,1.20)|(1.00,-.02)|10316.662897904336|24.586499776486363|10316|0|0|(10327.66,.00)|(10416.01,.00)|(10335.70,.00)|-0.65|1.00|0.00|(10337.66,.00)|(1.00,.00)|10336.662897904336|24.586499776486363|0|null|2.827417134807796|0|null|false|0|false
268.75|(10319.63,1.10)|(1.00,-.03)|10318.62984340044|24.586499776486363|10318|0|0|(10329.63,.00)|(10417.98,.00)|(10337.66,.00)|-0.46|1.00|0.00|(10339.63,.00)|(1.00,.00)|10338.62984340044|24.586499776486363|0|null|2.8011457794332952|0|null|false|0|false
268.80|(10321.60,1.00)|(1.00,-.04)|10320.596265951057|24.586499776486363|10320|0|0|(10331.60,.00)|(10419.94,.00)|(10339.63,.00)|-0.46|1.00|0.00|(10341.60,.00)|(1.00,.00)|10340.596265951057|24.586499776486363|0|null|2.77201962600367|0|null|false|0|false
268.85|(10323.56,.88)|(1.00,-.04)|10322.562107955324|24.586499776486363|10322|0|0|(10333.56,.00)|(10421.91,.00)|(10341.60,.00)|-0.46|1.00|0.00|(10343.56,.00)|(1.00,.00)|10342.562107955324|24.586499776486363|0|null|2.740038109687409|0|null|false|0|false
268.90|(10325.53,.75)|(1.00,-.05)|10324.5273119237|24.586499776486363|10324|0|0|(10335.53,.00)|(10423.87,.00)|(10343.56,.00)|-0.46|1.00|0.00|(10345.53,.00)|(1.00,.00)|10344.5273119237|24.586499776486363|0|null|2.705200356421682|0|null|false|0|false
268.95|(10327.49,.63)|(1.00,-.05)|10326.492783876845|24.586499776486363|10326|0|0|(10337.49,.00)|(10425.84,.00)|(10345.53,.00)|-0.25|1.00|0.00|(10347.49,.00)|(1.00,.00)|10346.492783876845|24.586499776486363|0|null|2.6711563888987144|0|null|false|0|false
269.00|(10329.46,.50)|(1.00,-.05)|10328.457889824813|24.586499776486363|10328|0|0|(10339.46,.00)|(10427.80,.00)|(10347.49,.00)|-0.25|1.00|0.00|(10349.46,.00)|(1.00,.00)|10348.457889824813|24.586499776486363|0|null|2.6355071138871042|0|null|false|0|false
269.05|(10331.42,.36)|(1.00,-.06)|10330.422613219913|24.586499776486363|10330|0|0|(10341.42,.00)|(10429.77,.00)|(10349.46,.00)|-0.25|1.00|0.00|(10351.42,.00)|(1.00,.00)|10350.422613219913|24.586499776486363|0|null|2.598262826672987|0|null|false|0|false
269.10|(10333.39,.22)|(1.00,-.06)|10332.386937798829|24.586499776486363|10332|0|0|(10343.39,.00)|(10431.73,.00)|(10351.42,.00)|-0.25|1.00|0.00|(10353.39,.00)|(1.00,.00)|10352.386937798829|24.586499776486363|0|null|2.559433063656435|0|null|false|0|false
269.15|(10335.35,.09)|(1.00,-.06)|10334.352248925674|24.586499776486363|10334|0|0|(10345.35,.00)|(10433.70,.00)|(10353.39,.00)|0.14|1.00|0.00|(10355.35,.00)|(1.00,.00)|10354.352248925674|24.586499776486363|0|null|2.525796522484594|0|null|false|0|false
269.20|(10337.32,-.03)|(1.00,-.06)|10336.317774166697|24.586499776486363|10336|0|0|(10347.32,.00)|(10435.66,.00)|(10355.35,.00)|0.14|1.00|0.00|(10357.32,.00)|(1.00,.00)|10356.317774166697|24.586499776486363|0|null|2.4929145324774034|0|null|false|0|false
269.25|(10339.28,-.14)|(1.00,-.06)|10338.28351208674|24.586499776486363|10338|0|0|(10349.28,.00)|(10437.63,.00)|(10357.32,.00)|0.14|1.00|0.00|(10359.28,.00)|(1.00,.00)|10358.28351208674|24.586499776486363|0|null|2.460817530565164|0|null|false|0|false
269.30|(10341.25,-.25)|(1.00,-.06)|10340.249792572953|24.586499776486363|10340|0|0|(10351.25,.00)|(10439.60,.00)|(10359.28,.00)|0.33|1.00|0.00|(10361.25,.00)|(1.00,.00)|10360.249792572953|24.586499776486363|0|null|2.432694554535668|0|null|false|0|false
269.35|(10343.22,-.34)|(1.00,-.06)|10342.216482925889|24.586499776486363|10342|0|0|(10353.22,.00)|(10441.56,.00)|(10361.25,.00)|0.33|1.00|0.00|(10363.22,.00)|(1.00,.00)|10362.216482925889|24.586499776486363|0|null|2.4064960655075867|0|null|false|0|false
269.40|(10345.18,-.43)|(1.00,-.05)|10344.183558344268|24.586499776486363|10344|0|0|(10355.18,.00)|(10443.53,.00)|(10363.22,.00)|0.33|1.00|0.00|(10365.18,.00)|(1.00,.00)|10364.183558344268|24.586499776486363|0|null|2.382258024815389|0|null|false|0|false
269.45|(10347.15,-.51)|(1.00,-.05)|10346.151048972346|24.586499776486363|10346|0|0|(10357.15,.00)|(10445.50,.00)|(10365.18,.00)|0.44|1.00|0.00|(10367.15,.00)|(1.00,.00)|10366.151048972346|24.586499776486363|0|null|2.361947149601681|0|null|false|0|false
269.50|(10349.12,-.57)|(1.00,-.05)|10348.118939888245|24.586499776486363|10348|0|0|(10359.12,.00)|(10447.46,.00)|(10367.15,.00)|0.44|1.00|0.00|(10369.12,.00)|(1.00,.00)|10368.118939888245|24.586499776486363|0|null|2.3443258428451967|0|null|false|0|false
269.55|(10351.09,-.62)|(1.00,-.04)|10350.087179943634|24.586499776486363|10350|0|0|(10361.09,.00)|(10449.43,.00)|(10369.12,.00)|0.44|1.00|0.00|(10371.09,.00)|(1.00,.00)|10370.087179943634|24.586499776486363|0|null|2.3294308732422593|0|null|false|0|false
269.60|(10353.06,-.67)|(1.00,-.04)|10352.055716274619|24.586499776486363|10352|0|0|(10363.06,.00)|(10451.40,.00)|(10371.09,.00)|0.44|1.00|0.00|(10373.06,.00)|(1.00,.00)|10372.055716274619|24.586499776486363|0|null|2.317296890998254|0|null|false|0|false
269.65|(10355.02,-.70)|(1.00,-.03)|10354.024456381729|24.586499776486363|10354|0|0|(10365.02,.00)|(10453.37,.00)|(10373.06,.00)|0.48|1.00|0.00|(10375.02,.00)|(1.00,.00)|10374.024456381729|24.586499776486363|0|null|2.308695362859395|0|null|false|0|false
269.70|(10356.99,-.72)|(1.00,-.03)|10355.993382537365|24.586499776486363|10355|0|0|(10366.99,.00)|(10455.34,.00)|(10375.02,.00)|0.48|1.00|0.00|(10376.99,.00)|(1.00,.00)|10375.993382537365|24.586499776486363|0|null|2.3031720871568337|0|null|false|0|false
269.75|(10358.96,-.73)|(1.00,-.02)|10357.9624266131|24.586499776486363|10357|0|0|(10368.96,.00)|(10457.31,.00)|(10376.99,.00)|0.48|1.00|0.00|(10378.96,.00)|(1.00,.00)|10377.9624266131|24.586499776486363|0|null|2.300758615972144|0|null|false|0|false
269.80|(10360.93,-.73)|(1.00,-.02)|10359.931518940648|24.586499776486363|10359|0|0|(10370.93,.00)|(10459.28,.00)|(10378.96,.00)|0.48|1.00|0.00|(10380.93,.00)|(1.00,.00)|10379.931518940648|24.586499776486363|0|null|2.3014845198245957|0|null|false|0|false
269.85|(10362.90,-.72)|(1.00,-.01)|10361.900690105122|24.586499776486363|10361|0|0|(10372.90,.00)|(10461.25,.00)|(10380.93,.00)|0.43|1.00|0.00|(10382.90,.00)|(1.00,.00)|10381.900690105122|24.586499776486363|0|null|2.304503502602948|0|null|false|0|false
269.90|(10364.87,-.69)|(1.00,-.01)|10363.869793739826|24.586499776486363|10363|0|0|(10374.87,.00)|(10463.22,.00)|(10382.90,.00)|0.43|1.00|0.00|(10384.87,.00)|(1.00,.00)|10383.869793739826|24.586499776486363|0|null|2.3104149318048446|0|null|false|0|false
269.95|(10366.84,-.66)|(1.00,-.00)|10365.83876943147|24.586499776486363|10365|0|0|(10376.84,.00)|(10465.18,.00)|(10384.87,.00)|0.43|1.00|0.00|(10386.84,.00)|(1.00,.00)|10385.83876943147|24.586499776486363|0|null|2.319239602722131|0|null|false|0|false
270.00|(10368.81,-.62)|(1.00,.00)|10367.807781455702|24.586499776486363|10367|0|0|(10378.81,.00)|(10467.15,.00)|(10386.84,.00)|0.34|1.00|0.00|(10388.81,.00)|(1.00,.00)|10387.807781455702|24.586499776486363|0|null|2.3293959801334685|0|null|false|0|false
270.05|(10370.78,-.58)|(1.00,.01)|10369.77661897712|24.586499776486363|10369|0|0|(10380.78,.00)|(10469.12,.00)|(10388.81,.00)|0.34|1.00|0.00|(10390.78,.00)|(1.00,.00)|10389.77661897712|24.586499776486363|0|null|2.3419519555883546|0|null|false|0|false
270.10|(10372.75,-.52)|(1.00,.01)|10371.745240616241|24.586499776486363|10371|0|0|(10382.75,.00)|(10471.09,.00)|(10390.78,.00)|0.34|1.00|0.00|(10392.75,.00)|(1.00,.00)|10391.745240616241|24.586499776486363|0|null|2.3569175360689476|0|null|false|0|false
270.15|(10374.71,-.46)|(1.00,.02)|10373.7136048667|24.586499776486363|10373|0|0|(10384.71,.00)|(10473.06,.00)|(10392.75,.00)|0.34|1.00|0.00|(10394.71,.00)|(1.00,.00)|10393.7136048667|24.586499776486363|0|null|2.374301093305545|0|null|false|0|false
270.20|(10376.68,-.40)|(1.00,.02)|10375.682016020566|24.586499776486363|10375|0|0|(10386.68,.00)|(10475.03,.00)|(10394.71,.00)|0.21|1.00|0.00|(10396.68,.00)|(1.00,.00)|10395.682016020566|24.586499776486363|0|null|2.3919522910301496|0|null|false|0|false
270.25|(10378.65,-.32)|(1.00,.02)|10377.65022184896|24.586499776486363|10377|0|0|(10388.65,.00)|(10477.00,.00)|(10396.68,.00)|0.21|1.00|0.00|(10398.65,.00)|(1.00,.00)|10397.65022184896|24.586499776486363|0|null|2.411292047690537|0|null|false|0|false
270.30|(10380.62,-.25)|(1.00,.03)|10379.618202810072|24.586499776486363|10379|0|0|(10390.62,.00)|(10478.96,.00)|(10398.65,.00)|0.21|1.00|0.00|(10400.62,.00)|(1.00,.00)|10399.618202810072|24.586499776486363|0|null|2.43231621974245|0|null|false|0|false
270.35|(10382.59,-.18)|(1.00,.03)|10381.586411995338|24.586499776486363|10381|0|0|(10392.59,.00)|(10480.93,.00)|(10400.62,.00)|0.01|1.00|0.00|(10402.59,.00)|(1.00,.00)|10401.586411995338|24.586499776486363|0|null|2.4516029596796707|0|null|false|0|false
270.40|(10384.55,-.10)|(1.00,.03)|10383.554566976305|24.586499776486363|10383|0|0|(10394.55,.00)|(10482.90,.00)|(10402.59,.00)|0.01|1.00|0.00|(10404.55,.00)|(1.00,.00)|10403.554566976305|24.586499776486363|0|null|2.4713884918303792|0|null|false|0|false
270.45|(10386.52,-.03)|(1.00,.03)|10385.522667463432|24.586499776486363|10385|0|0|(10396.52,.00)|(10484.87,.00)|(10404.55,.00)|0.01|1.00|0.00|(10406.52,.00)|(1.00,.00)|10405.522667463432|24.586499776486363|0|null|2.4916531922480543|0|null|false|0|false
270.50|(10388.49,.05)|(1.00,.03)|10387.490713568195|24.586499776486363|10387|0|0|(10398.49,.00)|(10486.84,.00)|(10406.52,.00)|0.01|1.00|0.00|(10408.49,.00)|(1.00,.00)|10407.490713568195|24.586499776486363|0|null|2.5123768267614297|0|null|false|0|false
270.55|(10390.46,.11)|(1.00,.03)|10389.458975488124|24.586499776486363|10389|0|0|(10400.46,.00)|(10488.80,.00)|(10408.49,.00)|-0.15|1.00|0.00|(10410.46,.00)|(1.00,.00)|10409.458975488124|24.586499776486363|0|null|2.5306193438963063|0|null|false|0|false
270.60|(10392.43,.18)|(1.00,.03)|10391.427327057178|24.586499776486363|10391|0|0|(10402.43,.00)|(10490.77,.00)|(10410.46,.00)|-0.15|1.00|0.00|(10412.43,.00)|(1.00,.00)|10411.427327057178|24.586499776486363|0|null|2.54827596752498|0|null|false|0|false
270.65|(10394.40,.24)|(1.00,.03)|10393.395767615586|24.586499776486363|10393|0|0|(10404.40,.00)|(10492.74,.00)|(10412.43,.00)|-0.15|1.00|0.00|(10414.40,.00)|(1.00,.00)|10413.395767615586|24.586499776486363|0|null|2.5653147545242114|0|null|false|0|false
270.70|(10396.36,.30)|(1.00,.03)|10395.364296266254|24.586499776486363|10395|0|0|(10406.36,.00)|(10494.71,.00)|(10414.40,.00)|-0.15|1.00|0.00|(10416.36,.00)|(1.00,.00)|10415.364296266254|24.586499776486363|0|null|2.581703944882153|0|null|false|0|false
270.75|(10398.33,.35)|(1.00,.03)|10397.33297337122|24.586499776486363|10397|0|0|(10408.33,.00)|(10496.68,.00)|(10416.36,.00)|-0.24|1.00|0.00|(10418.33,.00)|(1.00,.00)|10417.33297337122|24.586499776486363|0|null|2.59584998951563|0|null|false|0|false
270.80|(10400.30,.40)|(1.00,.03)|10399.301782793278|24.586499776486363|10399|0|0|(10410.30,.00)|(10498.65,.00)|(10418.33,.00)|-0.24|1.00|0.00|(10420.30,.00)|(1.00,.00)|10419.301782793278|24.586499776486363|0|null|2.6087471777324582|0|null|false|0|false
270.85|(10402.27,.44)|(1.00,.03)|10401.270714775357|24.586499776486363|10401|0|0|(10412.27,.00)|(10500.62,.00)|(10420.30,.00)|-0.24|1.00|0.00|(10422.27,.00)|(1.00,.00)|10421.270714775357|24.586499776486363|0|null|2.6203593464979003|0|null|false|0|false
270.90|(10404.24,.47)|(1.00,.03)|10403.23974948852|24.586499776486363|10403|0|0|(10414.24,.00)|(10502.59,.00)|(10422.27,.00)|-0.32|1.00|0.00|(10424.24,.00)|(1.00,.00)|10423.23974948852|24.586499776486363|0|null|2.6293357257756966|0|null|false|0|false
270.95|(10406.21,.50)|(1.00,.02)|10405.208900838386|24.586499776486363|10405|0|0|(10416.21,.00)|(10504.55,.00)|(10424.24,.00)|-0.32|1.00|0.00|(10426.21,.00)|(1.00,.00)|10425.208900838386|24.586499776486363|0|null|2.6365058860454154|0|null|false|0|false
271.00|(10408.18,.52)|(1.00,.02)|10407.178146056285|24.586499776486363|10407|0|0|(10418.18,.00)|(10506.52,.00)|(10426.21,.00)|-0.32|1.00|0.00|(10428.18,.00)|(1.00,.00)|10427.178146056285|24.586499776486363|0|null|2.6418325067153297|0|null|false|0|false
271.05|(10410.15,.53)|(1.00,.02)|10409.147444971617|24.586499776486363|10409|0|0|(10420.15,.00)|(10508.49,.00)|(10428.18,.00)|-0.34|1.00|0.00|(10430.15,.00)|(1.00,.00)|10429.147444971617|24.586499776486363|0|null|2.644968072086674|0|null|false|0|false
271.10|(10412.12,.53)|(1.00,.01)|10411.116786544795|24.586499776486363|10411|0|0|(10422.12,.00)|(10510.46,.00)|(10430.15,.00)|-0.34|1.00|0.00|(10432.12,.00)|(1.00,.00)|10431.116786544795|24.586499776486363|0|null|2.6460837211489063|0|null|false|0|false
271.15|(10414.09,.53)|(1.00,.01)|10413.08614140849|24.586499776486363|10413|0|0|(10424.09,.00)|(10512.43,.00)|(10432.12,.00)|-0.34|1.00|0.00|(10434.09,.00)|(1.00,.00)|10433.08614140849|24.586499776486363|0|null|2.6451468032984082|0|null|false|0|false
271.20|(10416.06,.52)|(1.00,.01)|10415.055479058503|24.586499776486363|10415|0|0|(10426.06,.00)|(10514.40,.00)|(10434.09,.00)|-0.34|1.00|0.00|(10436.06,.00)|(1.00,.00)|10435.055479058503|24.586499776486363|0|null|2.6421269463707504|0|null|false|0|false
271.25|(10418.02,.50)|(1.00,.00)|10417.024767948857|24.586499776486363|10417|0|0|(10428.02,.00)|(10516.37,.00)|(10436.06,.00)|-0.34|1.00|0.00|(10438.02,.00)|(1.00,.00)|10437.024767948857|24.586499776486363|0|null|2.636996187566703|0|null|false|0|false
271.30|(10419.99,.47)|(1.00,-.00)|10418.993975600439|24.586499776486363|10418|0|0|(10429.99,.00)|(10518.34,.00)|(10438.02,.00)|-0.34|1.00|0.00|(10439.99,.00)|(1.00,.00)|10438.993975600439|24.586499776486363|0|null|2.6297290946737317|0|null|false|0|false
271.35|(10421.96,.44)|(1.00,-.00)|10420.963202436073|24.586499776486363|10420|0|0|(10431.96,.00)|(10520.31,.00)|(10439.99,.00)|-0.27|1.00|0.00|(10441.96,.00)|(1.00,.00)|10440.963202436073|24.586499776486363|0|null|2.621481448458709|0|null|false|0|false
271.40|(10423.93,.41)|(1.00,-.01)|10422.932324256986|24.586499776486363|10422|0|0|(10433.93,.00)|(10522.28,.00)|(10441.96,.00)|-0.27|1.00|0.00|(10443.93,.00)|(1.00,.00)|10442.932324256986|24.586499776486363|0|null|2.6114593680487492|0|null|false|0|false
271.45|(10425.90,.36)|(1.00,-.01)|10424.901318104887|24.586499776486363|10424|0|0|(10435.90,.00)|(10524.25,.00)|(10443.93,.00)|-0.27|1.00|0.00|(10445.90,.00)|(1.00,.00)|10444.901318104887|24.586499776486363|0|null|2.59964923826006|0|null|false|0|false
271.50|(10427.87,.31)|(1.00,-.01)|10426.870160814018|24.586499776486363|10426|0|0|(10437.87,.00)|(10526.22,.00)|(10445.90,.00)|-0.27|1.00|0.00|(10447.87,.00)|(1.00,.00)|10446.870160814018|24.586499776486363|0|null|2.5860398306983368|0|null|false|0|false
271.55|(10429.84,.26)|(1.00,-.02)|10428.838829114335|24.586499776486363|10428|0|0|(10439.84,.00)|(10528.18,.00)|(10447.87,.00)|-0.27|1.00|0.00|(10449.84,.00)|(1.00,.00)|10448.838829114335|24.586499776486363|0|null|2.5706223291058126|0|null|false|0|false
271.60|(10431.81,.20)|(1.00,-.02)|10430.807299734954|24.586499776486363|10430|0|0|(10441.81,.00)|(10530.15,.00)|(10449.84,.00)|-0.27|1.00|0.00|(10451.81,.00)|(1.00,.00)|10450.807299734954|24.586499776486363|0|null|2.5533903182742934|0|null|false|0|false
271.65|(10433.78,.13)|(1.00,-.02)|10432.775549504599|24.586499776486363|10432|0|0|(10443.78,.00)|(10532.12,.00)|(10451.81,.00)|-0.27|1.00|0.00|(10453.78,.00)|(1.00,.00)|10452.775549504599|24.586499776486363|0|null|2.534339735073879|0|null|false|0|false
271.70|(10435.74,.05)|(1.00,-.03)|10434.74355544573|24.586499776486363|10434|0|0|(10445.74,.00)|(10534.09,.00)|(10453.78,.00)|-0.27|1.00|0.00|(10455.74,.00)|(1.00,.00)|10454.74355544573|24.586499776486363|0|null|2.5134687811333496|0|null|false|0|false
271.75|(10437.71,-.03)|(1.00,-.03)|10436.711294859162|24.586499776486363|10436|0|0|(10447.71,.00)|(10536.06,.00)|(10455.74,.00)|-0.27|1.00|0.00|(10457.71,.00)|(1.00,.00)|10456.711294859162|24.586499776486363|0|null|2.4907777976966994|0|null|false|0|false
271.80|(10439.68,-.12)|(1.00,-.03)|10438.678745396212|24.586499776486363|10438|0|0|(10449.68,.00)|(10538.02,.00)|(10457.71,.00)|-0.27|1.00|0.00|(10459.68,.00)|(1.00,.00)|10458.678745396212|24.586499776486363|0|null|2.466269104148962|0|null|false|0|false
271.85|(10441.65,-.22)|(1.00,-.04)|10440.645885115759|24.586499776486363|10440|0|0|(10451.65,.00)|(10539.99,.00)|(10459.68,.00)|-0.27|1.00|0.00|(10461.65,.00)|(1.00,.00)|10460.645885115759|24.586499776486363|0|null|2.439946802631824|0|null|false|0|false
271.90|(10443.61,-.32)|(1.00,-.04)|10442.612692524057|24.586499776486363|10442|0|0|(10453.61,.00)|(10541.96,.00)|(10461.65,.00)|-0.27|1.00|0.00|(10463.61,.00)|(1.00,.00)|10462.612692524057|24.586499776486363|0|null|2.4118165520352055|0|null|false|0|false
271.95|(10445.58,-.43)|(1.00,-.05)|10444.579146595672|24.586499776486363|10444|0|0|(10455.58,.00)|(10543.93,.00)|(10463.61,.00)|-0.27|1.00|0.00|(10465.58,.00)|(1.00,.00)|10464.579146595672|24.586499776486363|0|null|2.381885315436006|0|null|false|0|false
272.00|(10447.55,-.55)|(1.00,-.05)|10446.545226774473|24.586499776486363|10446|0|0|(10457.55,.00)|(10545.89,.00)|(10465.58,.00)|-0.27|1.00|0.00|(10467.55,.00)|(1.00,.00)|10466.545226774473|24.586499776486363|0|null|2.350161085742532|0|null|false|0|false
272.05|(10449.51,-.67)|(1.00,-.05)|10448.510912954272|24.586499776486363|10448|0|0|(10459.51,.00)|(10547.86,.00)|(10467.55,.00)|-0.27|1.00|0.00|(10469.51,.00)|(1.00,.00)|10468.510912954272|24.586499776486363|0|null|2.3166525948780112|0|null|false|0|false
272.10|(10451.48,-.80)|(1.00,-.06)|10450.476185439325|24.586499776486363|10450|0|0|(10461.48,.00)|(10549.82,.00)|(10469.51,.00)|-0.27|1.00|0.00|(10471.48,.00)|(1.00,.00)|10470.476185439325|24.586499776486363|0|null|2.281369012286751|0|null|false|0|false
272.15|(10453.44,-.94)|(1.00,-.06)|10452.441024885524|24.586499776486363|10452|0|0|(10463.44,.00)|(10551.79,.00)|(10471.48,.00)|-0.27|1.00|0.00|(10473.44,.00)|(1.00,.00)|10472.441024885524|24.586499776486363|0|null|2.2443196388625726|0|null|false|0|false
272.20|(10455.41,-1.08)|(1.00,-.06)|10454.405412223743|24.586499776486363|10454|0|0|(10465.41,.00)|(10553.75,.00)|(10473.44,.00)|-0.27|1.00|0.00|(10475.41,.00)|(1.00,.00)|10474.405412223743|24.586499776486363|0|null|2.2055136025746815|0|null|false|0|false
272.25|(10457.37,-1.23)|(1.00,-.07)|10456.369328567342|24.586499776486363|10456|0|0|(10467.37,.00)|(10555.72,.00)|(10475.41,.00)|-0.27|1.00|0.00|(10477.37,.00)|(1.00,.00)|10476.369328567342|24.586499776486363|0|null|2.164959562097783|0|null|false|0|false
272.30|(10459.33,-1.38)|(1.00,-.07)|10458.332755106294|24.586499776486363|10458|0|0|(10469.33,.00)|(10557.68,.00)|(10477.37,.00)|-0.27|1.00|0.00|(10479.33,.00)|(1.00,.00)|10478.332755106294|24.586499776486363|0|null|2.1226654246408634|0|null|false|0|false
272.35|(10461.30,-1.54)|(1.00,-.07)|10460.295672990891|24.586499776486363|10460|0|0|(10471.30,.00)|(10559.64,.00)|(10479.33,.00)|-0.27|1.00|0.00|(10481.30,.00)|(1.00,.00)|10480.295672990891|24.586499776486363|0|null|2.078638083915563|0|null|false|0|false
272.40|(10463.26,-1.71)|(1.00,-.08)|10462.258063208224|24.586499776486363|10462|0|0|(10473.26,.00)|(10561.60,.00)|(10481.30,.00)|-0.27|1.00|0.00|(10483.26,.00)|(1.00,.00)|10482.258063208224|24.586499776486363|0|null|2.032883183796416|0|null|false|0|false
272.45|(10465.22,-1.88)|(1.00,-.08)|10464.219906454953|24.586499776486363|10464|0|0|(10475.22,.00)|(10563.57,.00)|(10483.26,.00)|-0.27|1.00|0.00|(10485.22,.00)|(1.00,.00)|10484.219906454953|24.586499776486363|0|null|1.9854049127103608|0|null|false|0|false
272.50|(10467.18,-2.06)|(1.00,-.08)|10466.181183009983|24.586499776486363|10466|0|0|(10477.18,.00)|(10565.53,.00)|(10485.22,.00)|-0.27|1.00|0.00|(10487.18,.00)|(1.00,.00)|10486.181183009983|24.586499776486363|0|null|1.936205833163369|0|null|false|0|false
272.55|(10469.14,-2.25)|(1.00,-.09)|10468.141872610746|24.586499776486363|10468|0|0|(10479.14,.00)|(10567.49,.00)|(10487.18,.00)|-0.27|1.00|0.00|(10489.14,.00)|(1.00,.00)|10488.141872610746|24.586499776486363|0|null|1.8852867500817958|0|null|false|0|false
272.60|(10471.11,-2.37)|(1.00,-.08)|10470.105695674736|24.586499776486363|10470|0|0|(10481.11,.00)|(10569.45,.00)|(10489.14,.00)|0.87|1.00|0.00|(10491.11,.00)|(1.00,.00)|10490.105695674736|24.586499776486363|0|null|1.8522469791883733|0|null|false|0|false
272.65|(10473.07,-2.47)|(1.00,-.07)|10472.070695956028|24.586499776486363|10472|0|0|(10483.07,.00)|(10571.42,.00)|(10491.11,.00)|0.87|1.00|0.00|(10493.07,.00)|(1.00,.00)|10492.070695956028|24.586499776486363|0|null|1.824203578081401|0|null|false|0|false
272.70|(10475.04,-2.56)|(1.00,-.06)|10474.036701543275|24.586499776486363|10474|0|0|(10485.04,.00)|(10573.38,.00)|(10493.07,.00)|0.87|1.00|0.00|(10495.04,.00)|(1.00,.00)|10494.036701543275|24.586499776486363|0|null|1.8012170830420675|0|null|false|0|false
272.75|(10477.00,-2.62)|(1.00,-.06)|10476.003534179883|24.586499776486363|10476|0|0|(10487.00,.00)|(10575.35,.00)|(10495.04,.00)|0.87|1.00|0.00|(10497.00,.00)|(1.00,.00)|10496.003534179883|24.586499776486363|0|null|1.7833389468527057|0|null|false|0|false
272.80|(10478.97,-2.64)|(1.00,-.04)|10477.969411785296|24.586499776486363|10477|0|0|(10488.97,.00)|(10577.32,.00)|(10497.00,.00)|1.37|1.00|0.00|(10498.97,.00)|(1.00,.00)|10497.969411785296|24.586499776486363|0|null|1.779254980243834|0|null|false|0|false
272.85|(10480.94,-2.62)|(1.00,-.03)|10479.935499564635|24.586499776486363|10479|0|0|(10490.94,.00)|(10579.28,.00)|(10498.97,.00)|1.37|1.00|0.00|(10500.94,.00)|(1.00,.00)|10499.935499564635|24.586499776486363|0|null|1.7833221804679293|0|null|false|0|false
272.90|(10482.90,-2.58)|(1.00,-.02)|10481.901323682332|24.586499776486363|10481|0|0|(10492.90,.00)|(10581.25,.00)|(10500.94,.00)|1.37|1.00|0.00|(10502.90,.00)|(1.00,.00)|10501.901323682332|24.586499776486363|0|null|1.7955953076041413|0|null|false|0|false
272.95|(10484.87,-2.51)|(1.00,-.01)|10483.867362898774|24.586499776486363|10483|0|0|(10494.87,.00)|(10583.21,.00)|(10502.90,.00)|1.22|1.00|0.00|(10504.87,.00)|(1.00,.00)|10503.867362898774|24.586499776486363|0|null|1.8135908814358102|0|null|false|0|false
273.00|(10486.83,-2.42)|(1.00,.01)|10485.83243806325|24.586499776486363|10485|0|0|(10496.83,.00)|(10585.18,.00)|(10504.87,.00)|1.22|1.00|0.00|(10506.83,.00)|(1.00,.00)|10505.83243806325|24.586499776486363|0|null|1.8390012470013415|0|null|false|0|false
273.05|(10488.80,-2.30)|(1.00,.02)|10487.796158675606|24.586499776486363|10487|0|0|(10498.80,.00)|(10587.14,.00)|(10506.83,.00)|1.22|1.00|0.00|(10508.80,.00)|(1.00,.00)|10507.796158675606|24.586499776486363|0|null|1.8718433900163092|0|null|false|0|false
273.10|(10490.76,-2.15)|(1.00,.03)|10489.758133642325|24.586499776486363|10489|0|0|(10500.76,.00)|(10589.10,.00)|(10508.80,.00)|1.22|1.00|0.00|(10510.76,.00)|(1.00,.00)|10509.758133642325|24.586499776486363|0|null|1.912127048726422|0|null|false|0|false
273.15|(10492.72,-2.00)|(1.00,.04)|10491.721141307104|24.586499776486363|10491|0|0|(10502.72,.00)|(10591.07,.00)|(10510.76,.00)|0.81|1.00|0.00|(10512.72,.00)|(1.00,.00)|10511.721141307104|24.586499776486363|0|null|1.9528950163375867|0|null|false|0|false
273.20|(10494.68,-1.83)|(1.00,.05)|10493.682707039918|24.586499776486363|10493|0|0|(10504.68,.00)|(10593.03,.00)|(10512.72,.00)|0.81|1.00|0.00|(10514.68,.00)|(1.00,.00)|10513.682707039918|24.586499776486363|0|null|1.9987166516635542|0|null|false|0|false
273.25|(10496.64,-1.65)|(1.00,.06)|10495.642658121384|24.586499776486363|10495|0|0|(10506.64,.00)|(10594.99,.00)|(10514.68,.00)|0.81|1.00|0.00|(10516.64,.00)|(1.00,.00)|10515.642658121384|24.586499776486363|0|null|2.049568720922027|0|null|false|0|false
273.30|(10498.60,-1.47)|(1.00,.07)|10497.603404494279|24.586499776486363|10497|0|0|(10508.60,.00)|(10596.95,.00)|(10516.64,.00)|0.45|1.00|0.00|(10518.60,.00)|(1.00,.00)|10517.603404494279|24.586499776486363|0|null|2.099196726955973|0|null|false|0|false
273.35|(10500.56,-1.27)|(1.00,.08)|10499.563195250155|24.586499776486363|10499|0|0|(10510.56,.00)|(10598.91,.00)|(10518.60,.00)|0.45|1.00|0.00|(10520.56,.00)|(1.00,.00)|10519.563195250155|24.586499776486363|0|null|2.151670896250333|0|null|false|0|false
273.40|(10502.52,-1.07)|(1.00,.08)|10501.521985947336|24.586499776486363|10501|0|0|(10512.52,.00)|(10600.87,.00)|(10520.56,.00)|0.45|1.00|0.00|(10522.52,.00)|(1.00,.00)|10521.521985947336|24.586499776486363|0|null|2.206951029887627|0|null|false|0|false
273.45|(10504.48,-.86)|(1.00,.09)|10503.479733665177|24.586499776486363|10503|0|0|(10514.48,.00)|(10602.83,.00)|(10522.52,.00)|0.45|1.00|0.00|(10524.48,.00)|(1.00,.00)|10523.479733665177|24.586499776486363|0|null|2.265000018920774|0|null|false|0|false
273.50|(10506.44,-.67)|(1.00,.09)|10505.439123826834|24.586499776486363|10505|0|0|(10516.44,.00)|(10604.79,.00)|(10524.48,.00)|-0.01|1.00|0.00|(10526.44,.00)|(1.00,.00)|10525.439123826834|24.586499776486363|0|null|2.3178891596897864|0|null|false|0|false
273.55|(10508.40,-.47)|(1.00,.09)|10507.398581535868|24.586499776486363|10507|0|0|(10518.40,.00)|(10606.74,.00)|(10526.44,.00)|-0.01|1.00|0.00|(10528.40,.00)|(1.00,.00)|10527.398581535868|24.586499776486363|0|null|2.3707790560977315|0|null|false|0|false
273.60|(10510.36,-.28)|(1.00,.09)|10509.358119229262|24.586499776486363|10509|0|0|(10520.36,.00)|(10608.70,.00)|(10528.40,.00)|-0.01|1.00|0.00|(10530.36,.00)|(1.00,.00)|10529.358119229262|24.586499776486363|0|null|2.423619084188495|0|null|false|0|false
273.65|(10512.32,-.09)|(1.00,.10)|10511.317747544526|24.586499776486363|10511|0|0|(10522.32,.00)|(10610.66,.00)|(10530.36,.00)|-0.01|1.00|0.00|(10532.32,.00)|(1.00,.00)|10531.317747544526|24.586499776486363|0|null|2.4763649770676563|0|null|false|0|false
273.70|(10514.28,.08)|(1.00,.09)|10513.278909452585|24.586499776486363|10513|0|0|(10524.28,.00)|(10612.62,.00)|(10532.32,.00)|-0.40|1.00|0.00|(10534.28,.00)|(1.00,.00)|10533.278909452585|24.586499776486363|0|null|2.522215363538555|0|null|false|0|false
273.75|(10516.24,.24)|(1.00,.09)|10515.240938567902|24.586499776486363|10515|0|0|(10526.24,.00)|(10614.59,.00)|(10534.28,.00)|-0.40|1.00|0.00|(10536.24,.00)|(1.00,.00)|10535.240938567902|24.586499776486363|0|null|2.5655850248583683|0|null|false|0|false
273.80|(10518.20,.39)|(1.00,.09)|10517.203796940767|24.586499776486363|10517|0|0|(10528.20,.00)|(10616.55,.00)|(10536.24,.00)|-0.40|1.00|0.00|(10538.20,.00)|(1.00,.00)|10537.203796940767|24.586499776486363|0|null|2.6064245843732694|0|null|false|0|false
273.85|(10520.17,.52)|(1.00,.08)|10519.167727075011|24.586499776486363|10519|0|0|(10530.17,.00)|(10618.51,.00)|(10538.20,.00)|-0.61|1.00|0.00|(10540.17,.00)|(1.00,.00)|10539.167727075011|24.586499776486363|0|null|2.641098839111624|0|null|false|0|false
273.90|(10522.13,.63)|(1.00,.08)|10521.13264026176|24.586499776486363|10521|0|0|(10532.13,.00)|(10620.48,.00)|(10540.17,.00)|-0.61|1.00|0.00|(10542.13,.00)|(1.00,.00)|10541.13264026176|24.586499776486363|0|null|2.6719354768285113|0|null|false|0|false
273.95|(10524.10,.73)|(1.00,.07)|10523.098432219784|24.586499776486363|10523|0|0|(10534.10,.00)|(10622.44,.00)|(10542.13,.00)|-0.61|1.00|0.00|(10544.10,.00)|(1.00,.00)|10543.098432219784|24.586499776486363|0|null|2.698894446000796|0|null|false|0|false
274.00|(10526.06,.81)|(1.00,.06)|10525.064995150873|24.586499776486363|10525|0|0|(10536.06,.00)|(10624.41,.00)|(10544.10,.00)|-0.61|1.00|0.00|(10546.06,.00)|(1.00,.00)|10545.064995150873|24.586499776486363|0|null|2.7219433204748245|0|null|false|0|false
274.05|(10528.03,.88)|(1.00,.06)|10527.032141661864|24.586499776486363|10527|0|0|(10538.03,.00)|(10626.38,.00)|(10546.06,.00)|-0.70|1.00|0.00|(10548.03,.00)|(1.00,.00)|10547.032141661864|24.586499776486363|0|null|2.7394012836945727|0|null|false|0|false
274.10|(10530.00,.92)|(1.00,.05)|10528.999860047525|24.586499776486363|10528|0|0|(10540.00,.00)|(10628.35,.00)|(10548.03,.00)|-0.70|1.00|0.00|(10550.00,.00)|(1.00,.00)|10548.999860047525|24.586499776486363|0|null|2.752336562689335|0|null|false|0|false
274.15|(10531.97,.95)|(1.00,.04)|10530.968002495396|24.586499776486363|10530|0|0|(10541.97,.00)|(10630.31,.00)|(10550.00,.00)|-0.70|1.00|0.00|(10551.97,.00)|(1.00,.00)|10550.968002495396|24.586499776486363|0|null|2.7607301742119246|0|null|false|0|false
274.20|(10533.94,.97)|(1.00,.03)|10532.936420059554|24.586499776486363|10532|0|0|(10543.94,.00)|(10632.28,.00)|(10551.97,.00)|-0.70|1.00|0.00|(10553.94,.00)|(1.00,.00)|10552.936420059554|24.586499776486363|0|null|2.76456881033495|0|null|false|0|false
274.25|(10535.91,.97)|(1.00,.03)|10534.905060206298|24.586499776486363|10534|0|0|(10545.91,.00)|(10634.25,.00)|(10553.94,.00)|-0.67|1.00|0.00|(10555.91,.00)|(1.00,.00)|10554.905060206298|24.586499776486363|0|null|2.7645024167730288|0|null|false|0|false
274.30|(10537.87,.95)|(1.00,.02)|10536.873698860329|24.586499776486363|10536|0|0|(10547.87,.00)|(10636.22,.00)|(10555.91,.00)|-0.67|1.00|0.00|(10557.87,.00)|(1.00,.00)|10556.873698860329|24.586499776486363|0|null|2.7600947028228915|0|null|false|0|false
274.35|(10539.84,.92)|(1.00,.01)|10538.842201367357|24.586499776486363|10538|0|0|(10549.84,.00)|(10638.19,.00)|(10557.87,.00)|-0.67|1.00|0.00|(10559.84,.00)|(1.00,.00)|10558.842201367357|24.586499776486363|0|null|2.751347285218051|0|null|false|0|false
274.40|(10541.81,.88)|(1.00,.00)|10540.810836398532|24.586499776486363|10540|0|0|(10551.81,.00)|(10640.16,.00)|(10559.84,.00)|-0.54|1.00|0.00|(10561.81,.00)|(1.00,.00)|10560.810836398532|24.586499776486363|0|null|2.7404086330999933|0|null|false|0|false
274.45|(10543.78,.83)|(1.00,-.00)|10542.779196080706|24.586499776486363|10542|0|0|(10553.78,.00)|(10642.13,.00)|(10561.81,.00)|-0.54|1.00|0.00|(10563.78,.00)|(1.00,.00)|10562.779196080706|24.586499776486363|0|null|2.7258773487088828|0|null|false|0|false
274.50|(10545.75,.76)|(1.00,-.01)|10544.747190328575|24.586499776486363|10544|0|0|(10555.75,.00)|(10644.09,.00)|(10563.78,.00)|-0.54|1.00|0.00|(10565.75,.00)|(1.00,.00)|10564.747190328575|24.586499776486363|0|null|2.707767886497101|0|null|false|0|false
274.55|(10547.72,.69)|(1.00,-.02)|10546.715287220875|24.586499776486363|10546|0|0|(10557.72,.00)|(10646.06,.00)|(10565.75,.00)|-0.38|1.00|0.00|(10567.72,.00)|(1.00,.00)|10566.715287220875|24.586499776486363|0|null|2.6889192682092187|0|null|false|0|false
274.60|(10549.68,.61)|(1.00,-.02)|10548.683050635476|24.586499776486363|10548|0|0|(10559.68,.00)|(10648.03,.00)|(10567.72,.00)|-0.38|1.00|0.00|(10569.68,.00)|(1.00,.00)|10568.683050635476|24.586499776486363|0|null|2.6674913373392553|0|null|false|0|false
274.65|(10551.65,.53)|(1.00,-.03)|10550.650436595859|24.586499776486363|10550|0|0|(10561.65,.00)|(10650.00,.00)|(10569.68,.00)|-0.38|1.00|0.00|(10571.65,.00)|(1.00,.00)|10570.650436595859|24.586499776486363|0|null|2.643506540273427|0|null|false|0|false
274.70|(10553.62,.43)|(1.00,-.03)|10552.61740225946|24.586499776486363|10552|0|0|(10563.62,.00)|(10651.96,.00)|(10571.65,.00)|-0.38|1.00|0.00|(10573.62,.00)|(1.00,.00)|10572.61740225946|24.586499776486363|0|null|2.616985478756547|0|null|false|0|false
274.75|(10555.58,.34)|(1.00,-.04)|10554.584703320803|24.586499776486363|10554|0|0|(10565.58,.00)|(10653.93,.00)|(10573.62,.00)|-0.13|1.00|0.00|(10575.58,.00)|(1.00,.00)|10574.584703320803|24.586499776486363|0|null|2.5922342595431673|0|null|false|0|false
274.80|(10557.55,.24)|(1.00,-.04)|10556.551847561022|24.586499776486363|10556|0|0|(10567.55,.00)|(10655.90,.00)|(10575.58,.00)|-0.13|1.00|0.00|(10577.55,.00)|(1.00,.00)|10576.551847561022|24.586499776486363|0|null|2.5664533216997087|0|null|false|0|false
274.85|(10559.52,.15)|(1.00,-.04)|10558.518830914292|24.586499776486363|10558|0|0|(10569.52,.00)|(10657.86,.00)|(10577.55,.00)|-0.13|1.00|0.00|(10579.52,.00)|(1.00,.00)|10578.518830914292|24.586499776486363|0|null|2.539670136689411|0|null|false|0|false
274.90|(10561.49,.05)|(1.00,-.04)|10560.48606662611|24.586499776486363|10560|0|0|(10571.49,.00)|(10659.83,.00)|(10579.52,.00)|0.05|1.00|0.00|(10581.49,.00)|(1.00,.00)|10580.48606662611|24.586499776486363|0|null|2.51499048965432|0|null|false|0|false
274.95|(10563.45,-.04)|(1.00,-.04)|10562.453347954064|24.586499776486363|10562|0|0|(10573.45,.00)|(10661.80,.00)|(10581.49,.00)|0.05|1.00|0.00|(10583.45,.00)|(1.00,.00)|10582.453347954064|24.586499776486363|0|null|2.490410340728073|0|null|false|0|false
275.00|(10565.42,-.12)|(1.00,-.04)|10564.420676886317|24.586499776486363|10564|0|0|(10575.42,.00)|(10663.77,.00)|(10583.45,.00)|0.05|1.00|0.00|(10585.42,.00)|(1.00,.00)|10584.420676886317|24.586499776486363|0|null|2.4659565444823377|0|null|false|0|false
275.05|(10567.39,-.21)|(1.00,-.04)|10566.388054838928|24.586499776486363|10566|0|0|(10577.39,.00)|(10665.73,.00)|(10585.42,.00)|0.05|1.00|0.00|(10587.39,.00)|(1.00,.00)|10586.388054838928|24.586499776486363|0|null|2.4416518793215403|0|null|false|0|false
275.10|(10569.36,-.29)|(1.00,-.04)|10568.355738322747|24.586499776486363|10568|0|0|(10579.36,.00)|(10667.70,.00)|(10587.39,.00)|0.24|1.00|0.00|(10589.36,.00)|(1.00,.00)|10588.355738322747|24.586499776486363|0|null|2.4207839712532504|0|null|false|0|false
275.15|(10571.32,-.36)|(1.00,-.04)|10570.323641288784|24.586499776486363|10570|0|0|(10581.32,.00)|(10669.67,.00)|(10589.36,.00)|0.24|1.00|0.00|(10591.32,.00)|(1.00,.00)|10590.323641288784|24.586499776486363|0|null|2.4012217330185734|0|null|false|0|false
275.20|(10573.29,-.43)|(1.00,-.04)|10572.29175151065|24.586499776486363|10572|0|0|(10583.29,.00)|(10671.64,.00)|(10591.32,.00)|0.24|1.00|0.00|(10593.29,.00)|(1.00,.00)|10592.29175151065|24.586499776486363|0|null|2.38298858494991|0|null|false|0|false
275.25|(10575.26,-.49)|(1.00,-.04)|10574.260055908595|24.586499776486363|10574|0|0|(10585.26,.00)|(10673.61,.00)|(10593.29,.00)|0.24|1.00|0.00|(10595.26,.00)|(1.00,.00)|10594.260055908595|24.586499776486363|0|null|2.36610431772155|0|null|false|0|false
275.30|(10577.23,-.54)|(1.00,-.04)|10576.228556153881|24.586499776486363|10576|0|0|(10587.23,.00)|(10675.57,.00)|(10595.26,.00)|0.34|1.00|0.00|(10597.23,.00)|(1.00,.00)|10596.228556153881|24.586499776486363|0|null|2.3522972105312148|0|null|false|0|false
275.35|(10579.20,-.58)|(1.00,-.03)|10578.197265848097|24.586499776486363|10578|0|0|(10589.20,.00)|(10677.54,.00)|(10597.23,.00)|0.34|1.00|0.00|(10599.20,.00)|(1.00,.00)|10598.197265848097|24.586499776486363|0|null|2.340457321005355|0|null|false|0|false
275.40|(10581.17,-.62)|(1.00,-.03)|10580.166156108518|24.586499776486363|10580|0|0|(10591.17,.00)|(10679.51,.00)|(10599.20,.00)|0.34|1.00|0.00|(10601.17,.00)|(1.00,.00)|10600.166156108518|24.586499776486363|0|null|2.3306021650659248|0|null|false|0|false
275.45|(10583.14,-.65)|(1.00,-.03)|10582.135156657614|24.586499776486363|10582|0|0|(10593.14,.00)|(10681.48,.00)|(10601.17,.00)|0.39|1.00|0.00|(10603.14,.00)|(1.00,.00)|10602.135156657614|24.586499776486363|0|null|2.3236883789669975|0|null|false|0|false
275.50|(10585.10,-.66)|(1.00,-.02)|10584.104281510434|24.586499776486363|10584|0|0|(10595.10,.00)|(10683.45,.00)|(10603.14,.00)|0.39|1.00|0.00|(10605.10,.00)|(1.00,.00)|10604.104281510434|24.586499776486363|0|null|2.319111404398362|0|null|false|0|false
275.55|(10587.07,-.67)|(1.00,-.02)|10586.073490244924|24.586499776486363|10586|0|0|(10597.07,.00)|(10685.42,.00)|(10605.10,.00)|0.39|1.00|0.00|(10607.07,.00)|(1.00,.00)|10606.073490244924|24.586499776486363|0|null|2.3168865576664963|0|null|false|0|false
275.60|(10589.04,-.67)|(1.00,-.01)|10588.042741975007|24.586499776486363|10588|0|0|(10599.04,.00)|(10687.39,.00)|(10607.07,.00)|0.39|1.00|0.00|(10609.04,.00)|(1.00,.00)|10608.042741975007|24.586499776486363|0|null|2.317027990394201|0|null|false|0|false
275.65|(10591.01,-.66)|(1.00,-.01)|10590.012059639148|24.586499776486363|10590|0|0|(10601.01,.00)|(10689.36,.00)|(10609.04,.00)|0.35|1.00|0.00|(10611.01,.00)|(1.00,.00)|10610.012059639148|24.586499776486363|0|null|2.318851507173435|0|null|false|0|false
275.70|(10592.98,-.65)|(1.00,-.01)|10591.98135242474|24.586499776486363|10591|0|0|(10602.98,.00)|(10691.33,.00)|(10611.01,.00)|0.35|1.00|0.00|(10612.98,.00)|(1.00,.00)|10611.98135242474|24.586499776486363|0|null|2.3228281465549117|0|null|false|0|false
275.75|(10594.95,-.63)|(1.00,-.00)|10593.950586169622|24.586499776486363|10593|0|0|(10604.95,.00)|(10693.30,.00)|(10612.98,.00)|0.35|1.00|0.00|(10614.95,.00)|(1.00,.00)|10613.950586169622|24.586499776486363|0|null|2.3289686813381203|0|null|false|0|false
275.80|(10596.92,-.60)|(1.00,.00)|10595.919726432145|24.586499776486363|10595|0|0|(10606.92,.00)|(10695.27,.00)|(10614.95,.00)|0.35|1.00|0.00|(10616.92,.00)|(1.00,.00)|10615.919726432145|24.586499776486363|0|null|2.337284347152175|0|null|false|0|false
275.85|(10598.89,-.56)|(1.00,.01)|10597.888738432715|24.586499776486363|10597|0|0|(10608.89,.00)|(10697.23,.00)|(10616.92,.00)|0.35|1.00|0.00|(10618.89,.00)|(1.00,.00)|10617.888738432715|24.586499776486363|0|null|2.347787035119286|0|null|false|0|false
275.90|(10600.86,-.51)|(1.00,.01)|10599.857586983884|24.586499776486363|10599|0|0|(10610.86,.00)|(10699.20,.00)|(10618.89,.00)|0.35|1.00|0.00|(10620.86,.00)|(1.00,.00)|10619.857586983884|24.586499776486363|0|null|2.3604894287648928|0|null|false|0|false
275.95|(10602.83,-.46)|(1.00,.01)|10601.826236414183|24.586499776486363|10601|0|0|(10612.83,.00)|(10701.17,.00)|(10620.86,.00)|0.35|1.00|0.00|(10622.83,.00)|(1.00,.00)|10621.826236414183|24.586499776486363|0|null|2.3754050854490334|0|null|false|0|false
276.00|(10604.79,-.39)|(1.00,.02)|10603.794650490843|24.586499776486363|10603|0|0|(10614.79,.00)|(10703.14,.00)|(10622.83,.00)|0.35|1.00|0.00|(10624.79,.00)|(1.00,.00)|10623.794650490843|24.586499776486363|0|null|2.392548463605567|0|null|false|0|false
276.05|(10606.76,-.32)|(1.00,.02)|10605.762792346313|24.586499776486363|10605|0|0|(10616.76,.00)|(10705.11,.00)|(10624.79,.00)|0.35|1.00|0.00|(10626.76,.00)|(1.00,.00)|10625.762792346313|24.586499776486363|0|null|2.4119348980622615|0|null|false|0|false
276.10|(10608.73,-.24)|(1.00,.03)|10607.730624413212|24.586499776486363|10607|0|0|(10618.73,.00)|(10707.08,.00)|(10626.76,.00)|0.35|1.00|0.00|(10628.73,.00)|(1.00,.00)|10627.730624413212|24.586499776486363|0|null|2.433580526655391|0|null|false|0|false
276.15|(10610.70,-.16)|(1.00,.03)|10609.698108371907|24.586499776486363|10609|0|0|(10620.70,.00)|(10709.04,.00)|(10628.73,.00)|0.35|1.00|0.00|(10630.70,.00)|(1.00,.00)|10629.698108371907|24.586499776486363|0|null|2.4575021722279047|0|null|false|0|false
276.20|(10612.67,-.06)|(1.00,.04)|10611.665205114363|24.586499776486363|10611|0|0|(10622.67,.00)|(10711.01,.00)|(10630.70,.00)|0.35|1.00|0.00|(10632.67,.00)|(1.00,.00)|10631.665205114363|24.586499776486363|0|null|2.4837171848921704|0|null|false|0|false
276.25|(10614.63,.04)|(1.00,.04)|10613.631874727313|24.586499776486363|10613|0|0|(10624.63,.00)|(10712.98,.00)|(10632.67,.00)|0.35|1.00|0.00|(10634.63,.00)|(1.00,.00)|10633.631874727313|24.586499776486363|0|null|2.5122432501301795|0|null|false|0|false
276.30|(10616.60,.16)|(1.00,.04)|10615.598076497075|24.586499776486363|10615|0|0|(10626.60,.00)|(10714.94,.00)|(10634.63,.00)|0.35|1.00|0.00|(10636.60,.00)|(1.00,.00)|10635.598076497075|24.586499776486363|0|null|2.543098168881136|0|null|false|0|false
276.35|(10618.56,.28)|(1.00,.05)|10617.56376893759|24.586499776486363|10617|0|0|(10628.56,.00)|(10716.91,.00)|(10636.60,.00)|0.35|1.00|0.00|(10638.56,.00)|(1.00,.00)|10637.56376893759|24.586499776486363|0|null|2.5762996162162786|0|null|false|0|false
276.40|(10620.53,.41)|(1.00,.05)|10619.52890984245|24.586499776486363|10619|0|0|(10630.53,.00)|(10718.87,.00)|(10638.56,.00)|0.35|1.00|0.00|(10640.53,.00)|(1.00,.00)|10639.52890984245|24.586499776486363|0|null|2.611864885513829|0|null|false|0|false
276.45|(10622.49,.55)|(1.00,.06)|10621.493456360835|24.586499776486363|10621|0|0|(10632.49,.00)|(10720.84,.00)|(10640.53,.00)|0.35|1.00|0.00|(10642.49,.00)|(1.00,.00)|10641.493456360835|24.586499776486363|0|null|2.6498106252161975|0|null|false|0|false
276.50|(10624.46,.70)|(1.00,.06)|10623.457365096487|24.586499776486363|10623|0|0|(10634.46,.00)|(10722.80,.00)|(10642.49,.00)|0.35|1.00|0.00|(10644.46,.00)|(1.00,.00)|10643.457365096487|24.586499776486363|0|null|2.6901525752733466|0|null|false|0|false
276.55|(10626.42,.81)|(1.00,.06)|10625.423073494283|24.586499776486363|10625|0|0|(10636.42,.00)|(10724.77,.00)|(10644.46,.00)|-0.31|1.00|0.00|(10646.42,.00)|(1.00,.00)|10645.423073494283|24.586499776486363|0|null|2.7215836123766097|0|null|false|0|false
276.60|(10628.39,.92)|(1.00,.06)|10627.389136540181|24.586499776486363|10627|0|0|(10638.39,.00)|(10726.74,.00)|(10646.42,.00)|-0.31|1.00|0.00|(10648.39,.00)|(1.00,.00)|10647.389136540181|24.586499776486363|0|null|2.7515543737199972|0|null|false|0|false
276.65|(10630.36,1.02)|(1.00,.06)|10629.355539572594|24.586499776486363|10629|0|0|(10640.36,.00)|(10728.70,.00)|(10648.39,.00)|-0.31|1.00|0.00|(10650.36,.00)|(1.00,.00)|10649.355539572594|24.586499776486363|0|null|2.7800408281174662|0|null|false|0|false
276.70|(10632.32,1.10)|(1.00,.05)|10631.322467860218|24.586499776486363|10631|0|0|(10642.32,.00)|(10730.67,.00)|(10650.36,.00)|-0.69|1.00|0.00|(10652.32,.00)|(1.00,.00)|10651.322467860218|24.586499776486363|0|null|2.8004133522410544|0|null|false|0|false
276.75|(10634.29,1.16)|(1.00,.05)|10633.289965441283|24.586499776486363|10633|0|0|(10644.29,.00)|(10732.64,.00)|(10652.32,.00)|-0.69|1.00|0.00|(10654.29,.00)|(1.00,.00)|10653.289965441283|24.586499776486363|0|null|2.816992372235435|0|null|false|0|false
276.80|(10636.26,1.21)|(1.00,.04)|10635.25792889815|24.586499776486363|10635|0|0|(10646.26,.00)|(10734.60,.00)|(10654.29,.00)|-0.69|1.00|0.00|(10656.26,.00)|(1.00,.00)|10655.25792889815|24.586499776486363|0|null|2.8297368280981043|0|null|false|0|false
276.85|(10638.23,1.24)|(1.00,.04)|10637.226252099368|24.586499776486363|10637|0|0|(10648.23,.00)|(10736.57,.00)|(10656.26,.00)|-0.69|1.00|0.00|(10658.23,.00)|(1.00,.00)|10657.226252099368|24.586499776486363|0|null|2.838609032620936|0|null|false|0|false
276.90|(10640.19,1.25)|(1.00,.03)|10639.194741708612|24.586499776486363|10639|0|0|(10650.19,.00)|(10738.54,.00)|(10658.23,.00)|-0.73|1.00|0.00|(10660.19,.00)|(1.00,.00)|10659.194741708612|24.586499776486363|0|null|2.8428660332571902|0|null|false|0|false
276.95|(10642.16,1.26)|(1.00,.02)|10641.16335913612|24.586499776486363|10641|0|0|(10652.16,.00)|(10740.51,.00)|(10660.19,.00)|-0.73|1.00|0.00|(10662.16,.00)|(1.00,.00)|10661.16335913612|24.586499776486363|0|null|2.8429405781662362|0|null|false|0|false
277.00|(10644.13,1.24)|(1.00,.01)|10643.131977476036|24.586499776486363|10643|0|0|(10654.13,.00)|(10742.48,.00)|(10662.16,.00)|-0.73|1.00|0.00|(10664.13,.00)|(1.00,.00)|10663.131977476036|24.586499776486363|0|null|2.838800282299688|0|null|false|0|false
277.05|(10646.10,1.21)|(1.00,.01)|10645.100706521805|24.586499776486363|10645|0|0|(10656.10,.00)|(10744.45,.00)|(10664.13,.00)|-0.65|1.00|0.00|(10666.10,.00)|(1.00,.00)|10665.100706521805|24.586499776486363|0|null|2.831727850447183|0|null|false|0|false
277.10|(10648.07,1.17)|(1.00,.00)|10647.069240700912|24.586499776486363|10647|0|0|(10658.07,.00)|(10746.42,.00)|(10666.10,.00)|-0.65|1.00|0.00|(10668.07,.00)|(1.00,.00)|10667.069240700912|24.586499776486363|0|null|2.820832917698544|0|null|false|0|false
277.15|(10650.04,1.12)|(1.00,-.01)|10649.03747387499|24.586499776486363|10649|0|0|(10660.04,.00)|(10748.38,.00)|(10668.07,.00)|-0.65|1.00|0.00|(10670.04,.00)|(1.00,.00)|10669.03747387499|24.586499776486363|0|null|2.8060928780919587|0|null|false|0|false
277.20|(10652.01,1.05)|(1.00,-.01)|10651.00529870467|24.586499776486363|10651|0|0|(10662.01,.00)|(10750.35,.00)|(10670.04,.00)|-0.65|1.00|0.00|(10672.01,.00)|(1.00,.00)|10671.00529870467|24.586499776486363|0|null|2.787486193478027|0|null|false|0|false
277.25|(10653.97,.98)|(1.00,-.02)|10652.973352335683|24.586499776486363|10652|0|0|(10663.97,.00)|(10752.32,.00)|(10672.01,.00)|-0.46|1.00|0.00|(10673.97,.00)|(1.00,.00)|10672.973352335683|24.586499776486363|0|null|2.768343191262013|0|null|false|0|false
277.30|(10655.94,.90)|(1.00,-.02)|10654.941035775453|24.586499776486363|10654|0|0|(10665.94,.00)|(10754.29,.00)|(10673.97,.00)|-0.46|1.00|0.00|(10675.94,.00)|(1.00,.00)|10674.941035775453|24.586499776486363|0|null|2.746444150876364|0|null|false|0|false
277.35|(10657.91,.81)|(1.00,-.03)|10656.90829398793|24.586499776486363|10656|0|0|(10667.91,.00)|(10756.25,.00)|(10675.94,.00)|-0.46|1.00|0.00|(10677.91,.00)|(1.00,.00)|10676.90829398793|24.586499776486363|0|null|2.7217805586277697|0|null|false|0|false
277.40|(10659.88,.71)|(1.00,-.03)|10658.875071664757|24.586499776486363|10658|0|0|(10669.88,.00)|(10758.22,.00)|(10677.91,.00)|-0.46|1.00|0.00|(10679.88,.00)|(1.00,.00)|10678.875071664757|24.586499776486363|0|null|2.6943437570848863|0|null|false|0|false
277.45|(10661.84,.61)|(1.00,-.04)|10660.84197239141|24.586499776486363|10660|0|0|(10671.84,.00)|(10760.19,.00)|(10679.88,.00)|-0.29|1.00|0.00|(10681.84,.00)|(1.00,.00)|10680.84197239141|24.586499776486363|0|null|2.667029999296883|0|null|false|0|false
277.50|(10663.81,.50)|(1.00,-.04)|10662.808539258805|24.586499776486363|10662|0|0|(10673.81,.00)|(10762.15,.00)|(10681.84,.00)|-0.29|1.00|0.00|(10683.81,.00)|(1.00,.00)|10682.808539258805|24.586499776486363|0|null|2.6379231516233137|0|null|false|0|false
277.55|(10665.77,.39)|(1.00,-.05)|10664.774749341866|24.586499776486363|10664|0|0|(10675.77,.00)|(10764.12,.00)|(10683.81,.00)|-0.29|1.00|0.00|(10685.77,.00)|(1.00,.00)|10684.774749341866|24.586499776486363|0|null|2.607024010849873|0|null|false|0|false
277.60|(10667.74,.29)|(1.00,-.05)|10666.74142965879|24.586499776486363|10666|0|0|(10677.74,.00)|(10766.09,.00)|(10685.77,.00)|-0.03|1.00|0.00|(10687.74,.00)|(1.00,.00)|10686.74142965879|24.586499776486363|0|null|2.5787827509003693|0|null|false|0|false
277.65|(10669.71,.18)|(1.00,-.05)|10668.708080742768|24.586499776486363|10668|0|0|(10679.71,.00)|(10768.05,.00)|(10687.74,.00)|-0.03|1.00|0.00|(10689.71,.00)|(1.00,.00)|10688.708080742768|24.586499776486363|0|null|2.5502769345938843|0|null|false|0|false
277.70|(10671.67,.08)|(1.00,-.05)|10670.67470277161|24.586499776486363|10670|0|0|(10681.67,.00)|(10770.02,.00)|(10689.71,.00)|-0.03|1.00|0.00|(10691.67,.00)|(1.00,.00)|10690.67470277161|24.586499776486363|0|null|2.521520897536921|0|null|false|0|false
277.75|(10673.64,-.03)|(1.00,-.05)|10672.64129593604|24.586499776486363|10672|0|0|(10683.64,.00)|(10771.99,.00)|(10691.67,.00)|-0.03|1.00|0.00|(10693.64,.00)|(1.00,.00)|10692.64129593604|24.586499776486363|0|null|2.492527847170427|0|null|false|0|false
277.80|(10675.61,-.12)|(1.00,-.05)|10674.608347382273|24.586499776486363|10674|0|0|(10685.61,.00)|(10773.95,.00)|(10693.64,.00)|0.20|1.00|0.00|(10695.61,.00)|(1.00,.00)|10694.608347382273|24.586499776486363|0|null|2.4672678429113866|0|null|false|0|false
277.85|(10677.58,-.21)|(1.00,-.05)|10676.575626665468|24.586499776486363|10676|0|0|(10687.58,.00)|(10775.92,.00)|(10695.61,.00)|0.20|1.00|0.00|(10697.58,.00)|(1.00,.00)|10696.575626665468|24.586499776486363|0|null|2.4431532418300237|0|null|false|0|false
277.90|(10679.54,-.29)|(1.00,-.05)|10678.543125044705|24.586499776486363|10678|0|0|(10689.54,.00)|(10777.89,.00)|(10697.58,.00)|0.20|1.00|0.00|(10699.54,.00)|(1.00,.00)|10698.543125044705|24.586499776486363|0|null|2.4202084933401604|0|null|false|0|false
277.95|(10681.51,-.37)|(1.00,-.05)|10680.510833257566|24.586499776486363|10680|0|0|(10691.51,.00)|(10779.86,.00)|(10699.54,.00)|0.20|1.00|0.00|(10701.51,.00)|(1.00,.00)|10700.510833257566|24.586499776486363|0|null|2.3984566385711794|0|null|false|0|false
278.00|(10683.48,-.44)|(1.00,-.04)|10682.47884003427|24.586499776486363|10682|0|0|(10693.48,.00)|(10781.82,.00)|(10701.51,.00)|0.32|1.00|0.00|(10703.48,.00)|(1.00,.00)|10702.47884003427|24.586499776486363|0|null|2.3800976174707866|0|null|false|0|false
278.05|(10685.45,-.50)|(1.00,-.04)|10684.447116632356|24.586499776486363|10684|0|0|(10695.45,.00)|(10783.79,.00)|(10703.48,.00)|0.32|1.00|0.00|(10705.45,.00)|(1.00,.00)|10704.447116632356|24.586499776486363|0|null|2.3637219624806685|0|null|false|0|false
278.10|(10687.42,-.55)|(1.00,-.04)|10686.415635111587|24.586499776486363|10686|0|0|(10697.42,.00)|(10785.76,.00)|(10705.45,.00)|0.32|1.00|0.00|(10707.42,.00)|(1.00,.00)|10706.415635111587|24.586499776486363|0|null|2.3493569607358236|0|null|false|0|false
278.15|(10689.38,-.59)|(1.00,-.03)|10688.384344607455|24.586499776486363|10688|0|0|(10699.38,.00)|(10787.73,.00)|(10707.42,.00)|0.40|1.00|0.00|(10709.38,.00)|(1.00,.00)|10708.384344607455|24.586499776486363|0|null|2.3383335260423053|0|null|false|0|false
278.20|(10691.35,-.62)|(1.00,-.03)|10690.353253329515|24.586499776486363|10690|0|0|(10701.35,.00)|(10789.70,.00)|(10709.38,.00)|0.40|1.00|0.00|(10711.35,.00)|(1.00,.00)|10710.353253329515|24.586499776486363|0|null|2.3298191598217395|0|null|false|0|false
278.25|(10693.32,-.64)|(1.00,-.03)|10692.322316022985|24.586499776486363|10692|0|0|(10703.32,.00)|(10791.67,.00)|(10711.35,.00)|0.40|1.00|0.00|(10713.32,.00)|(1.00,.00)|10712.322316022985|24.586499776486363|0|null|2.323841300696654|0|null|false|0|false
278.30|(10695.29,-.66)|(1.00,-.02)|10694.291490154677|24.586499776486363|10694|0|0|(10705.29,.00)|(10793.64,.00)|(10713.32,.00)|0.40|1.00|0.00|(10715.29,.00)|(1.00,.00)|10714.291490154677|24.586499776486363|0|null|2.3203694002977873|0|null|false|0|false
278.35|(10697.26,-.66)|(1.00,-.02)|10696.260725159049|24.586499776486363|10696|0|0|(10707.26,.00)|(10795.61,.00)|(10715.29,.00)|0.40|1.00|0.00|(10717.26,.00)|(1.00,.00)|10716.260725159049|24.586499776486363|0|null|2.3194643413564955|0|null|false|0|false
278.40|(10699.23,-.65)|(1.00,-.01)|10698.22997348307|24.586499776486363|10698|0|0|(10709.23,.00)|(10797.58,.00)|(10717.26,.00)|0.40|1.00|0.00|(10719.23,.00)|(1.00,.00)|10718.22997348307|24.586499776486363|0|null|2.321148127459493|0|null|false|0|false
278.45|(10701.20,-.64)|(1.00,-.01)|10700.199186761949|24.586499776486363|10700|0|0|(10711.20,.00)|(10799.55,.00)|(10719.23,.00)|0.40|1.00|0.00|(10721.20,.00)|(1.00,.00)|10720.199186761949|24.586499776486363|0|null|2.3254409477147964|0|null|false|0|false
278.50|(10703.17,-.61)|(1.00,-.00)|10702.168315917026|24.586499776486363|10702|0|0|(10713.17,.00)|(10801.51,.00)|(10721.20,.00)|0.40|1.00|0.00|(10723.17,.00)|(1.00,.00)|10722.168315917026|24.586499776486363|0|null|2.3323610870609004|0|null|false|0|false
278.55|(10705.14,-.58)|(1.00,.00)|10704.137311264392|24.586499776486363|10704|0|0|(10715.14,.00)|(10803.48,.00)|(10723.17,.00)|0.40|1.00|0.00|(10725.14,.00)|(1.00,.00)|10724.137311264392|24.586499776486363|0|null|2.3419248184310346|0|null|false|0|false
278.60|(10707.11,-.53)|(1.00,.01)|10706.10612263605|24.586499776486363|10706|0|0|(10717.11,.00)|(10805.45,.00)|(10725.14,.00)|0.40|1.00|0.00|(10727.11,.00)|(1.00,.00)|10726.10612263605|24.586499776486363|0|null|2.3541462836923643|0|null|false|0|false
278.65|(10709.07,-.48)|(1.00,.01)|10708.074699514551|24.586499776486363|10708|0|0|(10719.07,.00)|(10807.42,.00)|(10727.11,.00)|0.40|1.00|0.00|(10729.07,.00)|(1.00,.00)|10728.074699514551|24.586499776486363|0|null|2.369037370328579|0|null|false|0|false
278.70|(10711.04,-.42)|(1.00,.02)|10710.042991181046|24.586499776486363|10710|0|0|(10721.04,.00)|(10809.39,.00)|(10729.07,.00)|0.40|1.00|0.00|(10731.04,.00)|(1.00,.00)|10730.042991181046|24.586499776486363|0|null|2.3866075907230835|0|null|false|0|false
278.75|(10713.01,-.34)|(1.00,.02)|10712.01094687573|24.586499776486363|10712|0|0|(10723.01,.00)|(10811.36,.00)|(10731.04,.00)|0.40|1.00|0.00|(10733.01,.00)|(1.00,.00)|10732.01094687573|24.586499776486363|0|null|2.4068639706338883|0|null|false|0|false
278.80|(10714.98,-.26)|(1.00,.03)|10713.97851596871|24.586499776486363|10713|0|0|(10724.98,.00)|(10813.32,.00)|(10733.01,.00)|0.40|1.00|0.00|(10734.98,.00)|(1.00,.00)|10733.97851596871|24.586499776486363|0|null|2.4298109530382264|0|null|false|0|false
278.85|(10716.95,-.16)|(1.00,.03)|10715.945648138566|24.586499776486363|10715|0|0|(10726.95,.00)|(10815.29,.00)|(10734.98,.00)|0.40|1.00|0.00|(10736.95,.00)|(1.00,.00)|10735.945648138566|24.586499776486363|0|null|2.4554503229759765|0|null|false|0|false
278.90|(10718.91,-.06)|(1.00,.04)|10717.912293555044|24.586499776486363|10717|0|0|(10728.91,.00)|(10817.26,.00)|(10736.95,.00)|0.40|1.00|0.00|(10738.91,.00)|(1.00,.00)|10737.912293555044|24.586499776486363|0|null|2.4837811583499843|0|null|false|0|false
278.95|(10720.88,.05)|(1.00,.04)|10719.878403061868|24.586499776486363|10719|0|0|(10730.88,.00)|(10819.22,.00)|(10738.91,.00)|0.40|1.00|0.00|(10740.88,.00)|(1.00,.00)|10739.878403061868|24.586499776486363|0|null|2.514799810864737|0|null|false|0|false
279.00|(10722.84,.18)|(1.00,.05)|10721.843928355147|24.586499776486363|10721|0|0|(10732.84,.00)|(10821.19,.00)|(10740.88,.00)|0.40|1.00|0.00|(10742.84,.00)|(1.00,.00)|10741.843928355147|24.586499776486363|0|null|2.548499920421182|0|null|false|0|false
279.05|(10724.81,.31)|(1.00,.05)|10723.8088221527|24.586499776486363|10723|0|0|(10734.81,.00)|(10823.15,.00)|(10742.84,.00)|0.40|1.00|0.00|(10744.81,.00)|(1.00,.00)|10743.8088221527|24.586499776486363|0|null|2.5848724653550446|0|null|false|0|false
279.10|(10726.77,.45)|(1.00,.06)|10725.773038349535|24.586499776486363|10725|0|0|(10736.77,.00)|(10825.12,.00)|(10744.81,.00)|0.40|1.00|0.00|(10746.77,.00)|(1.00,.00)|10745.773038349535|24.586499776486363|0|null|2.623905849930556|0|null|false|0|false
279.15|(10728.74,.61)|(1.00,.06)|10727.736532154897|24.586499776486363|10727|0|0|(10738.74,.00)|(10827.08,.00)|(10746.77,.00)|0.40|1.00|0.00|(10748.74,.00)|(1.00,.00)|10747.736532154897|24.586499776486363|0|null|2.665586029503411|0|null|false|0|false
279.20|(10730.70,.77)|(1.00,.07)|10729.699260206608|24.586499776486363|10729|0|0|(10740.70,.00)|(10829.05,.00)|(10748.74,.00)|0.40|1.00|0.00|(10750.70,.00)|(1.00,.00)|10749.699260206608|24.586499776486363|0|null|2.7098966727688625|0|null|false|0|false
279.25|(10732.66,.89)|(1.00,.07)|10731.664145211174|24.586499776486363|10731|0|0|(10742.66,.00)|(10831.01,.00)|(10750.70,.00)|-0.32|1.00|0.00|(10752.66,.00)|(1.00,.00)|10751.664145211174|24.586499776486363|0|null|2.744416682846915|0|null|false|0|false
279.30|(10734.63,1.01)|(1.00,.06)|10733.629463897469|24.586499776486363|10733|0|0|(10744.63,.00)|(10832.98,.00)|(10752.66,.00)|-0.32|1.00|0.00|(10754.63,.00)|(1.00,.00)|10753.629463897469|24.586499776486363|0|null|2.777274182415851|0|null|false|0|false
279.35|(10736.60,1.13)|(1.00,.06)|10735.595205093121|24.586499776486363|10735|0|0|(10746.60,.00)|(10834.94,.00)|(10754.63,.00)|-0.32|1.00|0.00|(10756.60,.00)|(1.00,.00)|10755.595205093121|24.586499776486363|0|null|2.8084082868776883|0|null|false|0|false
279.40|(10738.56,1.21)|(1.00,.06)|10737.561541884968|24.586499776486363|10737|0|0|(10748.56,.00)|(10836.91,.00)|(10756.60,.00)|-0.76|1.00|0.00|(10758.56,.00)|(1.00,.00)|10757.561541884968|24.586499776486363|0|null|2.8303123831003494|0|null|false|0|false
279.45|(10740.53,1.27)|(1.00,.05)|10739.528570331355|24.586499776486363|10739|0|0|(10750.53,.00)|(10838.87,.00)|(10758.56,.00)|-0.76|1.00|0.00|(10760.53,.00)|(1.00,.00)|10759.528570331355|24.586499776486363|0|null|2.847825306224098|0|null|false|0|false
279.50|(10742.50,1.32)|(1.00,.04)|10741.496156316975|24.586499776486363|10741|0|0|(10752.50,.00)|(10840.84,.00)|(10760.53,.00)|-0.76|1.00|0.00|(10762.50,.00)|(1.00,.00)|10761.496156316975|24.586499776486363|0|null|2.860869960002909|0|null|false|0|false
279.55|(10744.46,1.35)|(1.00,.04)|10743.46415933422|24.586499776486363|10743|0|0|(10754.46,.00)|(10842.81,.00)|(10762.50,.00)|-0.76|1.00|0.00|(10764.46,.00)|(1.00,.00)|10763.46415933422|24.586499776486363|0|null|2.8693751440372743|0|null|false|0|false
279.60|(10746.43,1.36)|(1.00,.03)|10745.432353599526|24.586499776486363|10745|0|0|(10756.43,.00)|(10844.78,.00)|(10764.46,.00)|-0.79|1.00|0.00|(10766.43,.00)|(1.00,.00)|10765.432353599526|24.586499776486363|0|null|2.872745535514534|0|null|false|0|false
279.65|(10748.40,1.36)|(1.00,.02)|10747.400652990384|24.586499776486363|10747|0|0|(10758.40,.00)|(10846.75,.00)|(10766.43,.00)|-0.79|1.00|0.00|(10768.40,.00)|(1.00,.00)|10767.400652990384|24.586499776486363|0|null|2.871269432521953|0|null|false|0|false
279.70|(10750.37,1.34)|(1.00,.01)|10749.368888501482|24.586499776486363|10749|0|0|(10760.37,.00)|(10848.71,.00)|(10768.40,.00)|-0.79|1.00|0.00|(10770.37,.00)|(1.00,.00)|10769.368888501482|24.586499776486363|0|null|2.864891096020455|0|null|false|0|false
279.75|(10752.34,1.30)|(1.00,.01)|10751.33724208057|24.586499776486363|10751|0|0|(10762.34,.00)|(10850.68,.00)|(10770.37,.00)|-0.69|1.00|0.00|(10772.34,.00)|(1.00,.00)|10771.33724208057|24.586499776486363|0|null|2.855166340017768|0|null|false|0|false
279.80|(10754.31,1.25)|(1.00,-.00)|10753.305279005917|24.586499776486363|10753|0|0|(10764.31,.00)|(10852.65,.00)|(10772.34,.00)|-0.69|1.00|0.00|(10774.31,.00)|(1.00,.00)|10773.305279005917|24.586499776486363|0|null|2.8409965693612986|0|null|false|0|false
279.85|(10756.27,1.18)|(1.00,-.01)|10755.272856388305|24.586499776486363|10755|0|0|(10766.27,.00)|(10854.62,.00)|(10774.31,.00)|-0.69|1.00|0.00|(10776.27,.00)|(1.00,.00)|10775.272856388305|24.586499776486363|0|null|2.822347889259894|0|null|false|0|false
279.90|(10758.24,1.10)|(1.00,-.02)|10757.240519254456|24.586499776486363|10757|0|0|(10768.24,.00)|(10856.59,.00)|(10776.27,.00)|-0.54|1.00|0.00|(10778.24,.00)|(1.00,.00)|10777.240519254456|24.586499776486363|0|null|2.801888755575834|0|null|false|0|false
279.95|(10760.21,1.02)|(1.00,-.02)|10759.207658918627|24.586499776486363|10759|0|0|(10770.21,.00)|(10858.55,.00)|(10778.24,.00)|-0.54|1.00|0.00|(10780.21,.00)|(1.00,.00)|10779.207658918627|24.586499776486363|0|null|2.7778235509339377|0|null|false|0|false
280.00|(10762.17,.92)|(1.00,-.03)|10761.174182318457|24.586499776486363|10761|0|0|(10772.17,.00)|(10860.52,.00)|(10780.21,.00)|-0.54|1.00|0.00|(10782.17,.00)|(1.00,.00)|10781.174182318457|24.586499776486363|0|null|2.750140308899768|0|null|false|0|false
280.05|(10764.14,.80)|(1.00,-.04)|10763.139996423437|24.586499776486363|10763|0|0|(10774.14,.00)|(10862.49,.00)|(10782.17,.00)|-0.54|1.00|0.00|(10784.14,.00)|(1.00,.00)|10783.139996423437|24.586499776486363|0|null|2.7188304609685936|0|null|false|0|false
280.10|(10766.11,.67)|(1.00,-.04)|10765.105008495415|24.586499776486363|10765|0|0|(10776.11,.00)|(10864.45,.00)|(10784.14,.00)|-0.54|1.00|0.00|(10786.11,.00)|(1.00,.00)|10785.105008495415|24.586499776486363|0|null|2.6838887504281232|0|null|false|0|false
280.15|(10768.07,.55)|(1.00,-.05)|10767.070541607627|24.586499776486363|10767|0|0|(10778.07,.00)|(10866.42,.00)|(10786.11,.00)|-0.25|1.00|0.00|(10788.07,.00)|(1.00,.00)|10787.070541607627|24.586499776486363|0|null|2.6502414631647033|0|null|false|0|false
280.20|(10770.04,.42)|(1.00,-.05)|10769.035632634921|24.586499776486363|10769|0|0|(10780.04,.00)|(10868.38,.00)|(10788.07,.00)|-0.25|1.00|0.00|(10790.04,.00)|(1.00,.00)|10789.035632634921|24.586499776486363|0|null|2.6146525074881426|0|null|false|0|false
280.25|(10772.00,.28)|(1.00,-.06)|10771.00025879885|24.586499776486363|10771|0|0|(10782.00,.00)|(10870.35,.00)|(10790.04,.00)|-0.25|1.00|0.00|(10792.00,.00)|(1.00,.00)|10791.00025879885|24.586499776486363|0|null|2.5771400048383883|0|null|false|0|false
280.30|(10773.97,.16)|(1.00,-.06)|10772.965625502531|24.586499776486363|10772|0|0|(10783.97,.00)|(10872.31,.00)|(10792.00,.00)|0.07|1.00|0.00|(10793.97,.00)|(1.00,.00)|10792.965625502531|24.586499776486363|0|null|2.543211737892023|0|null|false|0|false
280.35|(10775.93,.03)|(1.00,-.06)|10774.931023112502|24.586499776486363|10774|0|0|(10785.93,.00)|(10874.28,.00)|(10793.97,.00)|0.07|1.00|0.00|(10795.93,.00)|(1.00,.00)|10794.931023112502|24.586499776486363|0|null|2.509281442478253|0|null|false|0|false
280.40|(10777.90,-.09)|(1.00,-.06)|10776.896457013017|24.586499776486363|10776|0|0|(10787.90,.00)|(10876.24,.00)|(10795.93,.00)|0.07|1.00|0.00|(10797.90,.00)|(1.00,.00)|10796.896457013017|24.586499776486363|0|null|2.475386396435421|0|null|false|0|false
280.45|(10779.86,-.20)|(1.00,-.06)|10778.86243185782|24.586499776486363|10778|0|0|(10789.86,.00)|(10878.21,.00)|(10797.90,.00)|0.27|1.00|0.00|(10799.86,.00)|(1.00,.00)|10798.86243185782|24.586499776486363|0|null|2.4451182563180356|0|null|false|0|false
280.50|(10781.83,-.31)|(1.00,-.06)|10780.828717612565|24.586499776486363|10780|0|0|(10791.83,.00)|(10880.17,.00)|(10799.86,.00)|0.27|1.00|0.00|(10801.83,.00)|(1.00,.00)|10800.828717612565|24.586499776486363|0|null|2.416175160644106|0|null|false|0|false
280.55|(10783.80,-.41)|(1.00,-.06)|10782.795306234753|24.586499776486363|10782|0|0|(10793.80,.00)|(10882.14,.00)|(10801.83,.00)|0.27|1.00|0.00|(10803.80,.00)|(1.00,.00)|10802.795306234753|24.586499776486363|0|null|2.3886012897699445|0|null|false|0|false
280.60|(10785.76,-.50)|(1.00,-.05)|10784.762188341205|24.586499776486363|10784|0|0|(10795.76,.00)|(10884.11,.00)|(10803.80,.00)|0.27|1.00|0.00|(10805.76,.00)|(1.00,.00)|10804.762188341205|24.586499776486363|0|null|2.362437848621227|0|null|false|0|false
280.65|(10787.73,-.58)|(1.00,-.05)|10786.72949501836|24.586499776486363|10786|0|0|(10797.73,.00)|(10886.08,.00)|(10805.76,.00)|0.42|1.00|0.00|(10807.73,.00)|(1.00,.00)|10806.72949501836|24.586499776486363|0|null|2.3402131591936834|0|null|false|0|false
280.70|(10789.70,-.66)|(1.00,-.05)|10788.69718198986|24.586499776486363|10788|0|0|(10799.70,.00)|(10888.04,.00)|(10807.73,.00)|0.42|1.00|0.00|(10809.70,.00)|(1.00,.00)|10808.69718198986|24.586499776486363|0|null|2.320326771268297|0|null|false|0|false
280.75|(10791.67,-.72)|(1.00,-.04)|10790.665212466864|24.586499776486363|10790|0|0|(10801.67,.00)|(10890.01,.00)|(10809.70,.00)|0.42|1.00|0.00|(10811.67,.00)|(1.00,.00)|10810.665212466864|24.586499776486363|0|null|2.302818947143238|0|null|false|0|false
280.80|(10793.63,-.78)|(1.00,-.04)|10792.633547732908|24.586499776486363|10792|0|0|(10803.63,.00)|(10891.98,.00)|(10811.67,.00)|0.42|1.00|0.00|(10813.63,.00)|(1.00,.00)|10812.633547732908|24.586499776486363|0|null|2.2877258998508503|0|null|false|0|false
280.85|(10795.60,-.82)|(1.00,-.04)|10794.602078584941|24.586499776486363|10794|0|0|(10805.60,.00)|(10893.95,.00)|(10813.63,.00)|0.54|1.00|0.00|(10815.60,.00)|(1.00,.00)|10814.602078584941|24.586499776486363|0|null|2.2770999899352993|0|null|false|0|false
280.90|(10797.57,-.84)|(1.00,-.03)|10796.570847554336|24.586499776486363|10796|0|0|(10807.57,.00)|(10895.92,.00)|(10815.60,.00)|0.54|1.00|0.00|(10817.57,.00)|(1.00,.00)|10816.570847554336|24.586499776486363|0|null|2.2696427515151423|0|null|false|0|false
280.95|(10799.54,-.86)|(1.00,-.03)|10798.539783341572|24.586499776486363|10798|0|0|(10809.54,.00)|(10897.89,.00)|(10817.57,.00)|0.54|1.00|0.00|(10819.54,.00)|(1.00,.00)|10818.539783341572|24.586499776486363|0|null|2.265384910285823|0|null|false|0|false
281.00|(10801.51,-.86)|(1.00,-.02)|10800.508850537113|24.586499776486363|10800|0|0|(10811.51,.00)|(10899.85,.00)|(10819.54,.00)|0.51|1.00|0.00|(10821.51,.00)|(1.00,.00)|10820.508850537113|24.586499776486363|0|null|2.2639771713820855|0|null|false|0|false
281.05|(10803.48,-.86)|(1.00,-.01)|10802.477945134102|24.586499776486363|10802|0|0|(10813.48,.00)|(10901.82,.00)|(10821.51,.00)|0.51|1.00|0.00|(10823.48,.00)|(1.00,.00)|10822.477945134102|24.586499776486363|0|null|2.2656874527798143|0|null|false|0|false
281.10|(10805.45,-.84)|(1.00,-.01)|10804.446997808678|24.586499776486363|10804|0|0|(10815.45,.00)|(10903.79,.00)|(10823.48,.00)|0.51|1.00|0.00|(10825.45,.00)|(1.00,.00)|10824.446997808678|24.586499776486363|0|null|2.2705316322598628|0|null|false|0|false
281.15|(10807.42,-.81)|(1.00,-.00)|10806.415938708717|24.586499776486363|10806|0|0|(10817.42,.00)|(10905.76,.00)|(10825.45,.00)|0.51|1.00|0.00|(10827.42,.00)|(1.00,.00)|10826.415938708717|24.586499776486363|0|null|2.2785214945579106|0|null|false|0|false
281.20|(10809.38,-.77)|(1.00,.00)|10808.384697749643|24.586499776486363|10808|0|0|(10819.38,.00)|(10907.73,.00)|(10827.42,.00)|0.51|1.00|0.00|(10829.38,.00)|(1.00,.00)|10828.384697749643|24.586499776486363|0|null|2.289664927819353|0|null|false|0|false
281.25|(10811.35,-.72)|(1.00,.01)|10810.353204890951|24.586499776486363|10810|0|0|(10821.35,.00)|(10909.70,.00)|(10829.38,.00)|0.51|1.00|0.00|(10831.35,.00)|(1.00,.00)|10830.353204890951|24.586499776486363|0|null|2.3039661501939426|0|null|false|0|false
281.30|(10813.32,-.65)|(1.00,.01)|10812.321390388655|24.586499776486363|10812|0|0|(10823.32,.00)|(10911.67,.00)|(10831.35,.00)|0.51|1.00|0.00|(10833.32,.00)|(1.00,.00)|10832.321390388655|24.586499776486363|0|null|2.32142596653158|0|null|false|0|false
281.35|(10815.29,-.58)|(1.00,.02)|10814.289185019188|24.586499776486363|10814|0|0|(10825.29,.00)|(10913.64,.00)|(10833.32,.00)|0.51|1.00|0.00|(10835.29,.00)|(1.00,.00)|10834.289185019188|24.586499776486363|0|null|2.342042054209248|0|null|false|0|false
281.40|(10817.26,-.49)|(1.00,.03)|10816.256520270636|24.586499776486363|10816|0|0|(10827.26,.00)|(10915.60,.00)|(10835.29,.00)|0.51|1.00|0.00|(10837.26,.00)|(1.00,.00)|10836.256520270636|24.586499776486363|0|null|2.365809276206994|0|null|false|0|false
281.45|(10819.22,-.39)|(1.00,.03)|10818.223328497821|24.586499776486363|10818|0|0|(10829.22,.00)|(10917.57,.00)|(10837.26,.00)|0.51|1.00|0.00|(10839.22,.00)|(1.00,.00)|10838.223328497821|24.586499776486363|0|null|2.39272001868145|0|null|false|0|false
281.50|(10821.19,-.28)|(1.00,.04)|10820.189543038425|24.586499776486363|10820|0|0|(10831.19,.00)|(10919.54,.00)|(10839.22,.00)|0.51|1.00|0.00|(10841.19,.00)|(1.00,.00)|10840.189543038425|24.586499776486363|0|null|2.4227645494802665|0|null|false|0|false
281.55|(10823.16,-.16)|(1.00,.04)|10822.155098288178|24.586499776486363|10822|0|0|(10833.16,.00)|(10921.50,.00)|(10841.19,.00)|0.51|1.00|0.00|(10843.16,.00)|(1.00,.00)|10842.155098288178|24.586499776486363|0|null|2.45593139332005|0|null|false|0|false
281.60|(10825.12,-.03)|(1.00,.05)|10824.119929734094|24.586499776486363|10824|0|0|(10835.12,.00)|(10923.47,.00)|(10843.16,.00)|0.51|1.00|0.00|(10845.12,.00)|(1.00,.00)|10844.119929734094|24.586499776486363|0|null|2.492207718731258|0|null|false|0|false
281.65|(10827.08,.12)|(1.00,.06)|10826.083973945682|24.586499776486363|10826|0|0|(10837.08,.00)|(10925.43,.00)|(10845.12,.00)|0.51|1.00|0.00|(10847.08,.00)|(1.00,.00)|10846.083973945682|24.586499776486363|0|null|2.5315797313709543|0|null|false|0|false
281.70|(10829.05,.27)|(1.00,.06)|10828.047168525087|24.586499776486363|10828|0|0|(10839.05,.00)|(10927.39,.00)|(10847.08,.00)|0.51|1.00|0.00|(10849.05,.00)|(1.00,.00)|10848.047168525087|24.586499776486363|0|null|2.574033067930085|0|null|false|0|false
281.75|(10831.01,.44)|(1.00,.07)|10830.009452018092|24.586499776486363|10830|0|0|(10841.01,.00)|(10929.36,.00)|(10849.05,.00)|0.51|1.00|0.00|(10851.01,.00)|(1.00,.00)|10850.009452018092|24.586499776486363|0|null|2.619553184624701|0|null|false|0|false
281.80|(10832.97,.62)|(1.00,.07)|10831.970763788899|24.586499776486363|10831|0|0|(10842.97,.00)|(10931.32,.00)|(10851.01,.00)|0.51|1.00|0.00|(10852.97,.00)|(1.00,.00)|10851.970763788899|24.586499776486363|0|null|2.6681257341657107|0|null|false|0|false
281.85|(10834.93,.80)|(1.00,.08)|10833.931043862462|24.586499776486363|10833|0|0|(10844.93,.00)|(10933.28,.00)|(10852.97,.00)|0.51|1.00|0.00|(10854.93,.00)|(1.00,.00)|10853.931043862462|24.586499776486363|0|null|2.719736925151251|0|null|false|0|false
281.90|(10836.89,.95)|(1.00,.08)|10835.894198900585|24.586499776486363|10835|0|0|(10846.89,.00)|(10935.24,.00)|(10854.93,.00)|-0.31|1.00|0.00|(10856.89,.00)|(1.00,.00)|10855.894198900585|24.586499776486363|0|null|2.760216769527493|0|null|false|0|false
281.95|(10838.86,1.09)|(1.00,.08)|10837.857922119678|24.586499776486363|10837|0|0|(10848.86,.00)|(10937.20,.00)|(10856.89,.00)|-0.31|1.00|0.00|(10858.86,.00)|(1.00,.00)|10857.857922119678|24.586499776486363|0|null|2.7988570228915637|0|null|false|0|false
282.00|(10840.82,1.23)|(1.00,.07)|10839.822197937201|24.586499776486363|10839|0|0|(10850.82,.00)|(10939.17,.00)|(10858.86,.00)|-0.31|1.00|0.00|(10860.82,.00)|(1.00,.00)|10859.822197937201|24.586499776486363|0|null|2.835603306484484|0|null|false|0|false
282.05|(10842.79,1.32)|(1.00,.07)|10841.78732559061|24.586499776486363|10841|0|0|(10852.79,.00)|(10941.13,.00)|(10860.82,.00)|-0.81|1.00|0.00|(10862.79,.00)|(1.00,.00)|10861.78732559061|24.586499776486363|0|null|2.8617665140362463|0|null|false|0|false
282.10|(10844.75,1.40)|(1.00,.06)|10843.753397551864|24.586499776486363|10843|0|0|(10854.75,.00)|(10943.10,.00)|(10862.79,.00)|-0.81|1.00|0.00|(10864.75,.00)|(1.00,.00)|10863.753397551864|24.586499776486363|0|null|2.8829842747247674|0|null|false|0|false
282.15|(10846.72,1.46)|(1.00,.05)|10845.720242316198|24.586499776486363|10845|0|0|(10856.72,.00)|(10945.07,.00)|(10864.75,.00)|-0.81|1.00|0.00|(10866.72,.00)|(1.00,.00)|10865.720242316198|24.586499776486363|0|null|2.8991919677487434|0|null|false|0|false
282.20|(10848.69,1.50)|(1.00,.05)|10847.687682130945|24.586499776486363|10847|0|0|(10858.69,.00)|(10947.03,.00)|(10866.72,.00)|-0.81|1.00|0.00|(10868.69,.00)|(1.00,.00)|10867.687682130945|24.586499776486363|0|null|2.9103345008603245|0|null|false|0|false
282.25|(10850.66,1.52)|(1.00,.04)|10849.655398363535|24.586499776486363|10849|0|0|(10860.66,.00)|(10949.00,.00)|(10868.69,.00)|-0.86|1.00|0.00|(10870.66,.00)|(1.00,.00)|10869.655398363535|24.586499776486363|0|null|2.9155214520058315|0|null|false|0|false
282.30|(10852.62,1.52)|(1.00,.03)|10851.62331940943|24.586499776486363|10851|0|0|(10862.62,.00)|(10950.97,.00)|(10870.66,.00)|-0.86|1.00|0.00|(10872.62,.00)|(1.00,.00)|10871.62331940943|24.586499776486363|0|null|2.915269987597523|0|null|false|0|false
282.35|(10854.59,1.50)|(1.00,.02)|10853.591233426194|24.586499776486363|10853|0|0|(10864.59,.00)|(10952.94,.00)|(10872.62,.00)|-0.86|1.00|0.00|(10874.59,.00)|(1.00,.00)|10873.591233426194|24.586499776486363|0|null|2.9095481216482026|0|null|false|0|false
282.40|(10856.56,1.46)|(1.00,.01)|10855.559343222048|24.586499776486363|10855|0|0|(10866.56,.00)|(10954.91,.00)|(10874.59,.00)|-0.76|1.00|0.00|(10876.56,.00)|(1.00,.00)|10875.559343222048|24.586499776486363|0|null|2.900069309890719|0|null|false|0|false
282.45|(10858.53,1.41)|(1.00,.00)|10857.527126095902|24.586499776486363|10857|0|0|(10868.53,.00)|(10956.87,.00)|(10876.56,.00)|-0.76|1.00|0.00|(10878.53,.00)|(1.00,.00)|10877.527126095902|24.586499776486363|0|null|2.885676052319017|0|null|false|0|false
282.50|(10860.49,1.34)|(1.00,-.01)|10859.494410668452|24.586499776486363|10859|0|0|(10870.49,.00)|(10958.84,.00)|(10878.53,.00)|-0.76|1.00|0.00|(10880.49,.00)|(1.00,.00)|10879.494410668452|24.586499776486363|0|null|2.866363519006302|0|null|false|0|false
282.55|(10862.46,1.25)|(1.00,-.02)|10861.461026327925|24.586499776486363|10861|0|0|(10872.46,.00)|(10960.81,.00)|(10880.49,.00)|-0.76|1.00|0.00|(10882.46,.00)|(1.00,.00)|10881.461026327925|24.586499776486363|0|null|2.8421322341271287|0|null|false|0|false
282.60|(10864.43,1.16)|(1.00,-.02)|10863.42807126121|24.586499776486363|10863|0|0|(10874.43,.00)|(10962.77,.00)|(10882.46,.00)|-0.50|1.00|0.00|(10884.43,.00)|(1.00,.00)|10883.42807126121|24.586499776486363|0|null|2.817407526640187|0|null|false|0|false
282.65|(10866.39,1.06)|(1.00,-.03)|10865.394537427253|24.586499776486363|10865|0|0|(10876.39,.00)|(10964.74,.00)|(10884.43,.00)|-0.50|1.00|0.00|(10886.39,.00)|(1.00,.00)|10885.394537427253|24.586499776486363|0|null|2.789296535170579|0|null|false|0|false
282.70|(10868.36,.94)|(1.00,-.04)|10867.360348925462|24.586499776486363|10867|0|0|(10878.36,.00)|(10966.71,.00)|(10886.39,.00)|-0.50|1.00|0.00|(10888.36,.00)|(1.00,.00)|10887.360348925462|24.586499776486363|0|null|2.757824812472894|0|null|false|0|false
282.75|(10870.33,.83)|(1.00,-.04)|10869.326451815417|24.586499776486363|10869|0|0|(10880.33,.00)|(10968.67,.00)|(10888.36,.00)|-0.27|1.00|0.00|(10890.33,.00)|(1.00,.00)|10889.326451815417|24.586499776486363|0|null|2.7269140222866|0|null|false|0|false
282.80|(10872.29,.71)|(1.00,-.05)|10871.292146465239|24.586499776486363|10871|0|0|(10882.29,.00)|(10970.64,.00)|(10890.33,.00)|-0.27|1.00|0.00|(10892.29,.00)|(1.00,.00)|10891.292146465239|24.586499776486363|0|null|2.6940335911513262|0|null|false|0|false
282.85|(10874.26,.58)|(1.00,-.05)|10873.257413582704|24.586499776486363|10873|0|0|(10884.26,.00)|(10972.60,.00)|(10892.29,.00)|-0.27|1.00|0.00|(10894.26,.00)|(1.00,.00)|10893.257413582704|24.586499776486363|0|null|2.659222829596105|0|null|false|0|false
282.90|(10876.22,.45)|(1.00,-.05)|10875.222235332936|24.586499776486363|10875|0|0|(10886.22,.00)|(10974.57,.00)|(10894.26,.00)|-0.27|1.00|0.00|(10896.22,.00)|(1.00,.00)|10895.222235332936|24.586499776486363|0|null|2.622519538132676|0|null|false|0|false
282.95|(10878.19,.33)|(1.00,-.06)|10877.18772932512|24.586499776486363|10877|0|0|(10888.19,.00)|(10976.53,.00)|(10896.22,.00)|0.03|1.00|0.00|(10898.19,.00)|(1.00,.00)|10897.18772932512|24.586499776486363|0|null|2.589171969188973|0|null|false|0|false
283.00|(10880.15,.20)|(1.00,-.06)|10879.153244701185|24.586499776486363|10879|0|0|(10890.15,.00)|(10978.50,.00)|(10898.19,.00)|0.03|1.00|0.00|(10900.15,.00)|(1.00,.00)|10899.153244701185|24.586499776486363|0|null|2.555789922672945|0|null|false|0|false
283.05|(10882.12,.08)|(1.00,-.06)|10881.118789761687|24.586499776486363|10881|0|0|(10892.12,.00)|(10980.46,.00)|(10900.15,.00)|0.03|1.00|0.00|(10902.12,.00)|(1.00,.00)|10901.118789761687|24.586499776486363|0|null|2.522421295228978|0|null|false|0|false
283.10|(10884.08,-.03)|(1.00,-.06)|10883.084844295809|24.586499776486363|10883|0|0|(10894.08,.00)|(10982.43,.00)|(10902.12,.00)|0.23|1.00|0.00|(10904.08,.00)|(1.00,.00)|10903.084844295809|24.586499776486363|0|null|2.4925570314563137|0|null|false|0|false
283.15|(10886.05,-.13)|(1.00,-.06)|10885.051195385575|24.586499776486363|10885|0|0|(10896.05,.00)|(10984.40,.00)|(10904.08,.00)|0.23|1.00|0.00|(10906.05,.00)|(1.00,.00)|10905.051195385575|24.586499776486363|0|null|2.463971731979419|0|null|false|0|false
283.20|(10888.02,-.23)|(1.00,-.06)|10887.01783702003|24.586499776486363|10887|0|0|(10898.02,.00)|(10986.36,.00)|(10906.05,.00)|0.23|1.00|0.00|(10908.02,.00)|(1.00,.00)|10907.01783702003|24.586499776486363|0|null|2.436711709696671|0|null|false|0|false
283.25|(10889.98,-.33)|(1.00,-.05)|10888.98476128105|24.586499776486363|10888|0|0|(10899.98,.00)|(10988.33,.00)|(10908.02,.00)|0.23|1.00|0.00|(10909.98,.00)|(1.00,.00)|10908.98476128105|24.586499776486363|0|null|2.41081786301681|0|null|false|0|false
283.30|(10891.95,-.42)|(1.00,-.05)|10890.951958490956|24.586499776486363|10890|0|0|(10901.95,.00)|(10990.30,.00)|(10909.98,.00)|0.23|1.00|0.00|(10911.95,.00)|(1.00,.00)|10910.951958490956|24.586499776486363|0|null|2.386325846958258|0|null|false|0|false
283.35|(10893.92,-.49)|(1.00,-.05)|10892.919550193787|24.586499776486363|10892|0|0|(10903.92,.00)|(10992.27,.00)|(10911.95,.00)|0.41|1.00|0.00|(10913.92,.00)|(1.00,.00)|10912.919550193787|24.586499776486363|0|null|2.3663928081385093|0|null|false|0|false
283.40|(10895.89,-.55)|(1.00,-.04)|10894.887511783681|24.586499776486363|10894|0|0|(10905.89,.00)|(10994.23,.00)|(10913.92,.00)|0.41|1.00|0.00|(10915.89,.00)|(1.00,.00)|10914.887511783681|24.586499776486363|0|null|2.3489910625618258|0|null|false|0|false
283.45|(10897.86,-.61)|(1.00,-.04)|10896.855798850916|24.586499776486363|10896|0|0|(10907.86,.00)|(10996.20,.00)|(10915.89,.00)|0.41|1.00|0.00|(10917.86,.00)|(1.00,.00)|10916.855798850916|24.586499776486363|0|null|2.3341522251581557|0|null|false|0|false
283.50|(10899.82,-.65)|(1.00,-.04)|10898.824305481123|24.586499776486363|10898|0|0|(10909.82,.00)|(10998.17,.00)|(10917.86,.00)|0.50|1.00|0.00|(10919.82,.00)|(1.00,.00)|10918.824305481123|24.586499776486363|0|null|2.3234103959567785|0|null|false|0|false
283.55|(10901.79,-.67)|(1.00,-.03)|10900.793055120124|24.586499776486363|10900|0|0|(10911.79,.00)|(11000.14,.00)|(10919.82,.00)|0.50|1.00|0.00|(10921.79,.00)|(1.00,.00)|10920.793055120124|24.586499776486363|0|null|2.315796795060317|0|null|false|0|false
283.60|(10903.76,-.69)|(1.00,-.03)|10902.761977803753|24.586499776486363|10902|0|0|(10913.76,.00)|(11002.11,.00)|(10921.79,.00)|0.50|1.00|0.00|(10923.76,.00)|(1.00,.00)|10922.761977803753|24.586499776486363|0|null|2.3113332313321173|0|null|false|0|false
283.65|(10905.73,-.70)|(1.00,-.02)|10904.731041391698|24.586499776486363|10904|0|0|(10915.73,.00)|(11004.08,.00)|(10923.76,.00)|0.47|1.00|0.00|(10925.73,.00)|(1.00,.00)|10924.731041391698|24.586499776486363|0|null|2.3096413070646764|0|null|false|0|false
283.70|(10907.70,-.69)|(1.00,-.02)|10906.700142463173|24.586499776486363|10906|0|0|(10917.70,.00)|(11006.05,.00)|(10925.73,.00)|0.47|1.00|0.00|(10927.70,.00)|(1.00,.00)|10926.700142463173|24.586499776486363|0|null|2.310993967456028|0|null|false|0|false
283.75|(10909.67,-.68)|(1.00,-.01)|10908.669214604814|24.586499776486363|10908|0|0|(10919.67,.00)|(11008.02,.00)|(10927.70,.00)|0.47|1.00|0.00|(10929.67,.00)|(1.00,.00)|10928.669214604814|24.586499776486363|0|null|2.315399595716969|0|null|false|0|false
283.80|(10911.64,-.65)|(1.00,-.00)|10910.638191243348|24.586499776486363|10910|0|0|(10921.64,.00)|(11009.98,.00)|(10929.67,.00)|0.47|1.00|0.00|(10931.64,.00)|(1.00,.00)|10930.638191243348|24.586499776486363|0|null|2.3228637050475434|0|null|false|0|false
283.85|(10913.61,-.61)|(1.00,.00)|10912.607005833528|24.586499776486363|10912|0|0|(10923.61,.00)|(11011.95,.00)|(10931.64,.00)|0.47|1.00|0.00|(10933.61,.00)|(1.00,.00)|10932.607005833528|24.586499776486363|0|null|2.3333894441345513|0|null|false|0|false
283.90|(10915.58,-.56)|(1.00,.01)|10914.575591995319|24.586499776486363|10914|0|0|(10925.58,.00)|(11013.92,.00)|(10933.61,.00)|0.47|1.00|0.00|(10935.58,.00)|(1.00,.00)|10934.575591995319|24.586499776486363|0|null|2.346978091294632|0|null|false|0|false
283.95|(10917.54,-.50)|(1.00,.01)|10916.543883601704|24.586499776486363|10916|0|0|(10927.54,.00)|(11015.89,.00)|(10935.58,.00)|0.47|1.00|0.00|(10937.54,.00)|(1.00,.00)|10936.543883601704|24.586499776486363|0|null|2.363629530862824|0|null|false|0|false
284.00|(10919.51,-.43)|(1.00,.02)|10918.511814819667|24.586499776486363|10918|0|0|(10929.51,.00)|(11017.86,.00)|(10937.54,.00)|0.47|1.00|0.00|(10939.51,.00)|(1.00,.00)|10938.511814819667|24.586499776486363|0|null|2.38334270559514|0|null|false|0|false
284.05|(10921.48,-.34)|(1.00,.02)|10920.479320108014|24.586499776486363|10920|0|0|(10931.48,.00)|(11019.83,.00)|(10939.51,.00)|0.47|1.00|0.00|(10941.48,.00)|(1.00,.00)|10940.479320108014|24.586499776486363|0|null|2.406116039157598|0|null|false|0|false
284.10|(10923.45,-.25)|(1.00,.03)|10922.44633417666|24.586499776486363|10922|0|0|(10933.45,.00)|(11021.79,.00)|(10941.48,.00)|0.47|1.00|0.00|(10943.45,.00)|(1.00,.00)|10942.44633417666|24.586499776486363|0|null|2.431947823208605|0|null|false|0|false
284.15|(10925.41,-.14)|(1.00,.04)|10924.412791912797|24.586499776486363|10924|0|0|(10935.41,.00)|(11023.76,.00)|(10943.45,.00)|0.47|1.00|0.00|(10945.41,.00)|(1.00,.00)|10944.412791912797|24.586499776486363|0|null|2.460836564138555|0|null|false|0|false
284.20|(10927.38,-.03)|(1.00,.04)|10926.378628279983|24.586499776486363|10926|0|0|(10937.38,.00)|(11025.72,.00)|(10945.41,.00)|0.47|1.00|0.00|(10947.38,.00)|(1.00,.00)|10946.378628279983|24.586499776486363|0|null|2.492781285199118|0|null|false|0|false
284.25|(10929.34,.10)|(1.00,.05)|10928.343778196699|24.586499776486363|10928|0|0|(10939.34,.00)|(11027.69,.00)|(10947.38,.00)|0.47|1.00|0.00|(10949.34,.00)|(1.00,.00)|10948.343778196699|24.586499776486363|0|null|2.5277817805213805|0|null|false|0|false
284.30|(10931.31,.24)|(1.00,.05)|10930.308176401171|24.586499776486363|10930|0|0|(10941.31,.00)|(11029.65,.00)|(10949.34,.00)|0.47|1.00|0.00|(10951.31,.00)|(1.00,.00)|10950.308176401171|24.586499776486363|0|null|2.5658388183708505|0|null|false|0|false
284.35|(10933.27,.39)|(1.00,.06)|10932.271757309407|24.586499776486363|10932|0|0|(10943.27,.00)|(11031.62,.00)|(10951.31,.00)|0.47|1.00|0.00|(10953.27,.00)|(1.00,.00)|10952.271757309407|24.586499776486363|0|null|2.6069542919006325|0|null|false|0|false
284.40|(10935.23,.55)|(1.00,.06)|10934.234454873347|24.586499776486363|10934|0|0|(10945.23,.00)|(11033.58,.00)|(10953.27,.00)|0.47|1.00|0.00|(10955.23,.00)|(1.00,.00)|10954.234454873347|24.586499776486363|0|null|2.6511313166223758|0|null|false|0|false
284.45|(10937.20,.73)|(1.00,.07)|10936.196202445817|24.586499776486363|10936|0|0|(10947.20,.00)|(11035.54,.00)|(10955.23,.00)|0.47|1.00|0.00|(10957.20,.00)|(1.00,.00)|10956.196202445817|24.586499776486363|0|null|2.6983742747975845|0|null|false|0|false
284.50|(10939.16,.91)|(1.00,.08)|10938.156932658596|24.586499776486363|10938|0|0|(10949.16,.00)|(11037.50,.00)|(10957.20,.00)|0.47|1.00|0.00|(10959.16,.00)|(1.00,.00)|10958.156932658596|24.586499776486363|0|null|2.7486888079383602|0|null|false|0|false
284.55|(10941.12,1.11)|(1.00,.08)|10940.116577319426|24.586499776486363|10940|0|0|(10951.12,.00)|(11039.46,.00)|(10959.16,.00)|0.47|1.00|0.00|(10961.12,.00)|(1.00,.00)|10960.116577319426|24.586499776486363|0|null|2.802081759575417|0|null|false|0|false
284.60|(10943.08,1.26)|(1.00,.08)|10942.079390939796|24.586499776486363|10942|0|0|(10953.08,.00)|(11041.43,.00)|(10961.12,.00)|-0.41|1.00|0.00|(10963.08,.00)|(1.00,.00)|10962.079390939796|24.586499776486363|0|null|2.8432932623256266|0|null|false|0|false
284.65|(10945.04,1.40)|(1.00,.08)|10944.042878976692|24.586499776486363|10944|0|0|(10955.04,.00)|(11043.39,.00)|(10963.08,.00)|-0.41|1.00|0.00|(10965.04,.00)|(1.00,.00)|10964.042878976692|24.586499776486363|0|null|2.8823664839615737|0|null|false|0|false
284.70|(10947.01,1.53)|(1.00,.08)|10946.007012127699|24.586499776486363|10946|0|0|(10957.01,.00)|(11045.35,.00)|(10965.04,.00)|-0.41|1.00|0.00|(10967.01,.00)|(1.00,.00)|10966.007012127699|24.586499776486363|0|null|2.9192633694917522|0|null|false|0|false
284.75|(10948.97,1.66)|(1.00,.07)|10947.971758500273|24.586499776486363|10947|0|0|(10958.97,.00)|(11047.32,.00)|(10967.01,.00)|-0.41|1.00|0.00|(10968.97,.00)|(1.00,.00)|10967.971758500273|24.586499776486363|0|null|2.9539518130968405|0|null|false|0|false
284.80|(10950.94,1.74)|(1.00,.07)|10949.937141857894|24.586499776486363|10949|0|0|(10960.94,.00)|(11049.28,.00)|(10968.97,.00)|-0.98|1.00|0.00|(10970.94,.00)|(1.00,.00)|10969.937141857894|24.586499776486363|0|null|2.976656394403329|0|null|false|0|false
284.85|(10952.90,1.81)|(1.00,.06)|10951.903457967688|24.586499776486363|10951|0|0|(10962.90,.00)|(11051.25,.00)|(10970.94,.00)|-0.98|1.00|0.00|(10972.90,.00)|(1.00,.00)|10971.903457967688|24.586499776486363|0|null|2.993761113087481|0|null|false|0|false
284.90|(10954.87,1.85)|(1.00,.05)|10953.870481867254|24.586499776486363|10953|0|0|(10964.87,.00)|(11053.22,.00)|(10972.90,.00)|-0.98|1.00|0.00|(10974.87,.00)|(1.00,.00)|10973.870481867254|24.586499776486363|0|null|3.005214579924181|0|null|false|0|false
284.95|(10956.84,1.87)|(1.00,.04)|10955.837983536992|24.586499776486363|10955|0|0|(10966.84,.00)|(11055.18,.00)|(10974.87,.00)|-0.98|1.00|0.00|(10976.84,.00)|(1.00,.00)|10975.837983536992|24.586499776486363|0|null|3.010972904614596|0|null|false|0|false
285.00|(10958.81,1.87)|(1.00,.03)|10957.805752644277|24.586499776486363|10957|0|0|(10968.81,.00)|(11057.15,.00)|(10976.84,.00)|-0.97|1.00|0.00|(10978.81,.00)|(1.00,.00)|10977.805752644277|24.586499776486363|0|null|3.0111146877754758|0|null|false|0|false
285.05|(10960.77,1.85)|(1.00,.02)|10959.773532977415|24.586499776486363|10959|0|0|(10970.77,.00)|(11059.12,.00)|(10978.81,.00)|-0.97|1.00|0.00|(10980.77,.00)|(1.00,.00)|10979.773532977415|24.586499776486363|0|null|3.005532494083106|0|null|false|0|false
285.10|(10962.74,1.81)|(1.00,.01)|10961.741088165998|24.586499776486363|10961|0|0|(10972.74,.00)|(11061.09,.00)|(10980.77,.00)|-0.97|1.00|0.00|(10982.74,.00)|(1.00,.00)|10981.741088165998|24.586499776486363|0|null|2.9942003887044426|0|null|false|0|false
285.15|(10964.71,1.76)|(1.00,.00)|10963.70886157143|24.586499776486363|10963|0|0|(10974.71,.00)|(11063.05,.00)|(10982.74,.00)|-0.83|1.00|0.00|(10984.71,.00)|(1.00,.00)|10983.70886157143|24.586499776486363|0|null|2.9796016952488555|0|null|false|0|false
285.20|(10966.68,1.68)|(1.00,-.01)|10965.676127742097|24.586499776486363|10965|0|0|(10976.68,.00)|(11065.02,.00)|(10984.71,.00)|-0.83|1.00|0.00|(10986.68,.00)|(1.00,.00)|10985.676127742097|24.586499776486363|0|null|2.960073678679908|0|null|false|0|false
285.25|(10968.64,1.59)|(1.00,-.02)|10967.64271265704|24.586499776486363|10967|0|0|(10978.64,.00)|(11066.99,.00)|(10986.68,.00)|-0.83|1.00|0.00|(10988.64,.00)|(1.00,.00)|10987.64271265704|24.586499776486363|0|null|2.9356084242812996|0|null|false|0|false
285.30|(10970.61,1.49)|(1.00,-.03)|10969.608442258677|24.586499776486363|10969|0|0|(10980.61,.00)|(11068.95,.00)|(10988.64,.00)|-0.83|1.00|0.00|(10990.61,.00)|(1.00,.00)|10989.608442258677|24.586499776486363|0|null|2.906199305309414|0|null|false|0|false
285.35|(10972.57,1.38)|(1.00,-.03)|10971.574661543935|24.586499776486363|10971|0|0|(10982.57,.00)|(11070.92,.00)|(10990.61,.00)|-0.54|1.00|0.00|(10992.57,.00)|(1.00,.00)|10991.574661543935|24.586499776486363|0|null|2.8767580324680493|0|null|false|0|false
285.40|(10974.54,1.26)|(1.00,-.04)|10973.540215262938|24.586499776486363|10973|0|0|(10984.54,.00)|(11072.89,.00)|(10992.57,.00)|-0.54|1.00|0.00|(10994.54,.00)|(1.00,.00)|10993.540215262938|24.586499776486363|0|null|2.8440498997810417|0|null|false|0|false
285.45|(10976.51,1.13)|(1.00,-.05)|10975.505029371803|24.586499776486363|10975|0|0|(10986.51,.00)|(11074.85,.00)|(10994.54,.00)|-0.54|1.00|0.00|(10996.51,.00)|(1.00,.00)|10995.505029371803|24.586499776486363|0|null|2.808083426525736|0|null|false|0|false
285.50|(10978.47,1.00)|(1.00,-.05)|10977.470205347985|24.586499776486363|10977|0|0|(10988.47,.00)|(11076.82,.00)|(10996.51,.00)|-0.29|1.00|0.00|(10998.47,.00)|(1.00,.00)|10997.470205347985|24.586499776486363|0|null|2.7731087973694204|0|null|false|0|false
285.55|(10980.43,.87)|(1.00,-.05)|10979.434966073044|24.586499776486363|10979|0|0|(10990.43,.00)|(11078.78,.00)|(10998.47,.00)|-0.29|1.00|0.00|(11000.43,.00)|(1.00,.00)|10999.434966073044|24.586499776486363|0|null|2.736342651170931|0|null|false|0|false
285.60|(10982.40,.72)|(1.00,-.06)|10981.399291151702|24.586499776486363|10981|0|0|(10992.40,.00)|(11080.75,.00)|(11000.43,.00)|-0.29|1.00|0.00|(11002.40,.00)|(1.00,.00)|11001.399291151702|24.586499776486363|0|null|2.6977996871200474|0|null|false|0|false
285.65|(10984.36,.58)|(1.00,-.06)|10983.36316000873|24.586499776486363|10983|0|0|(10994.36,.00)|(11082.71,.00)|(11002.40,.00)|-0.29|1.00|0.00|(11004.36,.00)|(1.00,.00)|11003.36316000873|24.586499776486363|0|null|2.6574910426068614|0|null|false|0|false
285.70|(10986.33,.44)|(1.00,-.06)|10985.327546761877|24.586499776486363|10985|0|0|(10996.33,.00)|(11084.67,.00)|(11004.36,.00)|-0.05|1.00|0.00|(11006.33,.00)|(1.00,.00)|11005.327546761877|24.586499776486363|0|null|2.6195418382085114|0|null|false|0|false
285.75|(10988.29,.30)|(1.00,-.07)|10987.291878782014|24.586499776486363|10987|0|0|(10998.29,.00)|(11086.64,.00)|(11006.33,.00)|-0.05|1.00|0.00|(11008.29,.00)|(1.00,.00)|11007.291878782014|24.586499776486363|0|null|2.5812514998322764|0|null|false|0|false
285.80|(10990.26,.16)|(1.00,-.07)|10989.256156152578|24.586499776486363|10989|0|0|(11000.26,.00)|(11088.60,.00)|(11008.29,.00)|-0.05|1.00|0.00|(11010.26,.00)|(1.00,.00)|11009.256156152578|24.586499776486363|0|null|2.5426347245235883|0|null|false|0|false
285.85|(10992.22,.03)|(1.00,-.07)|10991.221236806628|24.586499776486363|10991|0|0|(11002.22,.00)|(11090.57,.00)|(11010.26,.00)|0.25|1.00|0.00|(11012.22,.00)|(1.00,.00)|11011.221236806628|24.586499776486363|0|null|2.5088944106394604|0|null|false|0|false
285.90|(10994.19,-.09)|(1.00,-.06)|10993.18671138135|24.586499776486363|10993|0|0|(11004.19,.00)|(11092.53,.00)|(11012.22,.00)|0.25|1.00|0.00|(11014.19,.00)|(1.00,.00)|11013.18671138135|24.586499776486363|0|null|2.4766264016313473|0|null|false|0|false
285.95|(10996.15,-.20)|(1.00,-.06)|10995.1525639341|24.586499776486363|10995|0|0|(11006.15,.00)|(11094.50,.00)|(11014.19,.00)|0.25|1.00|0.00|(11016.15,.00)|(1.00,.00)|11015.1525639341|24.586499776486363|0|null|2.445852121347754|0|null|false|0|false
286.00|(10998.12,-.31)|(1.00,-.06)|10997.118777345027|24.586499776486363|10997|0|0|(11008.12,.00)|(11096.46,.00)|(11016.15,.00)|0.25|1.00|0.00|(11018.12,.00)|(1.00,.00)|11017.118777345027|24.586499776486363|0|null|2.416588713658008|0|null|false|0|false
286.05|(11000.09,-.39)|(1.00,-.06)|10999.085537582985|24.586499776486363|10999|0|0|(11010.09,.00)|(11098.43,.00)|(11018.12,.00)|0.44|1.00|0.00|(11020.09,.00)|(1.00,.00)|11019.085537582985|24.586499776486363|0|null|2.392205803880481|0|null|false|0|false
286.10|(11002.05,-.47)|(1.00,-.05)|11001.052789634216|24.586499776486363|11001|0|0|(11012.05,.00)|(11100.40,.00)|(11020.09,.00)|0.44|1.00|0.00|(11022.05,.00)|(1.00,.00)|11021.052789634216|24.586499776486363|0|null|2.370509034317416|0|null|false|0|false
286.15|(11004.02,-.54)|(1.00,-.05)|11003.020479907538|24.586499776486363|11003|0|0|(11014.02,.00)|(11102.37,.00)|(11022.05,.00)|0.44|1.00|0.00|(11024.02,.00)|(1.00,.00)|11023.020479907538|24.586499776486363|0|null|2.351517368786932|0|null|false|0|false
286.20|(11005.99,-.60)|(1.00,-.04)|11004.9885274695|24.586499776486363|11004|0|0|(11015.99,.00)|(11104.33,.00)|(11024.02,.00)|0.51|1.00|0.00|(11025.99,.00)|(1.00,.00)|11024.9885274695|24.586499776486363|0|null|2.3365223337011867|0|null|false|0|false
286.25|(11007.96,-.64)|(1.00,-.04)|11006.956926201488|24.586499776486363|11006|0|0|(11017.96,.00)|(11106.30,.00)|(11025.99,.00)|0.51|1.00|0.00|(11027.96,.00)|(1.00,.00)|11026.956926201488|24.586499776486363|0|null|2.3246990548262394|0|null|false|0|false
286.30|(11009.93,-.67)|(1.00,-.03)|11008.9256020844|24.586499776486363|11008|0|0|(11019.93,.00)|(11108.27,.00)|(11027.96,.00)|0.51|1.00|0.00|(11029.93,.00)|(1.00,.00)|11028.9256020844|24.586499776486363|0|null|2.316062576986019|0|null|false|0|false
286.35|(11011.89,-.69)|(1.00,-.03)|11010.894480570718|24.586499776486363|11010|0|0|(11021.89,.00)|(11110.24,.00)|(11029.93,.00)|0.51|1.00|0.00|(11031.89,.00)|(1.00,.00)|11030.894480570718|24.586499776486363|0|null|2.310625774995236|0|null|false|0|false
286.40|(11013.86,-.70)|(1.00,-.02)|11012.863489542862|24.586499776486363|11012|0|0|(11023.86,.00)|(11112.21,.00)|(11031.89,.00)|0.51|1.00|0.00|(11033.86,.00)|(1.00,.00)|11032.863489542862|24.586499776486363|0|null|2.308370604753865|0|null|false|0|false
286.45|(11015.83,-.70)|(1.00,-.02)|11014.83255162212|24.586499776486363|11014|0|0|(11025.83,.00)|(11114.18,.00)|(11033.86,.00)|0.51|1.00|0.00|(11035.83,.00)|(1.00,.00)|11034.83255162212|24.586499776486363|0|null|2.3093260806835287|0|null|false|0|false
286.50|(11017.80,-.68)|(1.00,-.01)|11016.801592004596|24.586499776486363|11016|0|0|(11027.80,.00)|(11116.15,.00)|(11035.83,.00)|0.51|1.00|0.00|(11037.80,.00)|(1.00,.00)|11036.801592004596|24.586499776486363|0|null|2.313500966602315|0|null|false|0|false
286.55|(11019.77,-.66)|(1.00,-.01)|11018.770535792488|24.586499776486363|11018|0|0|(11029.77,.00)|(11118.12,.00)|(11037.80,.00)|0.51|1.00|0.00|(11039.77,.00)|(1.00,.00)|11038.770535792488|24.586499776486363|0|null|2.320903328820515|0|null|false|0|false
286.60|(11021.74,-.62)|(1.00,.00)|11020.739308007172|24.586499776486363|11020|0|0|(11031.74,.00)|(11120.09,.00)|(11039.77,.00)|0.51|1.00|0.00|(11041.74,.00)|(1.00,.00)|11040.739308007172|24.586499776486363|0|null|2.331540748969698|0|null|false|0|false
286.65|(11023.71,-.57)|(1.00,.01)|11022.707833581664|24.586499776486363|11022|0|0|(11033.71,.00)|(11122.05,.00)|(11041.74,.00)|0.51|1.00|0.00|(11043.71,.00)|(1.00,.00)|11042.707833581664|24.586499776486363|0|null|2.345420476892674|0|null|false|0|false
286.70|(11025.68,-.50)|(1.00,.01)|11024.676037340776|24.586499776486363|11024|0|0|(11035.68,.00)|(11124.02,.00)|(11043.71,.00)|0.51|1.00|0.00|(11045.68,.00)|(1.00,.00)|11044.676037340776|24.586499776486363|0|null|2.3625495258792117|0|null|false|0|false
286.75|(11027.64,-.43)|(1.00,.02)|11026.643843976934|24.586499776486363|11026|0|0|(11037.64,.00)|(11125.99,.00)|(11045.68,.00)|0.51|1.00|0.00|(11047.64,.00)|(1.00,.00)|11046.643843976934|24.586499776486363|0|null|2.3829347135467276|0|null|false|0|false
286.80|(11029.61,-.34)|(1.00,.02)|11028.611178028963|24.586499776486363|11028|0|0|(11039.61,.00)|(11127.96,.00)|(11047.64,.00)|0.51|1.00|0.00|(11049.61,.00)|(1.00,.00)|11048.611178028963|24.586499776486363|0|null|2.406582652600542|0|null|false|0|false
286.85|(11031.58,-.24)|(1.00,.03)|11030.577963870357|24.586499776486363|11030|0|0|(11041.58,.00)|(11129.92,.00)|(11049.61,.00)|0.51|1.00|0.00|(11051.58,.00)|(1.00,.00)|11050.577963870357|24.586499776486363|0|null|2.433499696546955|0|null|false|0|false
286.90|(11033.54,-.13)|(1.00,.04)|11032.544125712497|24.586499776486363|11032|0|0|(11043.54,.00)|(11131.89,.00)|(11051.58,.00)|0.51|1.00|0.00|(11053.54,.00)|(1.00,.00)|11052.544125712497|24.586499776486363|0|null|2.4636918461581865|0|null|false|0|false
286.95|(11035.51,-.01)|(1.00,.04)|11034.50958762725|24.586499776486363|11034|0|0|(11045.51,.00)|(11133.86,.00)|(11053.54,.00)|0.51|1.00|0.00|(11055.51,.00)|(1.00,.00)|11054.50958762725|24.586499776486363|0|null|2.4971646230872597|0|null|false|0|false
287.00|(11037.47,.12)|(1.00,.05)|11036.474273592099|24.586499776486363|11036|0|0|(11047.47,.00)|(11135.82,.00)|(11055.51,.00)|0.51|1.00|0.00|(11057.47,.00)|(1.00,.00)|11056.474273592099|24.586499776486363|0|null|2.5339229174916715|0|null|false|0|false
287.05|(11039.44,.27)|(1.00,.06)|11038.438107559727|24.586499776486363|11038|0|0|(11049.44,.00)|(11137.78,.00)|(11057.47,.00)|0.51|1.00|0.00|(11059.44,.00)|(1.00,.00)|11058.438107559727|24.586499776486363|0|null|2.5739708168384086|0|null|false|0|false
287.10|(11041.40,.43)|(1.00,.06)|11040.40101355269|24.586499776486363|11040|0|0|(11051.40,.00)|(11139.75,.00)|(11059.44,.00)|0.51|1.00|0.00|(11061.40,.00)|(1.00,.00)|11060.40101355269|24.586499776486363|0|null|2.6173114232238204|0|null|false|0|false
287.15|(11043.36,.60)|(1.00,.07)|11042.362915782545|24.586499776486363|11042|0|0|(11053.36,.00)|(11141.71,.00)|(11061.40,.00)|0.51|1.00|0.00|(11063.36,.00)|(1.00,.00)|11062.362915782545|24.586499776486363|0|null|2.6639466665474463|0|null|false|0|false
287.20|(11045.32,.78)|(1.00,.07)|11044.323738791585|24.586499776486363|11044|0|0|(11055.32,.00)|(11143.67,.00)|(11063.36,.00)|0.51|1.00|0.00|(11065.32,.00)|(1.00,.00)|11064.323738791585|24.586499776486363|0|null|2.7138771207297765|0|null|false|0|false
287.25|(11047.28,.98)|(1.00,.08)|11046.283407614203|24.586499776486363|11046|0|0|(11057.28,.00)|(11145.63,.00)|(11065.32,.00)|0.51|1.00|0.00|(11067.28,.00)|(1.00,.00)|11066.283407614203|24.586499776486363|0|null|2.767101829864187|0|null|false|0|false
287.30|(11049.24,1.18)|(1.00,.09)|11048.241847953892|24.586499776486363|11048|0|0|(11059.24,.00)|(11147.59,.00)|(11067.28,.00)|0.51|1.00|0.00|(11069.24,.00)|(1.00,.00)|11068.241847953892|24.586499776486363|0|null|2.8236181507500717|0|null|false|0|false
287.35|(11051.20,1.40)|(1.00,.09)|11050.19898637103|24.586499776486363|11050|0|0|(11061.20,.00)|(11149.54,.00)|(11069.24,.00)|0.51|1.00|0.00|(11071.20,.00)|(1.00,.00)|11070.19898637103|24.586499776486363|0|null|2.8834216176780285|0|null|false|0|false
287.40|(11053.15,1.63)|(1.00,.10)|11052.154750475891|24.586499776486363|11052|0|0|(11063.15,.00)|(11151.50,.00)|(11071.20,.00)|0.51|1.00|0.00|(11073.15,.00)|(1.00,.00)|11072.154750475891|24.586499776486363|0|null|2.9465058346420507|0|null|false|0|false
287.45|(11055.11,1.88)|(.99,.11)|11054.109069120837|24.586499776486363|11054|0|0|(11065.11,.00)|(11153.46,.00)|(11073.15,.00)|0.51|1.00|0.00|(11075.11,.00)|(1.00,.00)|11074.109069120837|24.586499776486363|0|null|3.0128623993540287|0|null|false|0|false
287.50|(11057.06,2.13)|(.99,.11)|11056.061872585335|24.586499776486363|11056|0|0|(11067.06,.00)|(11155.41,.00)|(11075.11,.00)|0.51|1.00|0.00|(11077.06,.00)|(1.00,.00)|11076.061872585335|24.586499776486363|0|null|3.0824808625506424|0|null|false|0|false
287.55|(11059.01,2.40)|(.99,.12)|11058.013092747387|24.586499776486363|11058|0|0|(11069.01,.00)|(11157.36,.00)|(11077.06,.00)|0.51|1.00|0.00|(11079.01,.00)|(1.00,.00)|11078.013092747387|24.586499776486363|0|null|3.155348725132025|0|null|false|0|false
287.60|(11060.97,2.59)|(.99,.11)|11059.970634281708|24.586499776486363|11059|0|0|(11070.97,.00)|(11159.32,.00)|(11079.01,.00)|-0.90|1.00|0.00|(11080.97,.00)|(1.00,.00)|11079.970634281708|24.586499776486363|0|null|3.2071435285843806|0|null|false|0|false
287.65|(11062.93,2.76)|(.99,.11)|11061.930104095713|24.586499776486363|11061|0|0|(11072.93,.00)|(11161.28,.00)|(11080.97,.00)|-0.90|1.00|0.00|(11082.93,.00)|(1.00,.00)|11081.930104095713|24.586499776486363|0|null|3.253837531297446|0|null|false|0|false
287.70|(11064.89,2.91)|(1.00,.10)|11063.891331168214|24.586499776486363|11063|0|0|(11074.89,.00)|(11163.24,.00)|(11082.93,.00)|-0.90|1.00|0.00|(11084.89,.00)|(1.00,.00)|11083.891331168214|24.586499776486363|0|null|3.295331540640976|0|null|false|0|false
287.75|(11066.85,3.04)|(1.00,.09)|11065.854134183423|24.586499776486363|11065|0|0|(11076.85,.00)|(11165.20,.00)|(11084.89,.00)|-0.90|1.00|0.00|(11086.85,.00)|(1.00,.00)|11085.854134183423|24.586499776486363|0|null|3.331533579527634|0|null|false|0|false
287.80|(11068.82,3.16)|(1.00,.08)|11067.818322340781|24.586499776486363|11067|0|0|(11078.82,.00)|(11167.16,.00)|(11086.85,.00)|-0.90|1.00|0.00|(11088.82,.00)|(1.00,.00)|11087.818322340781|24.586499776486363|0|null|3.3623585000780998|0|null|false|0|false
287.85|(11070.78,3.20)|(1.00,.07)|11069.781524445089|24.586499776486363|11069|0|0|(11080.78,.00)|(11169.13,.00)|(11088.82,.00)|-1.66|1.00|0.00|(11090.78,.00)|(1.00,.00)|11089.781524445089|24.586499776486363|0|null|3.374697840293195|0|null|false|0|false
287.90|(11072.75,3.21)|(1.00,.05)|11071.745556839896|24.586499776486363|11071|0|0|(11082.75,.00)|(11171.09,.00)|(11090.78,.00)|-1.66|1.00|0.00|(11092.75,.00)|(1.00,.00)|11091.745556839896|24.586499776486363|0|null|3.3770440518474993|0|null|false|0|false
287.95|(11074.71,3.18)|(1.00,.04)|11073.709702891496|24.586499776486363|11073|0|0|(11084.71,.00)|(11173.06,.00)|(11092.75,.00)|-1.66|1.00|0.00|(11094.71,.00)|(1.00,.00)|11093.709702891496|24.586499776486363|0|null|3.3692877584435545|0|null|false|0|false
288.00|(11076.67,3.12)|(1.00,.02)|11075.674226835865|24.586499776486363|11075|0|0|(11086.67,.00)|(11175.02,.00)|(11094.71,.00)|-1.52|1.00|0.00|(11096.67,.00)|(1.00,.00)|11095.674226835865|24.586499776486363|0|null|3.3536126234688726|0|null|false|0|false
288.05|(11078.64,3.03)|(1.00,.00)|11077.63764106922|24.586499776486363|11077|0|0|(11088.64,.00)|(11176.98,.00)|(11096.67,.00)|-1.52|1.00|0.00|(11098.64,.00)|(1.00,.00)|11097.63764106922|24.586499776486363|0|null|3.3284391271722047|0|null|false|0|false
288.10|(11080.60,2.90)|(1.00,-.01)|11079.599294066958|24.586499776486363|11079|0|0|(11090.60,.00)|(11178.95,.00)|(11098.64,.00)|-1.52|1.00|0.00|(11100.60,.00)|(1.00,.00)|11099.599294066958|24.586499776486363|0|null|3.293703135930509|0|null|false|0|false
288.15|(11082.56,2.74)|(1.00,-.03)|11081.558525189508|24.586499776486363|11081|0|0|(11092.56,.00)|(11180.90,.00)|(11100.60,.00)|-1.52|1.00|0.00|(11102.56,.00)|(1.00,.00)|11101.558525189508|24.586499776486363|0|null|3.2493513996387637|0|null|false|0|false
288.20|(11084.52,2.58)|(1.00,-.04)|11083.519250334244|24.586499776486363|11083|0|0|(11094.52,.00)|(11182.87,.00)|(11102.56,.00)|-1.04|1.00|0.00|(11104.52,.00)|(1.00,.00)|11103.519250334244|24.586499776486363|0|null|3.2035851895112613|0|null|false|0|false
288.25|(11086.48,2.38)|(1.00,-.06)|11085.47774981091|24.586499776486363|11085|0|0|(11096.48,.00)|(11184.82,.00)|(11104.52,.00)|-1.04|1.00|0.00|(11106.48,.00)|(1.00,.00)|11105.47774981091|24.586499776486363|0|null|3.1509563332270796|0|null|false|0|false
288.30|(11088.43,2.16)|(1.00,-.07)|11087.433687179686|24.586499776486363|11087|0|0|(11098.43,.00)|(11186.78,.00)|(11106.48,.00)|-1.04|1.00|0.00|(11108.43,.00)|(1.00,.00)|11107.433687179686|24.586499776486363|0|null|3.0914569840220416|0|null|false|0|false
288.35|(11090.39,1.95)|(1.00,-.08)|11089.39070088207|24.586499776486363|11089|0|0|(11100.39,.00)|(11188.74,.00)|(11108.43,.00)|-0.60|1.00|0.00|(11110.39,.00)|(1.00,.00)|11109.39070088207|24.586499776486363|0|null|3.0326893238536496|0|null|false|0|false
288.40|(11092.35,1.72)|(1.00,-.09)|11091.345991091657|24.586499776486363|11091|0|0|(11102.35,.00)|(11190.69,.00)|(11110.39,.00)|-0.60|1.00|0.00|(11112.35,.00)|(1.00,.00)|11111.345991091657|24.586499776486363|0|null|2.9696545331235313|0|null|false|0|false
288.45|(11094.30,1.47)|(1.00,-.10)|11093.299435794437|24.586499776486363|11093|0|0|(11104.30,.00)|(11192.65,.00)|(11112.35,.00)|-0.60|1.00|0.00|(11114.30,.00)|(1.00,.00)|11113.299435794437|24.586499776486363|0|null|2.9023745456080783|0|null|false|0|false
288.50|(11096.25,1.24)|(.99,-.10)|11095.254276109872|24.586499776486363|11095|0|0|(11106.25,.00)|(11194.60,.00)|(11114.30,.00)|-0.17|1.00|0.00|(11116.25,.00)|(1.00,.00)|11115.254276109872|24.586499776486363|0|null|2.838256637249666|0|null|false|0|false
288.55|(11098.21,1.00)|(.99,-.11)|11097.208450379607|24.586499776486363|11097|0|0|(11108.21,.00)|(11196.55,.00)|(11116.25,.00)|-0.17|1.00|0.00|(11118.21,.00)|(1.00,.00)|11117.208450379607|24.586499776486363|0|null|2.7724663953354893|0|null|false|0|false
288.60|(11100.16,.75)|(.99,-.11)|11099.16195182895|24.586499776486363|11099|0|0|(11110.16,.00)|(11198.51,.00)|(11118.21,.00)|-0.17|1.00|0.00|(11120.16,.00)|(1.00,.00)|11119.16195182895|24.586499776486363|0|null|2.705048218441255|0|null|false|0|false
288.65|(11102.11,.50)|(.99,-.11)|11101.1147751361|24.586499776486363|11101|0|0|(11112.11,.00)|(11200.46,.00)|(11120.16,.00)|-0.17|1.00|0.00|(11122.11,.00)|(1.00,.00)|11121.1147751361|24.586499776486363|0|null|2.636044789140052|0|null|false|0|false
288.70|(11104.07,.24)|(.99,-.12)|11103.066916307867|24.586499776486363|11103|0|0|(11114.07,.00)|(11202.41,.00)|(11122.11,.00)|-0.17|1.00|0.00|(11124.07,.00)|(1.00,.00)|11123.066916307867|24.586499776486363|0|null|2.5654972725549454|0|null|false|0|false
288.75|(11106.02,.01)|(.99,-.12)|11105.021574712218|24.586499776486363|11105|0|0|(11116.02,.00)|(11204.37,.00)|(11124.07,.00)|0.36|1.00|0.00|(11126.02,.00)|(1.00,.00)|11125.021574712218|24.586499776486363|0|null|2.502449191484621|0|null|false|0|false
288.80|(11107.98,-.22)|(.99,-.12)|11106.9770546119|24.586499776486363|11106|0|0|(11117.98,.00)|(11206.32,.00)|(11126.02,.00)|0.36|1.00|0.00|(11127.98,.00)|(1.00,.00)|11126.9770546119|24.586499776486363|0|null|2.4410139713299133|0|null|false|0|false
288.85|(11109.93,-.43)|(.99,-.12)|11108.93335180294|24.586499776486363|11108|0|0|(11119.93,.00)|(11208.28,.00)|(11127.98,.00)|0.36|1.00|0.00|(11129.93,.00)|(1.00,.00)|11128.93335180294|24.586499776486363|0|null|2.381258402429377|0|null|false|0|false
288.90|(11111.89,-.62)|(.99,-.11)|11110.891834081918|24.586499776486363|11110|0|0|(11121.89,.00)|(11210.24,.00)|(11129.93,.00)|0.81|1.00|0.00|(11131.89,.00)|(1.00,.00)|11130.891834081918|24.586499776486363|0|null|2.330997882957167|0|null|false|0|false
288.95|(11113.85,-.79)|(.99,-.10)|11112.85197737541|24.586499776486363|11112|0|0|(11123.85,.00)|(11212.20,.00)|(11131.89,.00)|0.81|1.00|0.00|(11133.85,.00)|(1.00,.00)|11132.85197737541|24.586499776486363|0|null|2.285190354959849|0|null|false|0|false
289.00|(11115.81,-.94)|(1.00,-.10)|11114.813648884512|24.586499776486363|11114|0|0|(11125.81,.00)|(11214.16,.00)|(11133.85,.00)|0.81|1.00|0.00|(11135.81,.00)|(1.00,.00)|11134.813648884512|24.586499776486363|0|null|2.2439188320897507|0|null|false|0|false
289.05|(11117.78,-1.06)|(1.00,-.09)|11116.776731907898|24.586499776486363|11116|0|0|(11127.78,.00)|(11216.12,.00)|(11135.81,.00)|0.98|1.00|0.00|(11137.78,.00)|(1.00,.00)|11136.776731907898|24.586499776486363|0|null|2.2102374434933236|0|null|false|0|false
289.10|(11119.74,-1.16)|(1.00,-.08)|11118.741200504763|24.586499776486363|11118|0|0|(11129.74,.00)|(11218.09,.00)|(11137.78,.00)|0.98|1.00|0.00|(11139.74,.00)|(1.00,.00)|11138.741200504763|24.586499776486363|0|null|2.182258326987599|0|null|false|0|false
289.15|(11121.71,-1.24)|(1.00,-.07)|11120.70682513432|24.586499776486363|11120|0|0|(11131.71,.00)|(11220.05,.00)|(11139.74,.00)|0.98|1.00|0.00|(11141.71,.00)|(1.00,.00)|11140.70682513432|24.586499776486363|0|null|2.1600557928171096|0|null|false|0|false
289.20|(11123.67,-1.30)|(1.00,-.06)|11122.673368749023|24.586499776486363|11122|0|0|(11133.67,.00)|(11222.02,.00)|(11141.71,.00)|0.98|1.00|0.00|(11143.67,.00)|(1.00,.00)|11142.673368749023|24.586499776486363|0|null|2.1436967788832066|0|null|false|0|false
289.25|(11125.64,-1.34)|(1.00,-.05)|11124.64053149242|24.586499776486363|11124|0|0|(11135.64,.00)|(11223.99,.00)|(11143.67,.00)|1.00|1.00|0.00|(11145.64,.00)|(1.00,.00)|11144.64053149242|24.586499776486363|0|null|2.133630234356883|0|null|false|0|false
289.30|(11127.61,-1.36)|(1.00,-.04)|11126.608112555015|24.586499776486363|11126|0|0|(11137.61,.00)|(11225.95,.00)|(11145.64,.00)|1.00|1.00|0.00|(11147.61,.00)|(1.00,.00)|11146.608112555015|24.586499776486363|0|null|2.1296534516789607|0|null|false|0|false
289.35|(11129.58,-1.35)|(1.00,-.03)|11128.575846231843|24.586499776486363|11128|0|0|(11139.58,.00)|(11227.92,.00)|(11147.61,.00)|1.00|1.00|0.00|(11149.58,.00)|(1.00,.00)|11148.575846231843|24.586499776486363|0|null|2.1318138850720123|0|null|false|0|false
289.40|(11131.54,-1.32)|(1.00,-.02)|11130.543896790341|24.586499776486363|11130|0|0|(11141.54,.00)|(11229.89,.00)|(11149.58,.00)|0.89|1.00|0.00|(11151.54,.00)|(1.00,.00)|11150.543896790341|24.586499776486363|0|null|2.1382491249517317|0|null|false|0|false
289.45|(11133.51,-1.28)|(1.00,-.01)|11132.511676545846|24.586499776486363|11132|0|0|(11143.51,.00)|(11231.86,.00)|(11151.54,.00)|0.89|1.00|0.00|(11153.51,.00)|(1.00,.00)|11152.511676545846|24.586499776486363|0|null|2.1502433046240874|0|null|false|0|false
289.50|(11135.48,-1.22)|(1.00,-.00)|11134.47896468882|24.586499776486363|11134|0|0|(11145.48,.00)|(11233.82,.00)|(11153.51,.00)|0.89|1.00|0.00|(11155.48,.00)|(1.00,.00)|11154.47896468882|24.586499776486363|0|null|2.1678189934459646|0|null|false|0|false
289.55|(11137.45,-1.13)|(1.00,.01)|11136.445539376633|24.586499776486363|11136|0|0|(11147.45,.00)|(11235.79,.00)|(11155.48,.00)|0.89|1.00|0.00|(11157.45,.00)|(1.00,.00)|11156.445539376633|24.586499776486363|0|null|2.1909936744752097|0|null|false|0|false
289.60|(11139.41,-1.04)|(1.00,.02)|11138.412550963556|24.586499776486363|11138|0|0|(11149.41,.00)|(11237.76,.00)|(11157.45,.00)|0.61|1.00|0.00|(11159.41,.00)|(1.00,.00)|11158.412550963556|24.586499776486363|0|null|2.214996532316835|0|null|false|0|false
289.65|(11141.38,-.94)|(1.00,.03)|11140.378894763517|24.586499776486363|11140|0|0|(11151.38,.00)|(11239.72,.00)|(11159.41,.00)|0.61|1.00|0.00|(11161.38,.00)|(1.00,.00)|11160.378894763517|24.586499776486363|0|null|2.242977117740795|0|null|false|0|false
289.70|(11143.34,-.82)|(1.00,.03)|11142.344461123153|24.586499776486363|11142|0|0|(11153.34,.00)|(11241.69,.00)|(11161.38,.00)|0.61|1.00|0.00|(11163.34,.00)|(1.00,.00)|11162.344461123153|24.586499776486363|0|null|2.274925822100772|0|null|false|0|false
289.75|(11145.31,-.69)|(1.00,.04)|11144.309142065606|24.586499776486363|11144|0|0|(11155.31,.00)|(11243.66,.00)|(11163.34,.00)|0.61|1.00|0.00|(11165.31,.00)|(1.00,.00)|11164.309142065606|24.586499776486363|0|null|2.3108309331383694|0|null|false|0|false
289.80|(11147.27,-.56)|(1.00,.05)|11146.274037269372|24.586499776486363|11146|0|0|(11157.27,.00)|(11245.62,.00)|(11165.31,.00)|0.37|1.00|0.00|(11167.27,.00)|(1.00,.00)|11166.274037269372|24.586499776486363|0|null|2.3465506469178186|0|null|false|0|false
289.85|(11149.24,-.42)|(1.00,.05)|11148.238328423673|24.586499776486363|11148|0|0|(11159.24,.00)|(11247.58,.00)|(11167.27,.00)|0.37|1.00|0.00|(11169.24,.00)|(1.00,.00)|11168.238328423673|24.586499776486363|0|null|2.384781776519712|0|null|false|0|false
289.90|(11151.20,-.27)|(1.00,.06)|11150.201977376291|24.586499776486363|11150|0|0|(11161.20,.00)|(11249.55,.00)|(11169.24,.00)|0.37|1.00|0.00|(11171.20,.00)|(1.00,.00)|11170.201977376291|24.586499776486363|0|null|2.4254956822263045|0|null|false|0|false
289.95|(11153.17,-.14)|(1.00,.06)|11152.166470684704|24.586499776486363|11152|0|0|(11163.17,.00)|(11251.51,.00)|(11171.20,.00)|0.00|1.00|0.00|(11173.17,.00)|(1.00,.00)|11172.166470684704|24.586499776486363|0|null|2.462250263424638|0|null|false|0|false
290.00|(11155.13,-.00)|(1.00,.06)|11154.130959057225|24.586499776486363|11154|0|0|(11165.13,.00)|(11253.48,.00)|(11173.17,.00)|0.00|1.00|0.00|(11175.13,.00)|(1.00,.00)|11174.130959057225|24.586499776486363|0|null|2.4992323739295417|0|null|false|0|false
290.05|(11157.10,.13)|(1.00,.06)|11156.095448933258|24.586499776486363|11156|0|0|(11167.10,.00)|(11255.44,.00)|(11175.13,.00)|0.00|1.00|0.00|(11177.10,.00)|(1.00,.00)|11176.095448933258|24.586499776486363|0|null|2.5363949769865863|0|null|false|0|false
290.10|(11159.06,.27)|(1.00,.07)|11158.059946675115|24.586499776486363|11158|0|0|(11169.06,.00)|(11257.41,.00)|(11177.10,.00)|0.00|1.00|0.00|(11179.06,.00)|(1.00,.00)|11178.059946675115|24.586499776486363|0|null|2.5736940473201186|0|null|false|0|false
290.15|(11161.03,.39)|(1.00,.06)|11160.025170052613|24.586499776486363|11160|0|0|(11171.03,.00)|(11259.37,.00)|(11179.06,.00)|-0.30|1.00|0.00|(11181.03,.00)|(1.00,.00)|11180.025170052613|24.586499776486363|0|null|2.6059305864589355|0|null|false|0|false
290.20|(11162.99,.50)|(1.00,.06)|11161.990834020093|24.586499776486363|11161|0|0|(11172.99,.00)|(11261.34,.00)|(11181.03,.00)|-0.30|1.00|0.00|(11182.99,.00)|(1.00,.00)|11181.990834020093|24.586499776486363|0|null|2.6364562242977883|0|null|false|0|false
290.25|(11164.96,.60)|(1.00,.06)|11163.956921634963|24.586499776486363|11163|0|0|(11174.96,.00)|(11263.30,.00)|(11182.99,.00)|-0.30|1.00|0.00|(11184.96,.00)|(1.00,.00)|11183.956921634963|24.586499776486363|0|null|2.6652193253558485|0|null|false|0|false
290.30|(11166.92,.70)|(1.00,.06)|11165.923413819664|24.586499776486363|11165|0|0|(11176.92,.00)|(11265.27,.00)|(11184.96,.00)|-0.30|1.00|0.00|(11186.92,.00)|(1.00,.00)|11185.923413819664|24.586499776486363|0|null|2.69217331487596|0|null|false|0|false
290.35|(11168.89,.78)|(1.00,.05)|11167.890376381161|24.586499776486363|11167|0|0|(11178.89,.00)|(11267.24,.00)|(11186.92,.00)|-0.48|1.00|0.00|(11188.89,.00)|(1.00,.00)|11187.890376381161|24.586499776486363|0|null|2.714028491081135|0|null|false|0|false
290.40|(11170.86,.85)|(1.00,.05)|11169.85783372955|24.586499776486363|11169|0|0|(11180.86,.00)|(11269.20,.00)|(11188.89,.00)|-0.48|1.00|0.00|(11190.86,.00)|(1.00,.00)|11189.85783372955|24.586499776486363|0|null|2.732882017644859|0|null|false|0|false
290.45|(11172.83,.91)|(1.00,.05)|11171.82572180805|24.586499776486363|11171|0|0|(11182.83,.00)|(11271.17,.00)|(11190.86,.00)|-0.48|1.00|0.00|(11192.83,.00)|(1.00,.00)|11191.82572180805|24.586499776486363|0|null|2.7486913911661732|0|null|false|0|false
290.50|(11174.79,.95)|(1.00,.04)|11173.793906456953|24.586499776486363|11173|0|0|(11184.79,.00)|(11273.14,.00)|(11192.83,.00)|-0.55|1.00|0.00|(11194.79,.00)|(1.00,.00)|11193.793906456953|24.586499776486363|0|null|2.760280147567868|0|null|false|0|false
290.55|(11176.76,.98)|(1.00,.03)|11175.762394461846|24.586499776486363|11175|0|0|(11186.76,.00)|(11275.11,.00)|(11194.79,.00)|-0.55|1.00|0.00|(11196.76,.00)|(1.00,.00)|11195.762394461846|24.586499776486363|0|null|2.768366423738696|0|null|false|0|false
290.60|(11178.73,1.00)|(1.00,.03)|11177.731097012464|24.586499776486363|11177|0|0|(11188.73,.00)|(11277.08,.00)|(11196.76,.00)|-0.55|1.00|0.00|(11198.73,.00)|(1.00,.00)|11197.731097012464|24.586499776486363|0|null|2.7729216814233015|0|null|false|0|false
290.65|(11180.70,1.00)|(1.00,.02)|11179.699967275665|24.586499776486363|11179|0|0|(11190.70,.00)|(11279.05,.00)|(11198.73,.00)|-0.53|1.00|0.00|(11200.70,.00)|(1.00,.00)|11199.699967275665|24.586499776486363|0|null|2.774286140770248|0|null|false|0|false
290.70|(11182.67,1.00)|(1.00,.02)|11181.668878442139|24.586499776486363|11181|0|0|(11192.67,.00)|(11281.01,.00)|(11200.70,.00)|-0.53|1.00|0.00|(11202.67,.00)|(1.00,.00)|11201.668878442139|24.586499776486363|0|null|2.772204752728966|0|null|false|0|false
290.75|(11184.64,.98)|(1.00,.01)|11183.637744902595|24.586499776486363|11183|0|0|(11194.64,.00)|(11282.98,.00)|(11202.67,.00)|-0.53|1.00|0.00|(11204.64,.00)|(1.00,.00)|11203.637744902595|24.586499776486363|0|null|2.766667263635912|0|null|false|0|false
290.80|(11186.61,.94)|(1.00,.00)|11185.606481041046|24.586499776486363|11185|0|0|(11196.61,.00)|(11284.95,.00)|(11204.64,.00)|-0.53|1.00|0.00|(11206.61,.00)|(1.00,.00)|11205.606481041046|24.586499776486363|0|null|2.757668423229147|0|null|false|0|false
290.85|(11188.58,.90)|(1.00,-.00)|11187.575001628818|24.586499776486363|11187|0|0|(11198.58,.00)|(11286.92,.00)|(11206.61,.00)|-0.53|1.00|0.00|(11208.58,.00)|(1.00,.00)|11207.575001628818|24.586499776486363|0|null|2.7452076647326953|0|null|false|0|false
290.90|(11190.54,.85)|(1.00,-.01)|11189.543592875802|24.586499776486363|11189|0|0|(11200.54,.00)|(11288.89,.00)|(11208.58,.00)|-0.41|1.00|0.00|(11210.54,.00)|(1.00,.00)|11209.543592875802|24.586499776486363|0|null|2.731282431064794|0|null|false|0|false
290.95|(11192.51,.79)|(1.00,-.01)|11191.511918809763|24.586499776486363|11191|0|0|(11202.51,.00)|(11290.86,.00)|(11210.54,.00)|-0.41|1.00|0.00|(11212.51,.00)|(1.00,.00)|11211.511918809763|24.586499776486363|0|null|2.7145914818219623|0|null|false|0|false
291.00|(11194.48,.71)|(1.00,-.02)|11193.479927450197|24.586499776486363|11193|0|0|(11204.48,.00)|(11292.83,.00)|(11212.51,.00)|-0.41|1.00|0.00|(11214.48,.00)|(1.00,.00)|11213.479927450197|24.586499776486363|0|null|2.695152153990727|0|null|false|0|false
291.05|(11196.45,.65)|(1.00,-.02)|11195.448171285221|24.586499776486363|11195|0|0|(11206.45,.00)|(11294.79,.00)|(11214.48,.00)|-0.22|1.00|0.00|(11216.45,.00)|(1.00,.00)|11215.448171285221|24.586499776486363|0|null|2.676374968052021|0|null|false|0|false
291.10|(11198.42,.57)|(1.00,-.03)|11197.41622225141|24.586499776486363|11197|0|0|(11208.42,.00)|(11296.76,.00)|(11216.45,.00)|-0.22|1.00|0.00|(11218.42,.00)|(1.00,.00)|11217.41622225141|24.586499776486363|0|null|2.656055190439455|0|null|false|0|false
291.15|(11200.38,.49)|(1.00,-.03)|11199.38406778313|24.586499776486363|11199|0|0|(11210.38,.00)|(11298.73,.00)|(11218.42,.00)|-0.22|1.00|0.00|(11220.38,.00)|(1.00,.00)|11219.38406778313|24.586499776486363|0|null|2.6342265768324866|0|null|false|0|false
291.20|(11202.35,.42)|(1.00,-.03)|11201.352072407226|24.586499776486363|11201|0|0|(11212.35,.00)|(11300.70,.00)|(11220.38,.00)|-0.07|1.00|0.00|(11222.35,.00)|(1.00,.00)|11221.352072407226|24.586499776486363|0|null|2.6135316581547716|0|null|false|0|false
291.25|(11204.32,.34)|(1.00,-.03)|11203.320010804196|24.586499776486363|11203|0|0|(11214.32,.00)|(11302.67,.00)|(11222.35,.00)|-0.07|1.00|0.00|(11224.32,.00)|(1.00,.00)|11223.320010804196|24.586499776486363|0|null|2.592290749052883|0|null|false|0|false
291.30|(11206.29,.26)|(1.00,-.03)|11205.28788580603|24.586499776486363|11205|0|0|(11216.29,.00)|(11304.63,.00)|(11224.32,.00)|-0.07|1.00|0.00|(11226.29,.00)|(1.00,.00)|11225.28788580603|24.586499776486363|0|null|2.5705448787948564|0|null|false|0|false
291.35|(11208.26,.19)|(1.00,-.03)|11207.255960125636|24.586499776486363|11207|0|0|(11218.26,.00)|(11306.60,.00)|(11226.29,.00)|0.08|1.00|0.00|(11228.26,.00)|(1.00,.00)|11227.255960125636|24.586499776486363|0|null|2.5508505228457317|0|null|false|0|false
291.40|(11210.22,.12)|(1.00,-.03)|11209.224108030872|24.586499776486363|11209|0|0|(11220.22,.00)|(11308.57,.00)|(11228.26,.00)|0.08|1.00|0.00|(11230.22,.00)|(1.00,.00)|11229.224108030872|24.586499776486363|0|null|2.5315916723333287|0|null|false|0|false
291.45|(11212.19,.05)|(1.00,-.03)|11211.192332307299|24.586499776486363|11211|0|0|(11222.19,.00)|(11310.54,.00)|(11230.22,.00)|0.08|1.00|0.00|(11232.19,.00)|(1.00,.00)|11231.192332307299|24.586499776486363|0|null|2.5128112235454725|0|null|false|0|false
291.50|(11214.16,-.02)|(1.00,-.03)|11213.160635080438|24.586499776486363|11213|0|0|(11224.16,.00)|(11312.51,.00)|(11232.19,.00)|0.08|1.00|0.00|(11234.16,.00)|(1.00,.00)|11233.160635080438|24.586499776486363|0|null|2.494548718420237|0|null|false|0|false
291.55|(11216.13,-.08)|(1.00,-.03)|11215.129123983352|24.586499776486363|11215|0|0|(11226.13,.00)|(11314.48,.00)|(11234.16,.00)|0.21|1.00|0.00|(11236.13,.00)|(1.00,.00)|11235.129123983352|24.586499776486363|0|null|2.4790597182450345|0|null|false|0|false
291.60|(11218.10,-.13)|(1.00,-.03)|11217.097769186961|24.586499776486363|11217|0|0|(11228.10,.00)|(11316.44,.00)|(11236.13,.00)|0.21|1.00|0.00|(11238.10,.00)|(1.00,.00)|11237.097769186961|24.586499776486363|0|null|2.4649192005509253|0|null|false|0|false
291.65|(11220.07,-.18)|(1.00,-.03)|11219.066559865683|24.586499776486363|11219|0|0|(11230.07,.00)|(11318.41,.00)|(11238.10,.00)|0.21|1.00|0.00|(11240.07,.00)|(1.00,.00)|11239.066559865683|24.586499776486363|0|null|2.45216320328501|0|null|false|0|false
291.70|(11222.04,-.22)|(1.00,-.03)|11221.035483986876|24.586499776486363|11221|0|0|(11232.04,.00)|(11320.38,.00)|(11240.07,.00)|0.21|1.00|0.00|(11242.04,.00)|(1.00,.00)|11241.035483986876|24.586499776486363|0|null|2.4408233278547877|0|null|false|0|false
291.75|(11224.00,-.25)|(1.00,-.03)|11223.00451335127|24.586499776486363|11223|0|0|(11234.00,.00)|(11322.35,.00)|(11242.04,.00)|0.28|1.00|0.00|(11244.00,.00)|(1.00,.00)|11243.00451335127|24.586499776486363|0|null|2.4320883178911883|0|null|false|0|false
291.80|(11225.97,-.27)|(1.00,-.02)|11224.973661832988|24.586499776486363|11224|0|0|(11235.97,.00)|(11324.32,.00)|(11244.00,.00)|0.28|1.00|0.00|(11245.97,.00)|(1.00,.00)|11244.973661832988|24.586499776486363|0|null|2.4252184322164942|0|null|false|0|false
291.85|(11227.94,-.29)|(1.00,-.02)|11226.942905055792|24.586499776486363|11226|0|0|(11237.94,.00)|(11326.29,.00)|(11245.97,.00)|0.28|1.00|0.00|(11247.94,.00)|(1.00,.00)|11246.942905055792|24.586499776486363|0|null|2.4202361948475914|0|null|false|0|false
291.90|(11229.91,-.30)|(1.00,-.02)|11228.912213846268|24.586499776486363|11228|0|0|(11239.91,.00)|(11328.26,.00)|(11247.94,.00)|0.28|1.00|0.00|(11249.91,.00)|(1.00,.00)|11248.912213846268|24.586499776486363|0|null|2.4172330190820333|0|null|false|0|false
291.95|(11231.88,-.31)|(1.00,-.01)|11230.881565814037|24.586499776486363|11230|0|0|(11241.88,.00)|(11330.23,.00)|(11249.91,.00)|0.28|1.00|0.00|(11251.88,.00)|(1.00,.00)|11250.881565814037|24.586499776486363|0|null|2.416174749518379|0|null|false|0|false
292.00|(11233.85,-.30)|(1.00,-.01)|11232.85093395115|24.586499776486363|11232|0|0|(11243.85,.00)|(11332.20,.00)|(11251.88,.00)|0.28|1.00|0.00|(11253.85,.00)|(1.00,.00)|11252.85093395115|24.586499776486363|0|null|2.417071686287941|0|null|false|0|false
292.05|(11235.82,-.29)|(1.00,-.01)|11234.820290982594|24.586499776486363|11234|0|0|(11245.82,.00)|(11334.17,.00)|(11253.85,.00)|0.28|1.00|0.00|(11255.82,.00)|(1.00,.00)|11254.820290982594|24.586499776486363|0|null|2.4199305065688996|0|null|false|0|false
292.10|(11237.79,-.28)|(1.00,-.00)|11236.789609539628|24.586499776486363|11236|0|0|(11247.79,.00)|(11336.14,.00)|(11255.82,.00)|0.28|1.00|0.00|(11257.79,.00)|(1.00,.00)|11256.789609539628|24.586499776486363|0|null|2.4247545944434417|0|null|false|0|false
292.15|(11239.76,-.25)|(1.00,.00)|11238.758862312812|24.586499776486363|11238|0|0|(11249.76,.00)|(11338.10,.00)|(11257.79,.00)|0.28|1.00|0.00|(11259.76,.00)|(1.00,.00)|11258.758862312812|24.586499776486363|0|null|2.4315443952259237|0|null|false|0|false
292.20|(11241.73,-.22)|(1.00,.00)|11240.728022182055|24.586499776486363|11240|0|0|(11251.73,.00)|(11340.07,.00)|(11259.76,.00)|0.28|1.00|0.00|(11261.73,.00)|(1.00,.00)|11260.728022182055|24.586499776486363|0|null|2.440297789589821|0|null|false|0|false
292.25|(11243.70,-.18)|(1.00,.01)|11242.697062321631|24.586499776486363|11242|0|0|(11253.70,.00)|(11342.04,.00)|(11261.73,.00)|0.28|1.00|0.00|(11263.70,.00)|(1.00,.00)|11262.697062321631|24.586499776486363|0|null|2.4510104822522405|0|null|false|0|false
292.30|(11245.67,-.13)|(1.00,.01)|11244.66595627895|24.586499776486363|11244|0|0|(11255.67,.00)|(11344.01,.00)|(11263.70,.00)|0.28|1.00|0.00|(11265.67,.00)|(1.00,.00)|11264.66595627895|24.586499776486363|0|null|2.4636763995170945|0|null|false|0|false
292.35|(11247.63,-.08)|(1.00,.02)|11246.634678026589|24.586499776486363|11246|0|0|(11257.63,.00)|(11345.98,.00)|(11265.67,.00)|0.28|1.00|0.00|(11267.63,.00)|(1.00,.00)|11266.634678026589|24.586499776486363|0|null|2.4782880896435024|0|null|false|0|false
292.40|(11249.60,-.03)|(1.00,.02)|11248.603701652772|24.586499776486363|11248|0|0|(11259.60,.00)|(11347.95,.00)|(11267.63,.00)|0.03|1.00|0.00|(11269.60,.00)|(1.00,.00)|11268.603701652772|24.586499776486363|0|null|2.4905358830186652|0|null|false|0|false
292.45|(11251.57,.01)|(1.00,.02)|11250.572691865811|24.586499776486363|11250|0|0|(11261.57,.00)|(11349.92,.00)|(11269.60,.00)|0.03|1.00|0.00|(11271.57,.00)|(1.00,.00)|11270.572691865811|24.586499776486363|0|null|2.503234872879734|0|null|false|0|false
292.50|(11253.54,.06)|(1.00,.02)|11252.541648778599|24.586499776486363|11252|0|0|(11263.54,.00)|(11351.89,.00)|(11271.57,.00)|0.03|1.00|0.00|(11273.54,.00)|(1.00,.00)|11272.541648778599|24.586499776486363|0|null|2.5163623096419774|0|null|false|0|false
292.55|(11255.51,.11)|(1.00,.02)|11254.510572641924|24.586499776486363|11254|0|0|(11265.51,.00)|(11353.86,.00)|(11273.54,.00)|0.03|1.00|0.00|(11275.51,.00)|(1.00,.00)|11274.510572641924|24.586499776486363|0|null|2.5298970620391197|0|null|false|0|false
292.60|(11257.48,.16)|(1.00,.02)|11256.479463780997|24.586499776486363|11256|0|0|(11267.48,.00)|(11355.83,.00)|(11275.51,.00)|0.03|1.00|0.00|(11277.48,.00)|(1.00,.00)|11276.479463780997|24.586499776486363|0|null|2.5438198300158352|0|null|false|0|false
292.65|(11259.45,.20)|(1.00,.02)|11258.448463327977|24.586499776486363|11258|0|0|(11269.45,.00)|(11357.79,.00)|(11277.48,.00)|-0.09|1.00|0.00|(11279.45,.00)|(1.00,.00)|11278.448463327977|24.586499776486363|0|null|2.555963998288802|0|null|false|0|false
292.70|(11261.42,.25)|(1.00,.02)|11260.41750103711|24.586499776486363|11260|0|0|(11271.42,.00)|(11359.76,.00)|(11279.45,.00)|-0.09|1.00|0.00|(11281.42,.00)|(1.00,.00)|11280.41750103711|24.586499776486363|0|null|2.567725721189099|0|null|false|0|false
292.75|(11263.39,.29)|(1.00,.02)|11262.386576913817|24.586499776486363|11262|0|0|(11273.39,.00)|(11361.73,.00)|(11281.42,.00)|-0.09|1.00|0.00|(11283.39,.00)|(1.00,.00)|11282.386576913817|24.586499776486363|0|null|2.5790853036305226|0|null|false|0|false
292.80|(11265.36,.32)|(1.00,.02)|11264.355729865383|24.586499776486363|11264|0|0|(11275.36,.00)|(11363.70,.00)|(11283.39,.00)|-0.19|1.00|0.00|(11285.36,.00)|(1.00,.00)|11284.355729865383|24.586499776486363|0|null|2.5883572579241907|0|null|false|0|false
292.85|(11267.32,.35)|(1.00,.02)|11266.324953478053|24.586499776486363|11266|0|0|(11277.32,.00)|(11365.67,.00)|(11285.36,.00)|-0.19|1.00|0.00|(11287.32,.00)|(1.00,.00)|11286.324953478053|24.586499776486363|0|null|2.5966238506393884|0|null|false|0|false
292.90|(11269.29,.38)|(1.00,.02)|11268.294240925745|24.586499776486363|11268|0|0|(11279.29,.00)|(11367.64,.00)|(11287.32,.00)|-0.19|1.00|0.00|(11289.29,.00)|(1.00,.00)|11288.294240925745|24.586499776486363|0|null|2.6038692137987147|0|null|false|0|false
292.95|(11271.26,.40)|(1.00,.02)|11270.263577985466|24.586499776486363|11270|0|0|(11281.26,.00)|(11369.61,.00)|(11289.29,.00)|-0.22|1.00|0.00|(11291.26,.00)|(1.00,.00)|11290.263577985466|24.586499776486363|0|null|2.60954210444189|0|null|false|0|false
293.00|(11273.23,.42)|(1.00,.01)|11272.23296774891|24.586499776486363|11272|0|0|(11283.23,.00)|(11371.58,.00)|(11291.26,.00)|-0.22|1.00|0.00|(11293.23,.00)|(1.00,.00)|11292.23296774891|24.586499776486363|0|null|2.61398725274392|0|null|false|0|false
293.05|(11275.20,.43)|(1.00,.01)|11274.202399392645|24.586499776486363|11274|0|0|(11285.20,.00)|(11373.55,.00)|(11293.23,.00)|-0.22|1.00|0.00|(11295.20,.00)|(1.00,.00)|11294.202399392645|24.586499776486363|0|null|2.6171969421264882|0|null|false|0|false
293.10|(11277.17,.44)|(1.00,.01)|11276.171861890167|24.586499776486363|11276|0|0|(11287.17,.00)|(11375.52,.00)|(11295.20,.00)|-0.22|1.00|0.00|(11297.17,.00)|(1.00,.00)|11296.171861890167|24.586499776486363|0|null|2.619166471857694|0|null|false|0|false
293.15|(11279.14,.44)|(1.00,.01)|11278.14134026423|24.586499776486363|11278|0|0|(11289.14,.00)|(11377.49,.00)|(11297.17,.00)|-0.23|1.00|0.00|(11299.14,.00)|(1.00,.00)|11298.14134026423|24.586499776486363|0|null|2.6198053890896764|0|null|false|0|false
293.20|(11281.11,.44)|(1.00,.01)|11280.110826598095|24.586499776486363|11280|0|0|(11291.11,.00)|(11379.46,.00)|(11299.14,.00)|-0.23|1.00|0.00|(11301.11,.00)|(1.00,.00)|11300.110826598095|24.586499776486363|0|null|2.6191721758195436|0|null|false|0|false
293.25|(11283.08,.43)|(1.00,.00)|11282.080309260075|24.586499776486363|11282|0|0|(11293.08,.00)|(11381.43,.00)|(11301.11,.00)|-0.23|1.00|0.00|(11303.08,.00)|(1.00,.00)|11302.080309260075|24.586499776486363|0|null|2.6172689836860656|0|null|false|0|false
293.30|(11285.05,.42)|(1.00,.00)|11284.049776734655|24.586499776486363|11284|0|0|(11295.05,.00)|(11383.40,.00)|(11303.08,.00)|-0.23|1.00|0.00|(11305.05,.00)|(1.00,.00)|11304.049776734655|24.586499776486363|0|null|2.614099659846469|0|null|false|0|false
293.35|(11287.02,.40)|(1.00,-.00)|11286.019217670195|24.586499776486363|11286|0|0|(11297.02,.00)|(11385.37,.00)|(11305.05,.00)|-0.23|1.00|0.00|(11307.02,.00)|(1.00,.00)|11306.019217670195|24.586499776486363|0|null|2.6096693636334605|0|null|false|0|false
293.40|(11288.99,.38)|(1.00,-.00)|11287.988620910062|24.586499776486363|11287|0|0|(11298.99,.00)|(11387.33,.00)|(11307.02,.00)|-0.23|1.00|0.00|(11308.99,.00)|(1.00,.00)|11307.988620910062|24.586499776486363|0|null|2.603984177562829|0|null|false|0|false
293.45|(11290.96,.36)|(1.00,-.01)|11289.957975507046|24.586499776486363|11289|0|0|(11300.96,.00)|(11389.30,.00)|(11308.99,.00)|-0.23|1.00|0.00|(11310.96,.00)|(1.00,.00)|11309.957975507046|24.586499776486363|0|null|2.597050719030325|0|null|false|0|false
293.50|(11292.93,.33)|(1.00,-.01)|11291.927270721306|24.586499776486363|11291|0|0|(11302.93,.00)|(11391.27,.00)|(11310.96,.00)|-0.23|1.00|0.00|(11312.93,.00)|(1.00,.00)|11311.927270721306|24.586499776486363|0|null|2.5888757591310796|0|null|false|0|false
293.55|(11294.90,.29)|(1.00,-.01)|11293.896496002648|24.586499776486363|11293|0|0|(11304.90,.00)|(11393.24,.00)|(11312.93,.00)|-0.23|1.00|0.00|(11314.90,.00)|(1.00,.00)|11313.896496002648|24.586499776486363|0|null|2.57946585499172|0|null|false|0|false
293.60|(11296.87,.26)|(1.00,-.01)|11295.865836722907|24.586499776486363|11295|0|0|(11306.87,.00)|(11395.21,.00)|(11314.90,.00)|-0.08|1.00|0.00|(11316.87,.00)|(1.00,.00)|11315.865836722907|24.586499776486363|0|null|2.571363975841274|0|null|false|0|false
293.65|(11298.84,.23)|(1.00,-.01)|11297.835159431499|24.586499776486363|11297|0|0|(11308.84,.00)|(11397.18,.00)|(11316.87,.00)|-0.08|1.00|0.00|(11318.84,.00)|(1.00,.00)|11317.835159431499|24.586499776486363|0|null|2.5629095696984106|0|null|false|0|false
293.70|(11300.80,.20)|(1.00,-.01)|11299.804463800661|24.586499776486363|11299|0|0|(11310.80,.00)|(11399.15,.00)|(11318.84,.00)|-0.08|1.00|0.00|(11320.80,.00)|(1.00,.00)|11319.804463800661|24.586499776486363|0|null|2.554114606840348|0|null|false|0|false
293.75|(11302.77,.16)|(1.00,-.01)|11301.773749481783|24.586499776486363|11301|0|0|(11312.77,.00)|(11401.12,.00)|(11320.80,.00)|-0.08|1.00|0.00|(11322.77,.00)|(1.00,.00)|11321.773749481783|24.586499776486363|0|null|2.544988754103608|0|null|false|0|false
293.80|(11304.74,.13)|(1.00,-.01)|11303.743016064194|24.586499776486363|11303|0|0|(11314.74,.00)|(11403.09,.00)|(11322.77,.00)|-0.08|1.00|0.00|(11324.74,.00)|(1.00,.00)|11323.743016064194|24.586499776486363|0|null|2.5355392234274117|0|null|false|0|false
293.85|(11306.71,.09)|(1.00,-.02)|11305.712263037181|24.586499776486363|11305|0|0|(11316.71,.00)|(11405.06,.00)|(11324.74,.00)|-0.08|1.00|0.00|(11326.71,.00)|(1.00,.00)|11325.712263037181|24.586499776486363|0|null|2.5257706613423814|0|null|false|0|false
293.90|(11308.68,.06)|(1.00,-.02)|11307.681489755592|24.586499776486363|11307|0|0|(11318.68,.00)|(11407.03,.00)|(11326.71,.00)|-0.08|1.00|0.00|(11328.68,.00)|(1.00,.00)|11327.681489755592|24.586499776486363|0|null|2.515685081868669|0|null|false|0|false
293.95|(11310.65,.02)|(1.00,-.02)|11309.650695409315|24.586499776486363|11309|0|0|(11320.65,.00)|(11409.00,.00)|(11328.68,.00)|-0.08|1.00|0.00|(11330.65,.00)|(1.00,.00)|11329.650695409315|24.586499776486363|0|null|2.5052818444296183|0|null|false|0|false
294.00|(11312.62,-.02)|(1.00,-.02)|11311.619878996855|24.586499776486363|11311|0|0|(11322.62,.00)|(11410.97,.00)|(11330.65,.00)|-0.08|1.00|0.00|(11332.62,.00)|(1.00,.00)|11331.619878996855|24.586499776486363|0|null|2.4945576774830878|0|null|false|0|false
294.05|(11314.59,-.06)|(1.00,-.02)|11313.589039303173|24.586499776486363|11313|0|0|(11324.59,.00)|(11412.94,.00)|(11332.62,.00)|-0.08|1.00|0.00|(11334.59,.00)|(1.00,.00)|11333.589039303173|24.586499776486363|0|null|2.4835067476431174|0|null|false|0|false
294.10|(11316.56,-.10)|(1.00,-.02)|11315.558174881897|24.586499776486363|11315|0|0|(11326.56,.00)|(11414.90,.00)|(11334.59,.00)|-0.08|1.00|0.00|(11336.56,.00)|(1.00,.00)|11335.558174881897|24.586499776486363|0|null|2.472120773130826|0|null|false|0|false
294.15|(11318.53,-.14)|(1.00,-.02)|11317.527284042026|24.586499776486363|11317|0|0|(11328.53,.00)|(11416.87,.00)|(11336.56,.00)|-0.08|1.00|0.00|(11338.53,.00)|(1.00,.00)|11337.527284042026|24.586499776486363|0|null|2.4603891794763673|0|null|false|0|false
294.20|(11320.50,-.19)|(1.00,-.02)|11319.496364839197|24.586499776486363|11319|0|0|(11330.50,.00)|(11418.84,.00)|(11338.53,.00)|-0.08|1.00|0.00|(11340.50,.00)|(1.00,.00)|11339.496364839197|24.586499776486363|0|null|2.4482992945141984|0|null|false|0|false
294.25|(11322.47,-.23)|(1.00,-.02)|11321.46541507159|24.586499776486363|11321|0|0|(11332.47,.00)|(11420.81,.00)|(11340.50,.00)|-0.08|1.00|0.00|(11342.47,.00)|(1.00,.00)|11341.46541507159|24.586499776486363|0|null|2.4358365788916814|0|null|false|0|false
294.30|(11324.43,-.28)|(1.00,-.02)|11323.434432280566|24.586499776486363|11323|0|0|(11334.43,.00)|(11422.78,.00)|(11342.47,.00)|-0.08|1.00|0.00|(11344.43,.00)|(1.00,.00)|11343.434432280566|24.586499776486363|0|null|2.4229848875647235|0|null|false|0|false
294.35|(11326.40,-.33)|(1.00,-.02)|11325.403413756074|24.586499776486363|11325|0|0|(11336.40,.00)|(11424.75,.00)|(11344.43,.00)|-0.08|1.00|0.00|(11346.40,.00)|(1.00,.00)|11345.403413756074|24.586499776486363|0|null|2.409726757100717|0|null|false|0|false
294.40|(11328.37,-.38)|(1.00,-.02)|11327.372356546904|24.586499776486363|11327|0|0|(11338.37,.00)|(11426.72,.00)|(11346.40,.00)|-0.08|1.00|0.00|(11348.37,.00)|(1.00,.00)|11347.372356546904|24.586499776486363|0|null|2.39604371306321|0|null|false|0|false
294.45|(11330.34,-.43)|(1.00,-.02)|11329.341257475784|24.586499776486363|11329|0|0|(11340.34,.00)|(11428.69,.00)|(11348.37,.00)|-0.08|1.00|0.00|(11350.34,.00)|(1.00,.00)|11349.341257475784|24.586499776486363|0|null|2.3819165913271148|0|null|false|0|false
294.50|(11332.31,-.47)|(1.00,-.02)|11331.310383306356|24.586499776486363|11331|0|0|(11342.31,.00)|(11430.66,.00)|(11350.34,.00)|0.20|1.00|0.00|(11352.31,.00)|(1.00,.00)|11351.310383306356|24.586499776486363|0|null|2.372191024231367|0|null|false|0|false
294.55|(11334.28,-.50)|(1.00,-.02)|11333.279595447935|24.586499776486363|11333|0|0|(11344.28,.00)|(11432.63,.00)|(11352.31,.00)|0.20|1.00|0.00|(11354.28,.00)|(1.00,.00)|11353.279595447935|24.586499776486363|0|null|2.3636530403709193|0|null|false|0|false
294.60|(11336.25,-.53)|(1.00,-.02)|11335.248882971697|24.586499776486363|11335|0|0|(11346.25,.00)|(11434.59,.00)|(11354.28,.00)|0.20|1.00|0.00|(11356.25,.00)|(1.00,.00)|11355.248882971697|24.586499776486363|0|null|2.3562989370578893|0|null|false|0|false
294.65|(11338.22,-.55)|(1.00,-.02)|11337.218235036773|24.586499776486363|11337|0|0|(11348.22,.00)|(11436.56,.00)|(11356.25,.00)|0.20|1.00|0.00|(11358.22,.00)|(1.00,.00)|11357.218235036773|24.586499776486363|0|null|2.3501239440092263|0|null|false|0|false
294.70|(11340.19,-.56)|(1.00,-.01)|11339.187573851465|24.586499776486363|11339|0|0|(11350.19,.00)|(11438.53,.00)|(11358.22,.00)|0.32|1.00|0.00|(11360.19,.00)|(1.00,.00)|11359.187573851465|24.586499776486363|0|null|2.347228693786999|0|null|false|0|false
294.75|(11342.16,-.56)|(1.00,-.01)|11341.156953901149|24.586499776486363|11341|0|0|(11352.16,.00)|(11440.50,.00)|(11360.19,.00)|0.32|1.00|0.00|(11362.16,.00)|(1.00,.00)|11361.156953901149|24.586499776486363|0|null|2.3462247329637544|0|null|false|0|false
294.80|(11344.13,-.56)|(1.00,-.01)|11343.126349194321|24.586499776486363|11343|0|0|(11354.13,.00)|(11442.47,.00)|(11362.16,.00)|0.32|1.00|0.00|(11364.13,.00)|(1.00,.00)|11363.126349194321|24.586499776486363|0|null|2.3471131940497614|0|null|false|0|false
294.85|(11346.10,-.55)|(1.00,-.01)|11345.09574952505|24.586499776486363|11345|0|0|(11356.10,.00)|(11444.44,.00)|(11364.13,.00)|0.31|1.00|0.00|(11366.10,.00)|(1.00,.00)|11365.09574952505|24.586499776486363|0|null|2.349695749806214|0|null|false|0|false
294.90|(11348.07,-.53)|(1.00,-.00)|11347.065117281329|24.586499776486363|11347|0|0|(11358.07,.00)|(11446.41,.00)|(11366.10,.00)|0.31|1.00|0.00|(11368.07,.00)|(1.00,.00)|11367.065117281329|24.586499776486363|0|null|2.3541039065522216|0|null|false|0|false
294.95|(11350.03,-.51)|(1.00,.00)|11349.034428511366|24.586499776486363|11349|0|0|(11360.03,.00)|(11448.38,.00)|(11368.07,.00)|0.31|1.00|0.00|(11370.03,.00)|(1.00,.00)|11369.034428511366|24.586499776486363|0|null|2.3603380653323307|0|null|false|0|false
295.00|(11352.00,-.48)|(1.00,.00)|11351.003659327554|24.586499776486363|11351|0|0|(11362.00,.00)|(11450.35,.00)|(11370.03,.00)|0.31|1.00|0.00|(11372.00,.00)|(1.00,.00)|11371.003659327554|24.586499776486363|0|null|2.368399175733893|0|null|false|0|false
295.05|(11353.97,-.45)|(1.00,.01)|11352.972785866803|24.586499776486363|11352|0|0|(11363.97,.00)|(11452.32,.00)|(11372.00,.00)|0.31|1.00|0.00|(11373.97,.00)|(1.00,.00)|11372.972785866803|24.586499776486363|0|null|2.3782889000232292|0|null|false|0|false
295.10|(11355.94,-.40)|(1.00,.01)|11354.941784242807|24.586499776486363|11354|0|0|(11365.94,.00)|(11454.29,.00)|(11373.97,.00)|0.31|1.00|0.00|(11375.94,.00)|(1.00,.00)|11374.941784242807|24.586499776486363|0|null|2.3900097243483245|0|null|false|0|false
295.15|(11357.91,-.35)|(1.00,.01)|11356.910630494369|24.586499776486363|11356|0|0|(11367.91,.00)|(11456.26,.00)|(11375.94,.00)|0.31|1.00|0.00|(11377.91,.00)|(1.00,.00)|11376.910630494369|24.586499776486363|0|null|2.403565017730048|0|null|false|0|false
295.20|(11359.88,-.30)|(1.00,.02)|11358.879300533763|24.586499776486363|11358|0|0|(11369.88,.00)|(11458.23,.00)|(11377.91,.00)|0.31|1.00|0.00|(11379.88,.00)|(1.00,.00)|11378.879300533763|24.586499776486363|0|null|2.4189590405806523|0|null|false|0|false
295.25|(11361.85,-.23)|(1.00,.02)|11360.847770098897|24.586499776486363|11360|0|0|(11371.85,.00)|(11460.19,.00)|(11379.88,.00)|0.31|1.00|0.00|(11381.85,.00)|(1.00,.00)|11380.847770098897|24.586499776486363|0|null|2.436196905461084|0|null|false|0|false
295.30|(11363.82,-.16)|(1.00,.02)|11362.816014712766|24.586499776486363|11362|0|0|(11373.82,.00)|(11462.16,.00)|(11381.85,.00)|0.31|1.00|0.00|(11383.82,.00)|(1.00,.00)|11382.816014712766|24.586499776486363|0|null|2.455284493698092|0|null|false|0|false
295.35|(11365.78,-.09)|(1.00,.03)|11364.784009653184|24.586499776486363|11364|0|0|(11375.78,.00)|(11464.13,.00)|(11383.82,.00)|0.31|1.00|0.00|(11385.78,.00)|(1.00,.00)|11384.784009653184|24.586499776486363|0|null|2.4762283323098813|0|null|false|0|false
295.40|(11367.75,-.00)|(1.00,.03)|11366.75172993536|24.586499776486363|11366|0|0|(11377.75,.00)|(11466.10,.00)|(11385.78,.00)|0.31|1.00|0.00|(11387.75,.00)|(1.00,.00)|11386.75172993536|24.586499776486363|0|null|2.4990354364185134|0|null|false|0|false
295.45|(11369.72,.09)|(1.00,.04)|11368.719150309269|24.586499776486363|11368|0|0|(11379.72,.00)|(11468.07,.00)|(11387.75,.00)|0.31|1.00|0.00|(11389.72,.00)|(1.00,.00)|11388.719150309269|24.586499776486363|0|null|2.523713122943523|0|null|false|0|false
295.50|(11371.69,.18)|(1.00,.04)|11370.68624527314|24.586499776486363|11370|0|0|(11381.69,.00)|(11470.03,.00)|(11389.72,.00)|0.31|1.00|0.00|(11391.69,.00)|(1.00,.00)|11390.68624527314|24.586499776486363|0|null|2.5502688018619017|0|null|false|0|false
295.55|(11373.65,.29)|(1.00,.04)|11372.652989103803|24.586499776486363|11372|0|0|(11383.65,.00)|(11472.00,.00)|(11391.69,.00)|0.31|1.00|0.00|(11393.65,.00)|(1.00,.00)|11392.652989103803|24.586499776486363|0|null|2.578709751674671|0|null|false|0|false
295.60|(11375.62,.40)|(1.00,.05)|11374.61935590386|24.586499776486363|11374|0|0|(11385.62,.00)|(11473.97,.00)|(11393.65,.00)|0.31|1.00|0.00|(11395.62,.00)|(1.00,.00)|11394.61935590386|24.586499776486363|0|null|2.6090428859325963|0|null|false|0|false
295.65|(11377.59,.52)|(1.00,.05)|11376.585319665059|24.586499776486363|11376|0|0|(11387.59,.00)|(11475.93,.00)|(11395.62,.00)|0.31|1.00|0.00|(11397.59,.00)|(1.00,.00)|11396.585319665059|24.586499776486363|0|null|2.6412745177391495|0|null|false|0|false
295.70|(11379.55,.64)|(1.00,.05)|11378.550854346537|24.586499776486363|11378|0|0|(11389.55,.00)|(11477.90,.00)|(11397.59,.00)|0.31|1.00|0.00|(11399.55,.00)|(1.00,.00)|11398.550854346537|24.586499776486363|0|null|2.6754101290664116|0|null|false|0|false
295.75|(11381.52,.74)|(1.00,.05)|11380.517688835478|24.586499776486363|11380|0|0|(11391.52,.00)|(11479.86,.00)|(11399.55,.00)|-0.25|1.00|0.00|(11401.52,.00)|(1.00,.00)|11400.517688835478|24.586499776486363|0|null|2.701797719328707|0|null|false|0|false
295.80|(11383.48,.83)|(1.00,.05)|11382.484801969887|24.586499776486363|11382|0|0|(11393.48,.00)|(11481.83,.00)|(11401.52,.00)|-0.25|1.00|0.00|(11403.48,.00)|(1.00,.00)|11402.484801969887|24.586499776486363|0|null|2.726782794295447|0|null|false|0|false
295.85|(11385.45,.92)|(1.00,.05)|11384.452181758734|24.586499776486363|11384|0|0|(11395.45,.00)|(11483.80,.00)|(11403.48,.00)|-0.25|1.00|0.00|(11405.45,.00)|(1.00,.00)|11404.452181758734|24.586499776486363|0|null|2.7503365076045396|0|null|false|0|false
295.90|(11387.42,1.00)|(1.00,.05)|11386.419815319054|24.586499776486363|11386|0|0|(11397.42,.00)|(11485.77,.00)|(11405.45,.00)|-0.25|1.00|0.00|(11407.42,.00)|(1.00,.00)|11406.419815319054|24.586499776486363|0|null|2.772431765232455|0|null|false|0|false
295.95|(11389.39,1.05)|(1.00,.04)|11388.387715332905|24.586499776486363|11388|0|0|(11399.39,.00)|(11487.73,.00)|(11407.42,.00)|-0.61|1.00|0.00|(11409.39,.00)|(1.00,.00)|11408.387715332905|24.586499776486363|0|null|2.7868251757308733|0|null|false|0|false
296.00|(11391.36,1.09)|(1.00,.04)|11390.355991544522|24.586499776486363|11390|0|0|(11401.36,.00)|(11489.70,.00)|(11409.39,.00)|-0.61|1.00|0.00|(11411.36,.00)|(1.00,.00)|11410.355991544522|24.586499776486363|0|null|2.7975757136716317|0|null|false|0|false
296.05|(11393.32,1.11)|(1.00,.03)|11392.324549460967|24.586499776486363|11392|0|0|(11403.32,.00)|(11491.67,.00)|(11411.36,.00)|-0.61|1.00|0.00|(11413.32,.00)|(1.00,.00)|11412.324549460967|24.586499776486363|0|null|2.804639151488421|0|null|false|0|false
296.10|(11395.29,1.13)|(1.00,.02)|11394.293242415335|24.586499776486363|11394|0|0|(11405.29,.00)|(11493.64,.00)|(11413.32,.00)|-0.63|1.00|0.00|(11415.29,.00)|(1.00,.00)|11414.293242415335|24.586499776486363|0|null|2.807556918208679|0|null|false|0|false
296.15|(11397.26,1.12)|(1.00,.02)|11396.262011116602|24.586499776486363|11396|0|0|(11407.26,.00)|(11495.61,.00)|(11415.29,.00)|-0.63|1.00|0.00|(11417.26,.00)|(1.00,.00)|11416.262011116602|24.586499776486363|0|null|2.8065642824417916|0|null|false|0|false
296.20|(11399.23,1.10)|(1.00,.01)|11398.230745104926|24.586499776486363|11398|0|0|(11409.23,.00)|(11497.58,.00)|(11417.26,.00)|-0.63|1.00|0.00|(11419.23,.00)|(1.00,.00)|11418.230745104926|24.586499776486363|0|null|2.8016235464682393|0|null|false|0|false
296.25|(11401.20,1.07)|(1.00,.00)|11400.199331475218|24.586499776486363|11400|0|0|(11411.20,.00)|(11499.55,.00)|(11419.23,.00)|-0.63|1.00|0.00|(11421.20,.00)|(1.00,.00)|11420.199331475218|24.586499776486363|0|null|2.7926993248626513|0|null|false|0|false
296.30|(11403.17,1.03)|(1.00,-.00)|11402.168023355702|24.586499776486363|11402|0|0|(11413.17,.00)|(11501.51,.00)|(11421.20,.00)|-0.52|1.00|0.00|(11423.17,.00)|(1.00,.00)|11422.168023355702|24.586499776486363|0|null|2.7816829813176223|0|null|false|0|false
296.35|(11405.14,.98)|(1.00,-.01)|11404.136445423552|24.586499776486363|11404|0|0|(11415.14,.00)|(11503.48,.00)|(11423.17,.00)|-0.52|1.00|0.00|(11425.14,.00)|(1.00,.00)|11424.136445423552|24.586499776486363|0|null|2.767279701801771|0|null|false|0|false
296.40|(11407.10,.91)|(1.00,-.01)|11406.104514127514|24.586499776486363|11406|0|0|(11417.10,.00)|(11505.45,.00)|(11425.14,.00)|-0.52|1.00|0.00|(11427.10,.00)|(1.00,.00)|11426.104514127514|24.586499776486363|0|null|2.74946610982337|0|null|false|0|false
296.45|(11409.07,.84)|(1.00,-.02)|11408.07214474179|24.586499776486363|11408|0|0|(11419.07,.00)|(11507.42,.00)|(11427.10,.00)|-0.52|1.00|0.00|(11429.07,.00)|(1.00,.00)|11428.07214474179|24.586499776486363|0|null|2.72822006208185|0|null|false|0|false
296.50|(11411.04,.75)|(1.00,-.02)|11410.039813013662|24.586499776486363|11410|0|0|(11421.04,.00)|(11509.39,.00)|(11429.07,.00)|-0.38|1.00|0.00|(11431.04,.00)|(1.00,.00)|11430.039813013662|24.586499776486363|0|null|2.705992711297246|0|null|false|0|false
296.55|(11413.01,.66)|(1.00,-.03)|11412.007071138514|24.586499776486363|11412|0|0|(11423.01,.00)|(11511.35,.00)|(11431.04,.00)|-0.38|1.00|0.00|(11433.01,.00)|(1.00,.00)|11432.007071138514|24.586499776486363|0|null|2.681141414689798|0|null|false|0|false
296.60|(11414.97,.56)|(1.00,-.03)|11413.973869000878|24.586499776486363|11413|0|0|(11424.97,.00)|(11513.32,.00)|(11433.01,.00)|-0.38|1.00|0.00|(11434.97,.00)|(1.00,.00)|11433.973869000878|24.586499776486363|0|null|2.653655626912869|0|null|false|0|false
296.65|(11416.94,.47)|(1.00,-.04)|11415.941058106037|24.586499776486363|11415|0|0|(11426.94,.00)|(11515.29,.00)|(11434.97,.00)|-0.13|1.00|0.00|(11436.94,.00)|(1.00,.00)|11435.941058106037|24.586499776486363|0|null|2.6278211139890986|0|null|false|0|false
296.70|(11418.91,.37)|(1.00,-.04)|11417.908047482852|24.586499776486363|11417|0|0|(11428.91,.00)|(11517.25,.00)|(11436.94,.00)|-0.13|1.00|0.00|(11438.91,.00)|(1.00,.00)|11437.908047482852|24.586499776486363|0|null|2.6008079976458336|0|null|false|0|false
296.75|(11420.87,.27)|(1.00,-.04)|11419.874827420723|24.586499776486363|11419|0|0|(11430.87,.00)|(11519.22,.00)|(11438.91,.00)|-0.13|1.00|0.00|(11440.87,.00)|(1.00,.00)|11439.874827420723|24.586499776486363|0|null|2.57262173971762|0|null|false|0|false
296.80|(11422.84,.17)|(1.00,-.04)|11421.841890317082|24.586499776486363|11421|0|0|(11432.84,.00)|(11521.19,.00)|(11440.87,.00)|0.05|1.00|0.00|(11442.84,.00)|(1.00,.00)|11441.841890317082|24.586499776486363|0|null|2.5463396443102866|0|null|false|0|false
296.85|(11424.81,.07)|(1.00,-.05)|11423.808953533739|24.586499776486363|11423|0|0|(11434.81,.00)|(11523.15,.00)|(11442.84,.00)|0.05|1.00|0.00|(11444.81,.00)|(1.00,.00)|11443.808953533739|24.586499776486363|0|null|2.5199496161385215|0|null|false|0|false
296.90|(11426.78,-.02)|(1.00,-.05)|11425.776017797218|24.586499776486363|11425|0|0|(11436.78,.00)|(11525.12,.00)|(11444.81,.00)|0.05|1.00|0.00|(11446.78,.00)|(1.00,.00)|11445.776017797218|24.586499776486363|0|null|2.493467399944822|0|null|false|0|false
296.95|(11428.74,-.11)|(1.00,-.05)|11427.743387164759|24.586499776486363|11427|0|0|(11438.74,.00)|(11527.09,.00)|(11446.78,.00)|0.20|1.00|0.00|(11448.74,.00)|(1.00,.00)|11447.743387164759|24.586499776486363|0|null|2.469542516575058|0|null|false|0|false
297.00|(11430.71,-.20)|(1.00,-.05)|11429.710918177063|24.586499776486363|11429|0|0|(11440.71,.00)|(11529.06,.00)|(11448.74,.00)|0.20|1.00|0.00|(11450.71,.00)|(1.00,.00)|11449.710918177063|24.586499776486363|0|null|2.4464603578124007|0|null|false|0|false
297.05|(11432.68,-.28)|(1.00,-.04)|11431.67860676604|24.586499776486363|11431|0|0|(11442.68,.00)|(11531.02,.00)|(11450.71,.00)|0.20|1.00|0.00|(11452.68,.00)|(1.00,.00)|11451.67860676604|24.586499776486363|0|null|2.4242451311081687|0|null|false|0|false
297.10|(11434.65,-.36)|(1.00,-.04)|11433.64644859713|24.586499776486363|11433|0|0|(11444.65,.00)|(11532.99,.00)|(11452.68,.00)|0.20|1.00|0.00|(11454.65,.00)|(1.00,.00)|11453.64644859713|24.586499776486363|0|null|2.402920616518552|0|null|false|0|false
297.15|(11436.61,-.43)|(1.00,-.04)|11435.61443909356|24.586499776486363|11435|0|0|(11446.61,.00)|(11534.96,.00)|(11454.65,.00)|0.20|1.00|0.00|(11456.61,.00)|(1.00,.00)|11455.61443909356|24.586499776486363|0|null|2.3825103992686296|0|null|false|0|false
297.20|(11438.58,-.49)|(1.00,-.04)|11437.582695651456|24.586499776486363|11437|0|0|(11448.58,.00)|(11536.93,.00)|(11456.61,.00)|0.35|1.00|0.00|(11458.58,.00)|(1.00,.00)|11457.582695651456|24.586499776486363|0|null|2.3655464210286694|0|null|false|0|false
297.25|(11440.55,-.55)|(1.00,-.04)|11439.551178362559|24.586499776486363|11439|0|0|(11450.55,.00)|(11538.90,.00)|(11458.58,.00)|0.35|1.00|0.00|(11460.55,.00)|(1.00,.00)|11459.551178362559|24.586499776486363|0|null|2.35040510991425|0|null|false|0|false
297.30|(11442.52,-.60)|(1.00,-.03)|11441.519864398375|24.586499776486363|11441|0|0|(11452.52,.00)|(11540.87,.00)|(11460.55,.00)|0.35|1.00|0.00|(11462.52,.00)|(1.00,.00)|11461.519864398375|24.586499776486363|0|null|2.337118503299924|0|null|false|0|false
297.35|(11444.49,-.63)|(1.00,-.03)|11443.488705118121|24.586499776486363|11443|0|0|(11454.49,.00)|(11542.83,.00)|(11462.52,.00)|0.43|1.00|0.00|(11464.49,.00)|(1.00,.00)|11463.488705118121|24.586499776486363|0|null|2.327210516209398|0|null|false|0|false
297.40|(11446.46,-.66)|(1.00,-.03)|11445.457715592853|24.586499776486363|11445|0|0|(11456.46,.00)|(11544.80,.00)|(11464.49,.00)|0.43|1.00|0.00|(11466.46,.00)|(1.00,.00)|11465.457715592853|24.586499776486363|0|null|2.319731842238429|0|null|false|0|false
297.45|(11448.43,-.68)|(1.00,-.02)|11447.426853877681|24.586499776486363|11447|0|0|(11458.43,.00)|(11546.77,.00)|(11466.46,.00)|0.43|1.00|0.00|(11468.43,.00)|(1.00,.00)|11467.426853877681|24.586499776486363|0|null|2.3147174356056506|0|null|false|0|false
297.50|(11450.40,-.69)|(1.00,-.02)|11449.396080129485|24.586499776486363|11449|0|0|(11460.40,.00)|(11548.74,.00)|(11468.43,.00)|0.43|1.00|0.00|(11470.40,.00)|(1.00,.00)|11469.396080129485|24.586499776486363|0|null|2.3121499242414982|0|null|false|0|false
297.55|(11452.37,-.69)|(1.00,-.01)|11451.365346641707|24.586499776486363|11451|0|0|(11462.37,.00)|(11550.71,.00)|(11470.40,.00)|0.43|1.00|0.00|(11472.37,.00)|(1.00,.00)|11471.365346641707|24.586499776486363|0|null|2.3120953542065155|0|null|false|0|false
297.60|(11454.33,-.68)|(1.00,-.01)|11453.334607874549|24.586499776486363|11453|0|0|(11464.33,.00)|(11552.68,.00)|(11472.37,.00)|0.43|1.00|0.00|(11474.33,.00)|(1.00,.00)|11473.334607874549|24.586499776486363|0|null|2.314584709226186|0|null|false|0|false
297.65|(11456.30,-.66)|(1.00,-.01)|11455.303816986456|24.586499776486363|11455|0|0|(11466.30,.00)|(11554.65,.00)|(11474.33,.00)|0.43|1.00|0.00|(11476.30,.00)|(1.00,.00)|11475.303816986456|24.586499776486363|0|null|2.3196475470958458|0|null|false|0|false
297.70|(11458.27,-.63)|(1.00,-.00)|11457.272925897618|24.586499776486363|11457|0|0|(11468.27,.00)|(11556.62,.00)|(11476.30,.00)|0.43|1.00|0.00|(11478.27,.00)|(1.00,.00)|11477.272925897618|24.586499776486363|0|null|2.3273118724516575|0|null|false|0|false
297.75|(11460.24,-.59)|(1.00,.00)|11459.241885367961|24.586499776486363|11459|0|0|(11470.24,.00)|(11558.59,.00)|(11478.27,.00)|0.43|1.00|0.00|(11480.24,.00)|(1.00,.00)|11479.241885367961|24.586499776486363|0|null|2.3376039967362523|0|null|false|0|false
297.80|(11462.21,-.55)|(1.00,.01)|11461.210899769185|24.586499776486363|11461|0|0|(11472.21,.00)|(11560.56,.00)|(11480.24,.00)|0.33|1.00|0.00|(11482.21,.00)|(1.00,.00)|11481.210899769185|24.586499776486363|0|null|2.3487078673781605|0|null|false|0|false
297.85|(11464.18,-.51)|(1.00,.01)|11463.179751750473|24.586499776486363|11463|0|0|(11474.18,.00)|(11562.53,.00)|(11482.21,.00)|0.33|1.00|0.00|(11484.18,.00)|(1.00,.00)|11483.179751750473|24.586499776486363|0|null|2.361854439540391|0|null|false|0|false
297.90|(11466.15,-.45)|(1.00,.02)|11465.14841074415|24.586499776486363|11465|0|0|(11476.15,.00)|(11564.49,.00)|(11484.18,.00)|0.33|1.00|0.00|(11486.15,.00)|(1.00,.00)|11485.14841074415|24.586499776486363|0|null|2.3770584044908443|0|null|false|0|false
297.95|(11468.12,-.40)|(1.00,.02)|11467.117181018033|24.586499776486363|11467|0|0|(11478.12,.00)|(11566.46,.00)|(11486.15,.00)|0.18|1.00|0.00|(11488.12,.00)|(1.00,.00)|11487.117181018033|24.586499776486363|0|null|2.391825209814612|0|null|false|0|false
298.00|(11470.09,-.34)|(1.00,.02)|11469.085828902415|24.586499776486363|11469|0|0|(11480.09,.00)|(11568.43,.00)|(11488.12,.00)|0.18|1.00|0.00|(11490.09,.00)|(1.00,.00)|11489.085828902415|24.586499776486363|0|null|2.4078128455141323|0|null|false|0|false
298.05|(11472.05,-.27)|(1.00,.02)|11471.054343473746|24.586499776486363|11471|0|0|(11482.05,.00)|(11570.40,.00)|(11490.09,.00)|0.18|1.00|0.00|(11492.05,.00)|(1.00,.00)|11491.054343473746|24.586499776486363|0|null|2.425023073197252|0|null|false|0|false
298.10|(11474.02,-.21)|(1.00,.02)|11473.022956680028|24.586499776486363|11473|0|0|(11484.02,.00)|(11572.37,.00)|(11492.05,.00)|0.05|1.00|0.00|(11494.02,.00)|(1.00,.00)|11493.022956680028|24.586499776486363|0|null|2.441300643799855|0|null|false|0|false
298.15|(11475.99,-.15)|(1.00,.03)|11474.991523642433|24.586499776486363|11474|0|0|(11485.99,.00)|(11574.34,.00)|(11494.02,.00)|0.05|1.00|0.00|(11495.99,.00)|(1.00,.00)|11494.991523642433|24.586499776486363|0|null|2.458060803088397|0|null|false|0|false
298.20|(11477.96,-.09)|(1.00,.03)|11476.960042896448|24.586499776486363|11476|0|0|(11487.96,.00)|(11576.31,.00)|(11495.99,.00)|0.05|1.00|0.00|(11497.96,.00)|(1.00,.00)|11496.960042896448|24.586499776486363|0|null|2.4752950371615023|0|null|false|0|false
298.25|(11479.93,-.03)|(1.00,.03)|11478.928671791624|24.586499776486363|11478|0|0|(11489.93,.00)|(11578.27,.00)|(11497.96,.00)|-0.05|1.00|0.00|(11499.93,.00)|(1.00,.00)|11498.928671791624|24.586499776486363|0|null|2.491140466963059|0|null|false|0|false
298.30|(11481.90,.02)|(1.00,.03)|11480.897331197351|24.586499776486363|11480|0|0|(11491.90,.00)|(11580.24,.00)|(11499.93,.00)|-0.05|1.00|0.00|(11501.90,.00)|(1.00,.00)|11500.897331197351|24.586499776486363|0|null|2.506804735868271|0|null|false|0|false
298.35|(11483.87,.08)|(1.00,.03)|11482.866021352114|24.586499776486363|11482|0|0|(11493.87,.00)|(11582.21,.00)|(11501.90,.00)|-0.05|1.00|0.00|(11503.87,.00)|(1.00,.00)|11502.866021352114|24.586499776486363|0|null|2.522271639908698|0|null|false|0|false
298.40|(11485.83,.14)|(1.00,.03)|11484.834742541627|24.586499776486363|11484|0|0|(11495.83,.00)|(11584.18,.00)|(11503.87,.00)|-0.05|1.00|0.00|(11505.83,.00)|(1.00,.00)|11504.834742541627|24.586499776486363|0|null|2.5375250247691796|0|null|false|0|false
298.45|(11487.80,.19)|(1.00,.03)|11486.803590649708|24.586499776486363|11486|0|0|(11497.80,.00)|(11586.15,.00)|(11505.83,.00)|-0.17|1.00|0.00|(11507.80,.00)|(1.00,.00)|11506.803590649708|24.586499776486363|0|null|2.5506038248592318|0|null|false|0|false
298.50|(11489.77,.23)|(1.00,.03)|11488.772530763685|24.586499776486363|11488|0|0|(11499.77,.00)|(11588.12,.00)|(11507.80,.00)|-0.17|1.00|0.00|(11509.77,.00)|(1.00,.00)|11508.772530763685|24.586499776486363|0|null|2.562769254868417|0|null|false|0|false
298.55|(11491.74,.27)|(1.00,.03)|11490.741557383086|24.586499776486363|11490|0|0|(11501.74,.00)|(11590.09,.00)|(11509.77,.00)|-0.17|1.00|0.00|(11511.74,.00)|(1.00,.00)|11510.741557383086|24.586499776486363|0|null|2.5739993741770815|0|null|false|0|false
298.60|(11493.71,.31)|(1.00,.02)|11492.71066467471|24.586499776486363|11492|0|0|(11503.71,.00)|(11592.06,.00)|(11511.74,.00)|-0.17|1.00|0.00|(11513.71,.00)|(1.00,.00)|11512.71066467471|24.586499776486363|0|null|2.584273287917108|0|null|false|0|false
298.65|(11495.68,.34)|(1.00,.02)|11494.679849527773|24.586499776486363|11494|0|0|(11505.68,.00)|(11594.03,.00)|(11513.71,.00)|-0.23|1.00|0.00|(11515.68,.00)|(1.00,.00)|11514.679849527773|24.586499776486363|0|null|2.5924555073615596|0|null|false|0|false
298.70|(11497.65,.36)|(1.00,.02)|11496.64911699953|24.586499776486363|11496|0|0|(11507.65,.00)|(11596.00,.00)|(11515.68,.00)|-0.23|1.00|0.00|(11517.65,.00)|(1.00,.00)|11516.64911699953|24.586499776486363|0|null|2.5992601771273223|0|null|false|0|false
298.75|(11499.62,.38)|(1.00,.02)|11498.618453653842|24.586499776486363|11498|0|0|(11509.62,.00)|(11597.96,.00)|(11517.65,.00)|-0.23|1.00|0.00|(11519.62,.00)|(1.00,.00)|11518.618453653842|24.586499776486363|0|null|2.604666697868768|0|null|false|0|false
298.80|(11501.59,.40)|(1.00,.02)|11500.587836851575|24.586499776486363|11500|0|0|(11511.59,.00)|(11599.93,.00)|(11519.62,.00)|-0.25|1.00|0.00|(11521.59,.00)|(1.00,.00)|11520.587836851575|24.586499776486363|0|null|2.6083808400760997|0|null|false|0|false
298.85|(11503.56,.40)|(1.00,.01)|11502.557260586887|24.586499776486363|11502|0|0|(11513.56,.00)|(11601.90,.00)|(11521.59,.00)|-0.25|1.00|0.00|(11523.56,.00)|(1.00,.00)|11522.557260586887|24.586499776486363|0|null|2.610567057130814|0|null|false|0|false
298.90|(11505.53,.41)|(1.00,.01)|11504.526708111136|24.586499776486363|11504|0|0|(11515.53,.00)|(11603.87,.00)|(11523.56,.00)|-0.25|1.00|0.00|(11525.53,.00)|(1.00,.00)|11524.526708111136|24.586499776486363|0|null|2.611210208983302|0|null|false|0|false
298.95|(11507.50,.40)|(1.00,.01)|11506.496162336078|24.586499776486363|11506|0|0|(11517.50,.00)|(11605.84,.00)|(11525.53,.00)|-0.25|1.00|0.00|(11527.50,.00)|(1.00,.00)|11526.496162336078|24.586499776486363|0|null|2.6102976183214643|0|null|false|0|false
299.00|(11509.47,.39)|(1.00,.00)|11508.465605922102|24.586499776486363|11508|0|0|(11519.47,.00)|(11607.81,.00)|(11527.50,.00)|-0.25|1.00|0.00|(11529.47,.00)|(1.00,.00)|11528.465605922102|24.586499776486363|0|null|2.607819170800277|0|null|false|0|false
299.05|(11511.44,.38)|(1.00,.00)|11510.43502137352|24.586499776486363|11510|0|0|(11521.44,.00)|(11609.78,.00)|(11529.47,.00)|-0.25|1.00|0.00|(11531.44,.00)|(1.00,.00)|11530.43502137352|24.586499776486363|0|null|2.6037673954471505|0|null|false|0|false
299.10|(11513.40,.36)|(1.00,-.00)|11512.40439113929|24.586499776486363|11512|0|0|(11523.40,.00)|(11611.75,.00)|(11531.44,.00)|-0.25|1.00|0.00|(11533.40,.00)|(1.00,.00)|11532.40439113929|24.586499776486363|0|null|2.598137520316813|0|null|false|0|false
299.15|(11515.37,.33)|(1.00,-.00)|11514.373697717096|24.586499776486363|11514|0|0|(11525.37,.00)|(11613.72,.00)|(11533.40,.00)|-0.25|1.00|0.00|(11535.37,.00)|(1.00,.00)|11534.373697717096|24.586499776486363|0|null|2.5909274991471904|0|null|false|0|false
299.20|(11517.34,.30)|(1.00,-.01)|11516.342923758426|24.586499776486363|11516|0|0|(11527.34,.00)|(11615.69,.00)|(11535.37,.00)|-0.25|1.00|0.00|(11537.34,.00)|(1.00,.00)|11536.342923758426|24.586499776486363|0|null|2.582138005542962|0|null|false|0|false
299.25|(11519.31,.26)|(1.00,-.01)|11518.312052171961|24.586499776486363|11518|0|0|(11529.31,.00)|(11617.66,.00)|(11537.34,.00)|-0.25|1.00|0.00|(11539.31,.00)|(1.00,.00)|11538.312052171961|24.586499776486363|0|null|2.571772392067462|0|null|false|0|false
299.30|(11521.28,.22)|(1.00,-.01)|11520.28106622254|24.586499776486363|11520|0|0|(11531.28,.00)|(11619.63,.00)|(11539.31,.00)|-0.25|1.00|0.00|(11541.28,.00)|(1.00,.00)|11540.28106622254|24.586499776486363|0|null|2.559836612535961|0|null|false|0|false
299.35|(11523.25,.17)|(1.00,-.02)|11522.249949622857|24.586499776486363|11522|0|0|(11533.25,.00)|(11621.60,.00)|(11541.28,.00)|-0.25|1.00|0.00|(11543.25,.00)|(1.00,.00)|11542.249949622857|24.586499776486363|0|null|2.5463391067527215|0|null|false|0|false
299.40|(11525.22,.11)|(1.00,-.02)|11524.218686615204|24.586499776486363|11524|0|0|(11535.22,.00)|(11623.56,.00)|(11543.25,.00)|-0.25|1.00|0.00|(11545.22,.00)|(1.00,.00)|11544.218686615204|24.586499776486363|0|null|2.531290647898508|0|null|false|0|false
299.45|(11527.19,.05)|(1.00,-.02)|11526.18726204073|24.586499776486363|11526|0|0|(11537.19,.00)|(11625.53,.00)|(11545.22,.00)|-0.25|1.00|0.00|(11547.19,.00)|(1.00,.00)|11546.18726204073|24.586499776486363|0|null|2.5147041537322616|0|null|false|0|false
299.50|(11529.16,-.01)|(1.00,-.02)|11528.155661394028|24.586499776486363|11528|0|0|(11539.16,.00)|(11627.50,.00)|(11547.19,.00)|-0.25|1.00|0.00|(11549.16,.00)|(1.00,.00)|11548.155661394028|24.586499776486363|0|null|2.496594463698619|0|null|false|0|false
299.55|(11531.12,-.08)|(1.00,-.03)|11530.123870861244|24.586499776486363|11530|0|0|(11541.12,.00)|(11629.47,.00)|(11549.16,.00)|-0.25|1.00|0.00|(11551.12,.00)|(1.00,.00)|11550.123870861244|24.586499776486363|0|null|2.4769780849108693|0|null|false|0|false
299.60|(11533.09,-.16)|(1.00,-.03)|11532.091877340363|24.586499776486363|11532|0|0|(11543.09,.00)|(11631.44,.00)|(11551.12,.00)|-0.25|1.00|0.00|(11553.09,.00)|(1.00,.00)|11552.091877340363|24.586499776486363|0|null|2.4558729107870434|0|null|false|0|false
299.65|(11535.06,-.24)|(1.00,-.03)|11534.059668442871|24.586499776486363|11534|0|0|(11545.06,.00)|(11633.41,.00)|(11553.09,.00)|-0.25|1.00|0.00|(11555.06,.00)|(1.00,.00)|11554.059668442871|24.586499776486363|0|null|2.4332979168372315|0|null|false|0|false
299.70|(11537.03,-.33)|(1.00,-.04)|11536.027232476506|24.586499776486363|11536|0|0|(11547.03,.00)|(11635.37,.00)|(11555.06,.00)|-0.25|1.00|0.00|(11557.03,.00)|(1.00,.00)|11556.027232476506|24.586499776486363|0|null|2.409272838716875|0|null|false|0|false
299.75|(11538.99,-.43)|(1.00,-.04)|11537.9945584094|24.586499776486363|11537|0|0|(11548.99,.00)|(11637.34,.00)|(11557.03,.00)|-0.25|1.00|0.00|(11558.99,.00)|(1.00,.00)|11557.9945584094|24.586499776486363|0|null|2.383817838160314|0|null|false|0|false
299.80|(11540.96,-.52)|(1.00,-.04)|11539.961635816439|24.586499776486363|11539|0|0|(11550.96,.00)|(11639.31,.00)|(11558.99,.00)|-0.25|1.00|0.00|(11560.96,.00)|(1.00,.00)|11559.961635816439|24.586499776486363|0|null|2.356953162780364|0|null|false|0|false
299.85|(11542.93,-.63)|(1.00,-.04)|11541.92845480918|24.586499776486363|11541|0|0|(11552.93,.00)|(11641.27,.00)|(11560.96,.00)|-0.25|1.00|0.00|(11562.93,.00)|(1.00,.00)|11561.92845480918|24.586499776486363|0|null|2.328698805955299|0|null|false|0|false
299.90|(11544.90,-.74)|(1.00,-.05)|11543.895005951128|24.586499776486363|11543|0|0|(11554.90,.00)|(11643.24,.00)|(11562.93,.00)|-0.25|1.00|0.00|(11564.90,.00)|(1.00,.00)|11563.895005951128|24.586499776486363|0|null|2.2990741731193527|0|null|false|0|false
299.95|(11546.86,-.85)|(1.00,-.05)|11545.86128016056|24.586499776486363|11545|0|0|(11556.86,.00)|(11645.21,.00)|(11564.90,.00)|-0.25|1.00|0.00|(11566.86,.00)|(1.00,.00)|11565.86128016056|24.586499776486363|0|null|2.268097760725002|0|null|false|0|false
